0.53767,-1.9184,0.56972,-0.27792,-0.78423,-1.5805,-0.17928,-0.7466,1.2498,0.82512
1.8339,-0.13107,-0.96691,0.82594,0.48697,1.5955,-0.44709,-1.4164,-1.5879,-1.3249
-2.2588,-0.76863,-0.70852,3.4829,-1.0195,0.50428,-0.41269,0.86678,-0.033174,1.2783
0.86217,2.39,-0.087454,0.15385,1.2539,0.68875,1.6275,-0.62786,-0.46758,0.2244
0.31877,0.077246,-0.17193,0.32897,-0.56703,0.092639,-0.059181,1.7048,-0.51126,0.1931
-1.3077,0.37561,0.83479,0.4084,-0.0044646,0.74509,-0.80586,0.12947,-0.18035,0.80561
-0.43359,0.39556,-0.29472,-0.60698,-0.66698,-1.6702,-0.78599,-0.53271,-1.2715,-0.65928
0.34262,-0.1125,-1.0606,0.22956,-1.0689,1.2258,0.90169,-2.5587,0.66184,-0.72852
3.5784,-1.829,0.34486,-0.85818,-0.36591,-0.57094,0.91309,0.02318,0.84525,1.9464
2.7694,2.0915,0.26097,0.096763,-1.0351,-0.11487,1.4921,0.3882,-1.2267,0.43305
-1.3499,0.35909,2.4865,-0.76606,-0.62268,-0.92105,0.18264,0.26239,0.36679,-0.64062
3.0349,-0.79434,1.3921,-1.4467,-0.43726,0.38934,0.69287,-1.2844,-1.6732,-1.2295
0.7254,-0.22731,0.58858,-0.48751,-0.5845,0.514,-0.66006,-1.6055,1.9353,2.1879
-0.063055,1.5938,1.0716,2.236,-0.49581,0.11623,0.26151,2.0419,1.423,-0.26258
0.71474,0.15521,-0.24709,1.6014,-0.088734,0.66769,-0.45117,0.26036,-1.1773,-0.23651
-0.20497,0.1786,-1.7528,0.20138,0.50489,-0.80689,0.1618,0.78628,-1.7716,-1.6004
-0.12414,-0.33773,1.1187,-0.87546,-0.44271,-0.9206,-0.062526,-0.8406,-0.49395,-0.86742
1.4897,-1.525,0.12815,-1.7387,-0.34216,-0.70188,-0.88732,0.4129,0.92182,-0.51406
1.409,-0.70941,1.597,-0.49144,-0.37877,0.16991,-0.047052,1.6082,-2.5289,1.5363
1.4172,-0.86662,1.0068,-0.1118,-0.58248,-1.8062,-0.66959,-1.8351,-1.5429,-0.44911
0.6715,0.071481,0.84772,-0.52,0.42174,1.3939,0.8439,-0.23163,1.4682,0.14664
-1.2075,0.15562,-0.34525,0.5797,-0.007574,-1.2782,0.40869,0.35982,-1.0187,-0.13353
0.71724,-0.18219,0.8794,1.4623,0.1314,-0.026047,-0.56073,1.252,0.29411,-0.79108
1.6302,0.73102,-0.39432,0.55946,-0.60477,1.0744,-0.13763,-0.42674,-0.7088,-0.1275
0.48889,-0.34757,0.27084,0.8805,1.9844,-1.4722,1.0401,-0.73451,0.39634,-0.69943
1.0347,0.23442,-0.064452,0.37019,0.92911,-2.4049,0.3562,-2.7948,-1.0139,0.77674
0.72689,-0.86773,0.32481,-1.5106,0.7043,-1.0632,-0.63505,-0.67794,-0.34901,-1.1396
-0.30344,-0.98254,2.345,0.26368,-0.11904,-0.26319,1.1078,0.8198,1.0489,-1.0483
0.29387,-0.29357,-0.14404,0.36319,0.3716,1.3806,-1.5916,-0.95732,1.9101,-0.53887
-0.78728,0.82447,-0.40089,-1.6822,-0.06914,0.9379,-1.9681,-0.10016,-0.9864,-0.33323
0.8884,0.19413,1.3155,0.068844,0.58832,1.0081,0.86043,0.72319,0.013221,-0.76332
-1.1471,0.29769,-0.6735,0.92265,-0.81509,-2.1122,-0.28249,-1.4958,-0.63514,-0.0042827
-1.0689,-0.71013,-0.035148,-2.1908,-1.3862,-0.16515,-0.28526,0.62361,1.3056,0.00070214
-0.8095,-0.68767,-1.2339,-0.24333,1.162,-0.3221,0.91344,0.66717,-1.1853,-0.75916
-2.9443,0.57284,0.32034,0.056582,-1.8118,0.42438,-1.6238,0.043866,-0.4143,-1.0718
1.4384,0.44522,0.51493,0.70903,1.1662,2.006,-0.052129,1.9253,0.72471,1.7608
0.32519,-1.326,0.56938,1.9046,-0.11415,0.36263,-0.5429,1.0564,-0.67775,1.2251
-0.75493,-1.4999,-0.0040167,0.092839,-0.36858,0.17655,0.46642,-0.54479,-0.32084,0.27542
1.3703,1.016,0.61175,-0.042978,0.98693,0.67466,1.2014,-0.66174,1.6366,-1.052
-1.7115,-0.027516,-0.49017,0.050827,-0.75252,-0.69094,0.16438,-0.71961,-2.3538,0.13
-0.10224,-0.16045,-1.7272,0.98126,0.78051,0.11347,-1.1959,0.22202,-0.13213,1.575
-0.24145,0.37884,-0.55729,-2.3629,0.97449,-0.90172,-1.094,0.29364,1.0916,-1.5887
0.31921,-0.10716,0.80213,-0.78443,0.0562,0.38918,-0.51386,-0.89057,-0.67403,-1.0414
0.31286,0.21284,1.5039,1.1407,-0.89854,0.075301,0.72869,2.0066,-0.34521,-0.38977
-0.86488,0.46806,0.91966,0.4296,0.25511,-1.088,0.19344,0.42573,-0.85026,0.74363
-0.030051,-1.6161,-0.55725,0.51597,0.5857,-1.1806,-0.39347,1.8994,1.9841,-0.066556
-0.16488,0.014738,0.34865,0.90519,-0.76095,-1.4954,-1.1123,0.80353,-0.37929,-1.5968
0.62771,-0.037764,-1.0885,-0.078482,-1.8728,-1.4261,-0.014479,-1.0624,-0.79331,1.087
1.0933,0.40381,0.60064,-2.2056,-0.17741,-0.19997,0.31909,-1.9578,0.42291,-2.6191
1.1093,0.30525,0.41302,2.0787,0.1671,0.011223,-0.27908,-0.21041,-0.31391,0.91483
-0.86365,-1.2431,-1.5243,-0.54446,-0.20961,-1.4797,-0.47981,0.84758,0.84191,1.4283
0.077359,0.13186,-0.31112,-1.2036,0.79225,0.64551,-1.3704,1.4128,1.2169,0.6979
-1.2141,-0.99948,1.6368,-0.64487,0.34224,-0.49805,0.21489,0.19375,0.63246,-0.84137
-1.1135,-0.35421,-2.0025,0.22076,-1.8006,2.0993,-0.40624,-1.3779,-0.26108,0.43738
-0.0068493,0.10559,-0.65613,-0.25916,-1.0128,0.60673,-0.63174,0.64334,1.3243,0.87491
1.5326,0.95543,-1.572,0.25426,0.078833,-0.2569,1.6361,0.17939,-2.576,-1.7637
-0.76967,0.4648,-1.0511,0.12478,1.1091,-0.80519,1.8118,-0.51774,-0.58448,-2.2405
0.37138,0.26671,-1.6538,0.08757,-1.1006,-0.049602,0.84765,-0.044487,0.61456,1.1327
-0.22558,-1.4232,0.36942,1.1375,0.10926,1.7951,-1.5397,-0.50613,1.5545,-1.4019
1.1174,0.11106,-0.93618,0.076613,-0.17859,-0.91168,-0.12769,-0.29465,-0.36395,0.071
-1.0891,1.1729,0.098282,1.1205,0.60961,-0.84379,0.52652,0.58819,0.83006,-0.58267
0.032557,-2.1156,0.63028,-0.3232,0.50025,-1.3068,0.60329,-1.4843,0.94223,-0.018015
0.55253,0.46216,-0.32148,-0.36746,0.84021,-1.587,0.97782,0.85735,-1.4854,-1.3921
1.1006,-2.4599,0.62767,0.0027623,0.35571,-0.89873,0.46965,-0.97413,-0.80399,-0.46259
1.5442,-0.30486,-0.21163,0.52189,-0.91144,1.5872,0.14822,1.6025,-0.52286,0.035449
0.085931,0.39823,-0.28802,0.32215,-1.6653,-0.32282,-0.18766,-1.0832,-0.83433,-0.18909
-1.4916,-1.7058,0.3421,0.57446,-0.50397,0.25134,-1.798,-0.60964,0.35586,0.80931
-0.7423,0.75941,0.97972,-0.50271,0.71824,3.195,-0.82789,-1.0795,-0.3538,1.714
-1.0616,0.20324,-0.34268,1.807,1.5031,-1.9115,0.88472,-0.21085,0.59575,-0.43806
2.3505,0.95868,1.6472,1.0365,1.4457,-0.29798,1.0139,1.1973,-1.7015,0.22284
-0.6156,0.48683,-1.2442,-1.5516,0.54579,2.0208,-0.72368,-1.5382,-0.66386,-0.067904
0.74808,-0.4459,-2.1247,-1.1251,0.096769,0.28087,-1.1618,0.24696,0.104,-0.31903
-0.19242,0.32567,0.22555,-1.9,-0.9485,0.6229,0.20277,-0.014128,1.6582,0.51591
0.88861,-0.020098,-2.3211,-0.43201,0.12966,-0.12101,0.20902,-0.42382,-0.74319,-1.3393
-0.76485,-1.8885,-2.8975,-1.1422,-0.14168,-0.44941,0.5259,-0.91349,1.3478,1.5495
-1.4023,0.33836,-0.16214,-0.55164,2.453,0.41007,1.052,-1.0278,-0.58313,0.34188
-1.4224,0.33781,0.11427,1.8738,-1.2982,-1.073,0.44675,2.1833,-0.54616,-1.8826
0.48819,0.42433,-0.41901,0.49817,-0.73791,-1.0678,1.0604,-1.2247,-1.0457,-0.19321
-0.17738,0.11287,-0.36043,0.83474,-1.9519,-1.7367,-0.10452,-0.35894,0.83046,0.34739
-0.19605,-0.11827,0.45446,-0.76482,-0.6952,1.2038,0.8929,-0.55113,-0.54567,-1.0429
1.4193,-2.6863,-0.47751,0.8572,1.1216,1.4096,-0.10286,-2.0587,2.3064,2.0568
0.29158,1.5484,0.11854,1.1612,-1.0171,0.64977,-0.15583,-0.56647,2.1848,-0.79017
0.19781,-0.92438,-0.41919,-0.67473,2.1471,0.51696,-1.9104,-1.4191,-0.050856,-1.3293
1.5877,-0.7204,-0.48455,-0.44633,-0.39533,0.36389,-0.87182,-2.1628,-0.020049,0.53931
-0.80447,0.83351,1.7519,-0.47216,-1.234,-0.24109,1.0533,0.51447,-0.91519,-0.71547
0.69662,-0.56649,1.8812,0.8821,-0.98716,0.086236,0.34453,-0.83083,-1.096,0.051493
0.83509,-0.99915,0.18039,-0.86113,-1.2439,-0.47408,0.25597,0.55985,-0.35241,0.16768
-0.24372,0.64127,0.79631,0.18045,-1.5256,-1.518,0.82343,0.47224,-1.63,0.84656
0.21567,-0.25395,1.2543,-0.24416,-0.69652,0.93194,-0.54022,1.0961,0.048013,-0.37287
-1.1658,-1.1217,-1.5853,2.0082,0.6276,0.88269,-1.3815,-1.1777,0.45973,0.76724
-1.148,1.6479,-2.4203,0.19284,0.49471,-0.53073,1.0631,0.09743,0.12363,-0.76496
0.10487,-0.30668,1.1855,0.60667,-0.20916,-0.10366,0.41095,-1.256,-1.8544,-0.89187
0.72225,-0.77404,0.044885,-1.3227,-2.2445,0.09945,-1.3796,-0.69425,-1.4124,0.55553
2.5855,-1.3542,-1.4419,1.0808,0.029726,-0.50906,-1.5432,1.3073,-1.6359,-0.030537
-0.66689,-0.32593,0.69047,-0.78452,0.21551,0.60766,-0.065563,-0.047647,1.266,-1.0365
0.18733,1.5532,0.73163,0.1418,1.0086,-2.0694,-1.0061,0.964,1.1158,0.5919
-0.082494,0.62813,1.8916,-1.4499,0.70063,0.52005,0.66018,-0.28001,-0.43763,1.2488
-1.933,-1.0275,-0.21713,-0.39222,-2.108,1.3841,0.62685,-0.99719,0.74443,0.28218
-0.43897,-0.20194,-0.20895,-0.93018,-0.86187,-0.42879,-1.0878,1.469,1.4365,0.31786
-1.7947,0.86107,-1.1388,-0.99157,0.95662,-1.0458,-0.19749,0.71668,-2.4532,-1.3857
0.84038,1.5582,-2.5854,-0.24088,-2.5216,-0.60687,-0.74816,-0.32779,-0.20593,0.89729
-0.88803,-0.12968,-0.70974,0.04163,-0.40535,-0.54764,-0.43077,0.75085,0.46692,0.44698
0.10009,-0.81777,1.1379,1.5213,-0.44268,0.7775,-0.053171,0.75776,-0.39336,0.87241
-0.54453,0.28851,-1.0808,-1.3086,-1.0117,-0.58726,-0.73874,-0.14775,-1.4355,-1.5741
0.30352,-1.1314,0.23222,-1.7596,-0.66911,1.1993,2.7744,-0.18396,1.4131,1.6894
-0.60033,0.88132,-1.4823,-1.142,-1.2752,-0.90021,1.2605,0.83358,0.0065409,2.1808
0.48997,-0.94421,1.4495,-0.75298,-1.1059,0.2637,2.5197,0.20335,-0.19768,0.4041
0.73936,-0.62159,1.2783,0.030004,-1.4356,-1.5251,-1.0072,-0.15889,-0.14459,2.1968
1.7119,-1.9911,-0.86192,-0.48925,-0.063082,0.032158,-0.19332,-0.83108,-0.23671,1.0494
-0.19412,-0.95195,-1.0566,3.3458,0.060582,0.92891,-0.29961,-0.026085,0.10939,0.71581
-2.1384,0.25795,0.96673,-0.067291,-0.66919,-1.0319,-0.75198,1.6591,0.63796,-0.65486
-0.83959,1.1982,1.0646,0.4274,0.21008,0.50745,-2.5782,1.3084,-0.91276,0.72298
1.3546,1.109,0.91301,-0.57377,-0.56808,0.32517,0.19783,0.94443,-0.25021,1.5892
-1.0722,-1.6127,0.026659,0.45741,1.7625,-0.072196,0.014328,-0.61161,0.37219,-0.56829
0.96095,-0.35663,0.31238,-0.184,1.7106,0.003928,0.41971,-0.70866,1.3658,-0.1949
0.12405,-0.0086165,0.46792,-1.7996,-0.41256,1.0278,1.127,1.1139,-0.03046,1.297
1.4367,-0.014614,-0.43009,-0.65611,-0.55775,-0.73217,0.288,0.25049,0.78548,0.50872
-1.9609,0.21709,1.9548,2.2252,-0.45092,0.39891,1.5409,-0.5269,1.669,-0.88883
-0.1977,0.18019,-0.93377,0.31709,-0.12666,-1.4423,-0.5107,-0.72865,-0.26943,1.9831
-1.2078,-0.52052,-0.73837,1.2406,-0.70394,-0.77646,0.94605,0.77155,1.103,-0.95644
2.908,-0.23958,0.029368,0.58913,1.0661,-0.67816,0.41316,-0.75018,0.92526,0.28912
0.82522,-0.69302,0.081517,-1.3676,-1.2103,-0.44059,-0.26659,-1.1017,-0.046075,-1.3987
1.379,-0.68491,-1.0833,1.1454,-1.0841,-0.72378,-0.93355,0.93687,-1.5062,0.79959
-1.0582,0.9326,-1.278,0.71398,0.25617,0.83651,0.1564,-0.38905,1.2876,0.95543
-0.46862,-1.2086,-0.73398,-1.4193,-0.37038,-0.030267,1.9628,-0.76069,-0.041465,-1.2287
-0.27247,-0.36079,-0.36881,-0.88442,0.23784,-0.43347,0.33875,-0.9902,-0.016528,-1.7838
1.0984,-1.1824,-0.02328,-0.65601,-0.11476,-0.27667,1.2384,-0.27594,-1.4108,-0.89063
-0.27787,0.64466,-1.3001,-1.1895,-1.065,0.013762,0.9458,-2.4004,-0.54992,0.08447
0.70154,-1.0888,-0.70681,0.0063397,0.31189,-1.5357,-0.31947,-1.951,-1.6277,-0.43129
-2.0518,-1.6985,-0.47487,0.98773,-0.14007,0.20332,-1.8403,1.8905,0.14379,-0.7241
-0.35385,-1.2904,-1.0666,0.72154,0.57934,0.21004,1.6606,-0.069879,0.4198,0.91566
-0.82359,0.54563,0.99455,-1.9677,-0.77983,0.054645,-1.201,0.89676,0.6906,0.69927
-1.5771,2.1353,0.51505,-0.48072,0.66266,-0.36658,-0.9795,-1.0281,-0.15637,-2.1731
0.50797,-0.57686,-0.34951,-1.8885,1.3677,-0.12878,-0.54493,1.0784,-1.42,1.079
0.28198,0.82519,1.5856,1.8427,-0.78776,-1.6254,-2.2194,-1.4579,-0.34567,0.4463
0.03348,1.6131,1.1592,-0.51749,1.5106,-0.060923,1.8846,-1.4192,1.8713,1.6796
-1.3337,1.2159,-0.1383,0.5465,0.27849,-0.66868,-0.16691,0.94721,-0.7257,-1.2163
1.1275,1.6139,1.0269,0.29322,1.2298,-0.70355,-2.3449,-0.71891,-0.39361,-0.36333
0.35018,-0.59994,-0.21958,0.99017,-0.38775,-0.35565,-0.29229,-0.238,1.0308,-0.79155
-0.29907,1.0401,-0.47646,0.72238,2.0122,-0.27136,0.094318,-0.15998,0.51257,0.51853
0.02289,-0.24441,-0.84976,-0.97881,0.42708,0.33258,1.0343,-1.828,-0.19955,-1.0246
-0.262,-1.4851,1.3366,-0.069069,0.32001,-1.0756,-2.5335,1.9995,1.2057,0.82249
-1.7502,-0.35618,1.5455,0.16426,-1.3736,0.36085,1.2291,-0.20584,0.42905,-0.7958
-0.28565,0.35452,1.0729,-1.8106,0.97185,0.74527,1.1089,1.5717,1.2203,0.42045
-0.83137,1.8349,-0.13759,1.5516,1.2488,-0.21988,0.63027,0.75556,-0.65417,-0.45009
-0.97921,0.89769,1.3495,-0.69536,-0.72414,-1.7089,0.90271,1.3535,0.99442,-0.89247
-1.1564,0.2523,-0.10518,0.68765,-0.80438,0.0601,1.6747,0.090345,-0.59362,-1.9169
-0.53356,0.98403,0.21118,0.97506,0.1037,-0.77207,0.65397,1.1902,0.42181,-0.4048
-2.0026,-0.51456,-0.032771,0.13221,1.484,0.49891,-1.4499,-0.78422,0.41216,-0.27886
0.96423,-1.3107,-0.43652,0.24197,0.66073,-0.37796,0.65882,0.82215,-0.37661,0.40236
0.52006,-0.68732,0.27879,1.4233,-0.94905,-1.4439,-0.13806,-1.2622,1.1748,-1.7125
-0.020028,-1.1855,0.25916,1.2617,1.0595,-0.99067,0.096898,-1.6737,1.4706,0.61225
-0.034771,0.98239,-1.0162,-0.86192,0.18858,-0.73186,-0.46361,-1.0214,-0.39937,1.1718
-0.79816,-0.13535,0.15269,-0.94708,-0.54421,-0.82605,-0.19817,-0.80278,0.67953,1.0238
1.0187,-1.19,2.6412,2.6217,1.641,0.34391,0.037789,0.11463,-0.63129,0.70534
-0.13322,-0.20731,0.49634,-0.61918,0.17893,-0.22661,-1.5663,0.87789,-0.52984,-0.27445
-0.71453,-0.84562,1.4665,-1.0646,0.17783,1.6044,1.203,-0.30304,-1.3207,-2.2539
1.3514,-0.3143,0.28895,-0.48718,-0.61846,1.7526,-1.4168,1.595,-0.42262,0.10425
-0.22477,1.4243,-0.38472,-0.11459,1.3453,-0.1071,0.65437,-1.643,-0.17729,0.8842
-0.58903,1.4915,-0.20661,0.30071,-0.50106,0.34943,1.2547,-0.29729,-1.6378,0.35131
-0.29375,-0.74405,-1.4216,-0.40885,-1.8629,0.29635,0.65514,0.28729,1.5263,0.17837
-0.84793,-0.37438,-0.77694,0.11373,-0.58932,-0.73414,-0.81515,-1.0287,-1.1518,-1.0795
-1.1201,0.42411,0.83501,-0.0946,-1.6155,-0.010074,0.5619,0.61895,-0.38814,1.0287
2.526,0.11412,0.57092,0.78295,-0.32519,0.47241,-0.096529,-0.84081,-0.88777,1.604
1.6555,-0.5111,-0.17625,1.8999,1.7271,-2.2343,-0.83043,-0.00019428,1.666,1.5591
0.30754,1.0223,2.7719,-1.0088,-0.2797,0.062451,-2.8432,-1.283,-0.87601,-0.45185
-1.2571,-1.4192,1.7594,0.085105,0.58043,1.2093,-0.63768,-0.2812,-1.2965,1.1681
-0.86547,2.5467,-0.027663,0.80353,1.4891,-1.0088,1.2775,0.71602,0.73567,-0.42509
-0.17653,-0.35796,-0.1388,0.39825,0.023274,-0.40718,-0.20661,-0.44537,-0.86413,-0.26272
0.79142,0.40132,0.6701,0.41012,-0.26735,0.98449,0.39992,1.2219,2.9077,-0.39945
-1.332,-0.70619,-0.53181,0.85515,-0.3428,0.63766,-0.67995,-1.1859,-1.5285,-0.74018
-2.3299,-1.0207,1.0867,0.46469,-0.2026,-2.7295,0.19594,0.76402,0.39565,0.77573
-1.4491,1.134,0.2401,-1.0363,2.3891,1.2106,-0.12919,0.64744,-0.5932,1.7664
0.33351,0.038545,0.49613,-1.4776,-0.80812,0.40037,0.45513,-1.5561,-0.89028,-0.9925
0.39135,0.23091,-1.193,-0.22577,-2.1329,-0.082486,-0.3232,0.87929,0.045743,-1.4436
0.45168,0.12573,0.15486,1.5305,0.016626,-1.477,-1.7581,0.47755,1.5862,-0.15858
-0.13028,0.69629,0.32949,-0.47037,1.0177,1.3147,1.6575,-2.6057,0.00097482,0.42432
0.18369,1.7395,-1.3645,0.049864,-0.48012,2.3775,0.072405,1.6435,-0.59182,-0.37531
-0.47615,0.66538,-1.2115,-0.50319,-1.0146,-0.85092,1.5617,-0.41759,-0.65224,-0.19188
0.86202,0.68753,-1.1164,-1.4636,0.60514,1.381,1.6449,1.6205,-0.16742,2.1576
-1.3617,1.239,0.7326,1.1442,0.57889,-1.0794,-1.2724,0.742,-0.36555,-0.25001
0.45503,0.89866,0.71626,0.79787,-1.9378,-0.95364,-0.16976,0.82019,0.32073,-0.51365
-0.84871,-1.1501,-1.7858,-0.094386,0.44741,-0.36607,-0.0088017,-0.36499,2.2607,-0.069006
-0.33489,-0.26418,0.12278,-0.5769,-0.77143,-1.2388,0.62542,-1.4685,0.42719,-0.27066
0.55278,-1.6252,-1.6233,0.99462,1.8186,0.49888,0.16905,-3.0801,-0.72943,-1.6503
1.0391,0.58164,0.021181,-1.352,0.68508,0.15469,0.46129,-0.57949,-0.04461,0.55384
-1.1176,1.9025,0.39851,-0.32561,0.04624,0.66484,1.298,-0.54637,1.6896,0.52154
1.2607,1.5801,-1.9692,0.56775,-0.72675,-0.84353,-0.1293,-0.24456,-0.11343,1.9546
0.66014,0.92103,1.3296,-0.75987,-0.15498,1.0822,0.42532,0.33392,1.2702,-0.92519
-0.067866,-0.9379,-0.06818,-0.11395,-1.527,-0.28213,0.68968,-1.4408,0.29132,0.18932
-0.19522,-0.73719,-1.2056,0.99106,-0.48059,-1.2372,-0.71988,1.3619,1.1739,-0.34567
-0.21761,0.17978,2.4356,1.1262,0.12785,-1.3278,0.025003,-0.24609,-0.13016,0.65158
-0.30311,-0.13183,1.9172,0.49943,1.3798,0.56847,-1.1911,1.2354,-0.69919,0.52981
0.023046,0.86793,0.38383,-0.23239,-0.59099,-0.86444,-2.0903,-2.152,0.68939,-2.7786
0.05129,1.3144,-0.19631,0.16427,0.93094,0.59444,0.40692,-3.4387,0.98564,-1.096
0.82606,-0.25112,0.99528,-0.88532,-0.75526,-0.30235,0.71793,-0.67344,0.29283,0.31278
1.527,-0.07176,0.88544,1.9616,0.81237,0.010698,0.75823,-0.34354,-1.5382,-0.021997
0.46691,1.0952,-2.4242,-0.20901,1.2805,0.9401,1.0339,-0.36812,0.75298,0.083062
-0.20971,0.48928,-0.91517,-0.44759,-0.46761,0.68974,-0.11352,0.86649,-0.28197,0.56356
0.62519,-1.6802,-1.4433,0.69877,0.28701,0.52747,0.044449,0.11185,1.3692,1.201
0.18323,-0.81153,-0.51983,-0.14892,-0.41674,1.7809,-0.36543,-0.26446,-0.27502,-1.5173
-1.0298,-0.75222,1.1072,0.73033,-0.53798,-0.91996,0.49831,-0.3804,0.47077,0.066367
0.94922,-1.3259,-1.5022,-0.54036,0.33437,-0.19061,1.4756,-1.1848,0.31265,0.94724
0.30706,-0.18148,-0.44389,1.284,2.777,-1.1425,0.9237,1.8442,-0.11427,1.2479
0.13517,0.13142,0.67342,0.608,0.7006,-0.080367,0.31977,-0.76773,0.097416,1.1056
0.51525,1.3938,-3.0073,0.18426,0.56218,-0.265,2.3842,0.61479,1.4129,1.1695
0.26141,0.70621,1.4872,-0.36603,0.22766,0.8912,1.6762,-1.0094,2.2595,-0.75973
-0.94149,1.1628,-2.0986,-2.1036,-0.45435,-0.83917,-1.182,-0.79429,-0.38714,-0.64544
-0.16234,-0.75369,-0.11596,-1.3149,-1.5648,-1.0802,1.0867,-1.492,-0.34123,-0.24814
-0.14605,0.32192,-0.23748,0.49722,0.14495,0.5928,-0.07531,1.426,-1.3926,-0.19423
-0.53201,1.6357,0.13695,-0.84285,1.3465,-1.9974,0.42082,-0.57628,-1.9501,-0.59104
1.6821,-0.64779,0.68401,-2.2187,-0.71221,1.7249,-0.052016,0.80225,-1.6111,-0.31754
-0.87573,0.67326,-1.5536,0.62215,0.27719,0.23998,-0.54207,-1.944,2.2474,0.17841
-0.48382,1.2736,1.2278,-0.49212,-0.07673,-0.61936,-1.0677,-1.4623,0.16905,0.58678
-0.712,-1.0398,-0.034931,1.0786,1.412,0.76612,-2.2349,-0.68109,-0.15352,1.313
-1.1742,0.48795,0.17644,0.84618,-0.43659,1.2183,0.77677,0.32641,-0.21493,-0.17798
-0.19224,-0.90675,-1.189,-0.19034,1.3394,-3.1466,-1.5123,0.51746,-1.2691,-2.0587
-0.27407,-0.4747,-0.049395,-0.60378,0.054228,0.084045,0.7611,2.8436,-1.2982,-1.3328
1.5301,-0.66609,0.34673,-0.85341,0.94313,-0.58107,-0.16862,-0.95684,-0.37915,-1.9665
-0.24902,-0.50202,0.10756,1.0054,-0.91409,-0.43661,0.092584,-0.70033,0.79985,1.3818
-1.0642,-0.30889,0.4743,0.12859,-0.57944,0.97781,-0.3358,0.13796,0.050902,-1.2666
1.6035,-0.8369,-1.2256,1.2366,-1.1767,-0.85484,1.1423,0.67601,-2.1257,1.7714
1.2347,-0.62832,-2.2547,0.49985,-0.7251,1.6477,1.1905,0.9396,-1.0328,-1.2322
-0.22963,0.5009,-0.093508,1.2986,0.16243,0.16525,0.76995,-0.66371,-0.28327,0.99454
-1.5062,1.6703,-1.1164,0.54905,-0.16306,-0.81139,-0.039676,-1.1874,0.78669,-0.78935
-0.44463,-1.5417,-0.11083,0.70311,-0.84598,0.57527,0.84635,-1.3219,-0.78874,1.6282
-0.15594,-0.27201,0.36205,0.9925,1.334,-0.60921,-1.2932,0.2316,-0.40571,-0.74509
0.27607,0.34165,-1.4463,-2.849,-0.36782,-1.3917,1.3156,-1.3281,1.6249,-0.61008
-0.26116,0.48437,-1.7908,-0.43874,0.11132,-0.60862,-0.80504,-0.28367,-2.0385,-0.2279
0.44342,0.95268,-0.96511,-0.36545,-1.3011,-0.34452,0.615,0.10675,0.17024,-0.10312
0.39189,0.13135,-0.87367,-1.1955,-0.15546,0.46705,-1.0253,0.52604,0.23623,-0.42996
-1.2507,-1.7419,-0.22566,-0.090176,0.52244,-1.9711,-0.4253,-1.2546,-1.5242,-0.093219
-0.94796,0.66776,-0.28515,-0.63746,-0.91891,1.1012,-0.47932,-0.85911,0.65658,0.089423
-0.74111,0.89816,1.0172,1.2642,0.23048,2.3954,-0.91901,1.4162,-0.086185,-1.3693
-0.50782,-0.54932,-0.14851,-0.49138,-0.13772,0.11741,0.52653,-0.47568,-0.34303,-1.0745
-0.32058,-0.3175,0.73721,-1.7178,-0.91968,-0.06311,0.16048,-0.69158,0.59378,-1.4563
0.012469,-0.58269,-0.26683,1.6753,0.91328,1.1576,-0.047878,1.3481,2.5541,0.49135
-3.0292,-0.16421,-1.3092,-0.3203,0.21358,1.5381,-0.31772,1.1145,-0.56838,0.98142
-0.45701,-0.93513,0.70611,-1.3482,-0.88405,-2.152,-0.10336,1.577,0.18024,-0.048159
1.2424,1.1881,-0.73562,-1.4821,-0.38729,0.90919,0.92106,0.17627,-1.3874,1.0852
-1.0667,-1.2128,-1.5867,-0.15119,0.32153,-1.0236,-0.14695,-0.12042,-0.33012,-0.90805
0.93373,-0.38118,0.47637,0.51124,-1.8913,-1.4824,1.0997,0.22147,-0.29807,-0.032384
0.35032,1.3227,0.5953,-1.3487,-0.76017,0.47616,0.51565,1.0592,-0.0085873,1.49
-0.029006,0.38535,0.45747,-0.11628,0.21105,-0.80439,1.1533,-1.2613,0.10903,1.1196
0.18245,-0.36182,-0.74859,0.32728,0.19156,0.060463,-1.6914,-1.121,1.0023,1.5586
-1.5651,-0.42638,0.020081,1.9108,0.32251,-0.52558,-0.53741,0.79128,1.5718,0.84644
-0.084539,0.38714,-0.78796,-0.52858,-0.43237,0.013278,1.3441,-1.0065,-1.6264,-0.12042
1.6039,0.90278,0.11364,-0.57707,0.48702,-0.018125,-0.79963,1.0767,-0.98624,0.88802
0.098348,0.71778,-0.45674,-0.09648,-0.45198,0.6207,0.62286,1.0884,-0.23107,-2.2373
0.041374,1.7361,0.68668,2.173,0.54396,-1.2154,1.3197,1.2473,-1.2129,0.67191
-0.73417,-1.0088,-0.19742,-0.50576,-1.3162,0.80662,-1.4194,0.11937,-0.46313,0.6505
-0.030814,-0.18004,-0.48232,-0.69058,1.8921,0.20732,0.51639,-0.47219,-1.8035,-1.3472
0.23235,-2.0265,0.20148,0.14594,-0.59815,-1.4562,-1.1087,0.21445,0.002738,-0.11929
0.42639,0.40894,-1.2898,0.26416,-0.5141,0.9585,-1.6072,-0.15326,0.96791,-0.85684
-0.37281,0.73433,-0.2192,0.9716,-0.71743,0.58998,0.51918,-1.2917,-0.13775,0.2229
-0.23645,0.081967,-1.1757,0.13706,-1.0555,1.5325,-0.68406,-0.24056,0.73176,0.56429
2.0237,-1.6865,-0.53359,1.1196,1.1458,1.0697,-1.3156,0.54575,0.99178,0.64059
-2.2584,-2.0617,1.0827,-0.046094,-0.95419,-0.24266,-0.66075,1.8053,-0.69243,0.43315
2.2294,1.8209,0.23129,0.65133,-0.25303,-2.0573,1.4809,-2.1811,0.58087,-2.4116
0.33756,-1.2491,-0.44609,0.68002,0.15608,0.56787,-0.94181,0.44147,-1.3815,0.51683
1.0001,0.93632,0.39119,-0.087424,0.71531,-1.1054,0.97248,0.82752,0.19168,0.76766
-1.6642,-0.17156,0.28845,1.5576,2.0784,0.15111,1.1317,0.26922,-0.46807,0.38349
-0.59003,-0.078369,-0.40665,1.0404,0.079959,-0.62066,-0.98884,1.1252,0.82992,0.41625
-0.27806,-0.61037,-1.2618,-0.59613,-1.269,0.56469,-0.66048,1.3911,0.88336,0.41924
0.42272,0.56888,1.7945,1.0574,2.6712,-0.25096,-2.5468,-0.41388,-0.84971,-0.22269
-1.6702,-0.1572,0.050034,0.83497,-0.4882,-0.79753,-0.45278,-0.52854,-0.62719,-0.93277
0.47163,-1.0685,1.6467,-1.0419,-0.60705,0.74486,0.86061,0.79474,-0.40194,0.22275
-1.2128,-0.31252,-0.047107,1.1968,-1.1146,-1.6762,0.20654,-0.01358,1.1192,-0.10525
0.06619,-0.017123,1.2362,-1.4345,-2.0065,-1.174,-0.63174,-0.39594,-0.96815,0.18089
0.65236,-0.13233,0.59468,-0.10577,0.1439,1.8056,-0.65097,0.41236,0.53456,-0.062721
0.32706,0.44469,-0.0074034,-0.53668,-0.037238,0.47859,1.0727,0.35158,-1.1971,-1.641
1.0826,0.40174,-1.6006,-0.054836,1.6645,-1.2566,-1.3329,-0.12257,0.67412,-0.12564
1.0061,-2.5142,-0.73838,-0.52366,-0.63728,0.31292,-0.40499,-0.16488,0.66077,0.31717
-0.65091,-0.78849,-0.35071,-0.57994,0.47862,0.63848,-0.66406,0.50854,0.16625,0.40522
0.25706,-0.11402,0.98264,0.9012,1.7248,-0.050758,-0.93171,0.14026,-0.55453,0.37959
-0.94438,0.47414,0.91201,0.088226,0.51397,2.505,-0.93283,0.21496,0.0040258,0.72045
-1.3218,0.68492,0.27475,0.71138,0.24489,-2.0372,-0.69998,-0.79975,-0.082528,1.6663
0.92483,0.53977,-0.076285,0.77149,0.25082,-0.47101,-0.94144,-1.3338,0.092116,-2.0365
4.9849e-05,-0.38045,0.51434,1.2392,-0.031819,0.52538,-0.007915,-0.52545,-1.1087,-1.9216
-0.054919,1.4431,-0.54397,-0.56976,0.56072,2.792,0.44538,0.12034,-0.39283,0.29469
0.91113,-0.8093,1.0284,-0.64886,-0.18038,1.7597,0.61814,0.40672,-0.40776,0.53331
0.59458,-1.4712,-0.72238,0.34642,-0.7561,0.59523,-1.2045,1.0406,0.7505,0.65931
0.3502,0.42542,-1.4767,0.33224,0.088746,-1.0961,-0.34944,-0.32234,0.95536,1.1491
1.2503,0.96419,-0.12776,1.5549,-0.049047,-0.15678,0.050352,1.3405,-1.3024,1.125
0.92979,0.97042,-1.4944,0.45188,1.2683,0.19143,-1.0889,0.18688,-0.50052,-0.077652
0.23976,0.52231,0.31025,0.18811,-1.8556,-0.28551,0.11951,-1.8822,-1.8852,-0.12611
-0.69036,0.87478,1.2535,0.15191,-0.83806,-0.37248,-0.86343,-2.02,1.4601,-0.74423
-0.65155,0.15807,-1.4026,-1.0077,-1.1145,0.58091,-0.47842,-0.84079,0.046923,-0.3436
1.1921,1.5657,-1.6837,-0.11831,0.45679,1.4365,-0.55089,-1.1763,-1.4426,1.0913
-1.6118,1.3528,-0.24433,0.67988,-0.50792,1.5467,-0.67444,-0.73375,-0.20777,0.96342
-0.024462,0.092528,-0.085156,0.49501,0.26266,-0.0068944,-0.025881,1.2338,1.5886,0.25977
-1.9488,0.78252,1.165,-0.29992,1.6589,0.23358,0.0044839,0.021342,-0.85484,1.3151
1.0205,1.11,0.32009,1.768,0.70583,-1.0543,-0.24995,1.7752,-0.93808,2.0584
0.86172,1.4999,0.42707,-1.8518,-0.10405,-1.444,-0.33141,0.71521,0.052001,0.88052
0.0011621,-0.13238,-0.77691,-0.73473,-1.0279,-0.65353,-1.5692,0.62569,-0.75543,0.21726
-0.070837,1.2578,-0.016425,0.07615,2.0692,-0.39525,0.62997,-2.2773,-0.34649,-0.51778
-2.4863,1.0933,1.06,1.193,-0.38294,-0.89054,0.14694,-0.11846,-1.0495,-0.030717
0.58117,0.97522,0.6974,0.63951,-0.82273,-1.0705,0.31215,0.29783,0.18848,0.65006
-2.1924,1.2003,-0.26097,-0.65133,1.6237,-0.03138,-0.78596,-0.060586,0.73835,-0.80528
-2.3193,-0.10728,-0.31981,0.55835,-0.98838,1.8421,-0.058716,-0.7059,0.57556,-1.2028
0.079934,0.6195,2.4026,0.20463,-0.73176,1.4127,-0.77682,-1.3186,1.3598,0.31522
-0.94848,1.091,0.38113,-2.269,-0.50976,-0.2282,-1.3862,1.2851,0.79277,-0.53988
0.41149,-0.44203,-0.62242,-0.66859,0.17756,-1.5984,0.69654,1.0046,0.016817,0.68217
0.67698,-1.2808,-0.43278,0.015166,0.6297,0.46872,-0.44559,0.78354,-1.47,-0.81896
0.85773,0.65878,0.16858,0.059617,-0.70399,-1.7377,-0.0069005,-0.12267,0.3269,-1.0592
-0.69116,0.20103,1.3636,-1.5918,0.36251,0.41234,-0.39345,0.78903,1.0629,-0.6489
0.44938,0.45002,-0.27773,0.2608,-0.79701,0.27314,-0.3665,-1.1591,0.1148,-0.54073
0.10063,-0.013069,0.16212,-0.53216,-2.0355,-0.97323,-0.35733,-0.14811,-0.054766,-1.2148
0.82607,-0.84648,1.6986,-1.7099,0.21288,-0.74838,0.77878,-2.0891,0.41316,-0.8905
0.53616,0.48272,1.0792,-0.076228,0.28843,1.1428,-0.023856,0.8416,0.11415,0.59193
0.89789,0.93312,-0.47289,-0.5307,1.6893,0.060782,0.33602,-0.98623,0.88115,-0.74577
-0.13194,0.2917,-0.92771,-0.38943,-0.21114,0.47502,0.40314,0.39496,1.26,-0.24874
-0.1472,-0.21339,1.2402,0.59822,1.2758,0.45202,0.47573,-2.0827,0.11143,-0.87503
1.0078,-0.040705,-0.025632,0.30785,1.6354,-0.29797,1.163,-0.74928,0.012193,0.78432
-2.1237,-0.22803,-0.11231,0.10384,-0.74959,-0.66611,-1.6519,0.27218,-0.95439,0.13027
-0.50459,-1.3811,-1.374,-0.017574,0.77798,-1.1691,1.1675,-1.0404,-1.0758,-1.4883
-1.2706,0.26506,-2.6543,-1.9825,0.7011,0.67515,-1.874,-0.96755,-0.14436,0.85443
-0.38258,1.0621,-0.88089,1.466,-0.5893,0.55919,-0.87694,1.1089,-1.1096,-0.88359
0.64868,0.058548,1.4194,-0.3525,0.30462,0.52648,1.2579,0.22816,0.0037653,-1.1754
0.82573,-0.5646,-0.49378,0.7133,-1.1846,0.452,-0.6685,-0.15012,-2.4449,0.86198
-1.0149,0.66265,-0.85459,0.76367,0.15999,0.88022,-0.39904,1.0892,1.0693,0.44234
-0.47107,1.2091,-0.353,0.55706,0.036158,1.1298,-0.67925,1.2433,1.6116,0.067973
0.13702,0.45482,0.70029,0.56508,1.1787,-0.85807,1.1866,0.90404,-0.3372,-0.20781
-0.29186,0.49357,-0.77668,-0.17676,0.11863,1.4786,-1.034,0.36731,-0.28281,0.42111
0.30182,0.22162,-2.3876,1.5514,1.4374,0.83536,-1.7594,0.82442,0.63331,-0.67342
0.39993,-0.57464,-0.72617,-1.9021,-0.93845,1.474,1.2573,-0.33516,-0.17632,-1.3076
-0.92996,0.13227,1.1129,-0.30075,-3.1883,1.2945,-1.3241,-0.30263,-2.1875,-0.86726
-0.17683,1.1286,1.3339,0.66982,1.7051,0.033384,0.21015,-0.62226,-0.85567,1.1391
-2.1321,-0.056006,1.1557,0.24562,0.9575,0.55023,-0.42149,-0.1572,-0.3788,0.57913
1.1454,0.70627,0.46763,1.5249,1.1394,0.73262,-0.70676,1.0556,-2.658,-0.75731
-0.62909,-0.060551,0.17936,-0.21629,-0.68831,0.1571,-0.24624,-0.77786,1.21,0.67282
-1.2038,0.59025,-1.0665,1.3293,-1.1856,-0.94078,0.79548,0.93621,-0.8926,1.7084
-0.25394,-0.61961,0.71042,-1.0567,-0.74172,-0.68041,1.1649,1.546,-1.1089,-0.79654
-1.4286,-1.1903,-0.76569,-1.1816,-0.1594,-0.50922,1.5623,-0.33521,1.1332,-1.6235
-0.020858,-2.4354,0.47343,0.58048,0.1721,0.6156,0.81626,-0.9513,-0.9146,-0.31559
-0.56066,0.73201,-1.3689,-0.7519,-0.38826,0.22816,0.95952,-0.11656,0.32255,0.2966
2.1778,0.34681,-0.11883,-0.88578,1.1009,-2.6958,1.9345,0.043025,-1.9747,0.77662
1.1385,0.72809,1.2559,-0.68978,-0.34888,-0.86256,-0.75922,2.7116,1.3239,-0.80896
-2.4969,0.57116,-0.3091,0.13973,0.18774,-1.2859,0.64214,-0.25196,0.30589,-0.70573
0.44133,-1.7776,0.40723,-0.98466,-2.0849,0.75214,0.92141,0.61919,-0.59006,0.46959
-1.3981,0.10338,-0.067724,0.24335,0.41817,-1.0698,-0.51872,1.1557,-1.3703,0.7242
-0.25506,1.9348,-0.42095,0.19828,0.3343,1.3126,0.029479,1.0379,-1.7559,-0.014299
0.1644,0.93067,0.25494,0.23354,-0.4356,0.31208,-1.1782,0.50648,1.6348,0.61418
0.74773,-0.15083,-0.50232,0.15729,-0.64981,0.75045,0.93356,-1.9893,0.78294,-0.9796
-0.27305,-0.4682,0.57222,-0.48348,-0.31537,-2.0567,-0.49179,-0.70234,-0.85819,-1.5234
1.5763,-0.36529,-0.70053,0.068269,-1.3839,-0.2206,-2.5141,-0.63022,-0.3265,0.015218
-0.48094,0.25813,-0.80575,-0.3323,0.23768,0.32768,1.1377,2.3644,0.19805,0.67333
0.32751,0.18536,-0.43081,-1.4489,-2.9177,0.073624,0.99772,0.73488,-1.0031,-0.81699
0.66473,-0.89457,0.97561,2.1762,0.76675,0.77418,-0.49545,0.57859,0.79457,-0.16019
0.085189,-0.45442,0.48763,-0.10248,0.4892,-2.0657,-0.33826,-2.1899,-0.024153,-0.66269
0.88095,-0.28302,0.91243,0.091201,-0.11618,-0.44955,-1.8034,-0.63684,-0.40863,0.63227
0.32321,1.0965,2.1727,0.70302,0.46691,1.9234,1.257,0.036466,0.88437,-0.35516
-0.78415,1.0178,-0.35952,0.53826,-0.59146,0.3477,0.67364,-0.030042,-1.3655,0.98006
-1.8054,0.30255,-0.54778,0.56092,-0.33109,-2.6008,-0.30676,0.17042,1.318,-0.76414
1.8586,-1.2609,0.85405,1.5035,1.078,-2.548,-1.6092,1.8338,-0.914,-0.4975
-0.60453,0.24015,-0.18361,0.50296,-0.56014,-1.2296,-1.1577,1.5773,1.2327,-0.90642
0.10336,0.78344,0.59039,0.78306,0.51448,-0.73164,1.5168,-1.0963,0.18135,-1.8264
0.56317,-0.19302,0.73675,-0.7695,-0.56656,-1.1607,-0.11858,0.25246,-0.46807,1.0509
0.1136,-1.307,0.82756,0.7433,-0.81836,1.5571,0.76104,-0.86962,-0.96591,0.056582
-0.90473,-0.7656,-0.12402,-0.14314,0.63667,0.68097,0.8705,-0.052767,-0.87601,0.96679
-0.46771,0.78255,1.9551,0.75592,1.1886,-0.16979,-0.6351,-2.1534,2.0486,0.069882
-0.12489,-0.068663,-0.13894,0.1325,1.085,0.1135,-0.44347,0.8618,0.86123,-0.90109
1.479,0.38322,-1.5063,-1.2572,-0.83886,0.73452,0.16202,-1.1434,-1.3852,0.97207
-0.86082,0.31143,-0.63043,0.66939,2.1677,-2.6033,0.58155,-1.097,1.1626,0.93386
0.78467,0.75206,0.79045,1.1854,0.52866,-0.72859,-2.3655,-0.57865,1.8274,0.75119
0.30862,0.95719,1.4021,0.42292,0.71805,0.58568,-0.6475,1.0819,-0.42302,0.9306
-0.23386,0.4415,-0.35667,-1.3795,0.39589,-0.67063,0.01997,-1.5344,-0.11315,-0.70155
-1.057,0.55315,1.7279,-1.3309,-0.45807,-0.72108,-0.97304,0.75783,1.5864,-0.79852
-0.28414,0.36719,0.14195,1.0146,-1.1091,-0.99897,-0.13439,1.4058,-0.46631,2.0045
-0.08669,-1.1447,-0.52828,0.74568,1.1354,0.26011,1.0183,0.67052,-0.4439,0.81131
-1.4694,0.92748,1.0212,-0.71161,0.37792,0.34097,2.1513,-1.0172,-0.70788,-0.12018
0.19218,1.0477,-0.35034,0.15984,-0.41612,0.55471,0.43902,1.2865,0.71621,1.7961
-0.82229,0.3291,-1.2104,-0.28843,0.0019996,-0.40876,-0.048993,-1.3678,-1.6746,0.27429
-0.094241,-0.23967,-2.9045,-1.0838,-1.632,0.12489,1.0384,-1.1961,-0.45528,0.32349
0.33621,-0.56784,0.73845,1.3335,-0.32511,-0.79299,-1.7134,0.79677,0.40533,0.72994
-0.90465,-1.5646,0.54292,-0.44416,-0.31131,0.029672,0.22844,0.43494,0.37985,0.35444
-0.28826,0.029718,-0.98697,-0.11013,-0.6166,-2.7646,1.1094,-0.58059,0.51195,1.4537
0.35006,0.60718,-1.199,-1.0627,0.41356,-0.51669,-0.22274,-0.5464,-0.080003,2.3809
-1.8359,0.96029,-2.2271,-0.96824,-0.77392,1.0558,0.41576,-0.68468,1.097,-2.5445
1.036,-0.12554,-0.8367,0.079675,0.74856,-0.89547,-1.0913,0.41836,-1.1834,0.74059
2.4245,-0.48256,-0.57675,-1.1205,0.61824,1.1819,-0.48087,-0.66625,-0.77951,0.0037393
0.9594,1.7204,0.91467,-0.73926,-0.48951,1.1453,0.51338,1.2938,-1.5325,-1.8134
-0.31577,1.7116,-0.16012,2.4783,-0.7217,0.83263,-1.0252,0.19316,-0.81503,-0.6898
0.42862,2.392,2.0932,1.0252,-0.31827,0.436,-1.1836,-0.26582,1.1378,-1.4493
-1.036,-0.93724,-0.67197,-2.5872,1.1051,0.6636,-0.819,0.0092918,0.86707,0.56589
1.8779,-1.2838,-1.1144,-0.9764,0.7182,0.82073,-1.9924,1.2356,1.0596,-1.4508
0.9407,0.1626,-0.25808,1.3407,0.83062,0.34562,0.019457,1.1561,-0.73532,-1.8947
0.78735,0.38903,0.1822,-0.78626,-0.68677,-0.24051,-0.71187,-0.67602,0.11536,-1.9058
-0.87587,0.68499,0.16368,-0.63461,-0.16916,-0.90354,0.10839,2.0226,-0.92513,0.0065033
0.31995,-0.49182,0.16676,0.75175,-3.5385,-1.9082,-0.47934,0.038658,1.4116,-1.506
-0.55829,-0.1988,0.43003,0.62883,0.80154,-0.10236,1.3435,0.18879,0.51771,-0.042065
-0.31143,-0.3083,0.57856,0.30171,1.5573,-0.69447,-0.28448,0.17955,0.82944,-0.17445
-0.57001,-1.971,-0.33164,-0.072787,-0.5789,-0.65291,-0.73545,-1.5656,-0.71036,1.241
-1.0257,-0.82213,-1.0747,0.61558,-0.9787,-0.82221,0.36216,0.8935,-1.2297,0.12785
-0.90875,0.067323,0.094335,0.24877,0.56988,1.5383,-0.44058,-2.849,0.8691,1.4803
-0.2099,-0.41563,1.1409,0.25701,-1.1944,1.9025,-0.37412,1.2936,1.8441,0.73643
-1.6989,0.8418,2.1665,0.28669,-0.036067,-0.65837,-1.195,0.69204,1.7218,0.4422
0.6076,0.59351,-0.14391,-0.51139,0.75835,-0.97935,-1.8099,0.9084,0.20215,-0.73948
-0.1178,0.29901,-1.3617,-0.57392,-1.483,-0.1225,-0.40427,0.24769,0.47085,0.036014
0.69916,0.62033,-1.615,-0.054246,1.2416,2.1447,0.84635,0.67098,0.41394,-1.7467
0.26965,2.0547,-0.70589,0.0040654,-0.21718,0.0019461,-0.52056,-1.312,0.60027,0.61365
0.49429,-0.2518,-1.2934,-1.1644,-0.048294,-0.96362,-0.39584,0.11462,1.1259,-0.015701
-1.4831,2.6636,-0.33603,0.20956,0.84907,-0.064988,-0.75246,2.2564,-1.923,0.25394
-1.0203,1.8578,-1.367,-1.2378,-1.1226,1.4342,-0.82555,0.9045,-1.7928,0.2487
-0.447,1.2647,0.42104,-1.3931,-0.44826,0.16155,-1.0501,-1.9779,1.2039,-0.62825
0.10966,-1.9688,1.6321,-0.87955,0.77505,1.9221,1.2775,0.93255,-1.2421,-1.4509
1.1287,-0.56492,1.2077,0.86051,0.63397,-0.84311,0.19419,1.2424,-0.54142,3.3411
-0.28996,-1.3172,0.14828,-0.14119,0.7392,-1.2243,-0.67,-0.48964,-0.6876,0.29596
1.2616,0.20211,0.38227,-1.075,0.25383,0.27083,-0.60904,-0.079063,0.58459,-0.23971
0.47542,-1.0584,-0.23225,-0.015174,0.1281,-0.31013,-1.9975,-0.24076,-0.78558,-0.65187
1.1741,-0.43997,-1.1125,0.50847,-1.2826,-0.51619,1.2718,1.412,1.0593,-0.55612
0.12695,1.4779,-1.2614,-0.26613,1.6141,-0.45665,-0.15298,0.2831,0.14695,0.21917
-0.65682,-1.2283,-0.67744,1.6378,-0.62043,0.56338,-0.92205,-0.63896,-0.40877,-0.42577
-1.4814,-1.8467,0.23351,0.41856,-0.63384,-0.8526,2.2681,-1.8202,1.3339,-0.77297
0.15549,-0.7476,-1.7372,-0.68024,1.9574,0.036981,0.72007,-1.1826,0.36907,0.27133
0.81855,-0.25631,-0.38909,-0.076934,1.4251,-0.75027,1.0474,0.61079,-1.3425,0.35709
-0.29259,0.68393,0.19345,0.43218,-1.5343,-0.82485,-0.39054,-0.58009,1.9646,0.72171
-0.54079,0.11821,0.40998,0.76122,2.1637,0.020542,-0.22998,0.13696,-0.37932,0.15464
-0.30864,-0.35235,0.61421,-0.43539,1.4433,0.61199,-0.67744,0.75995,0.60591,-0.77602
-1.0966,0.23461,2.1465,-0.54331,-1.2783,-0.092059,-0.098837,-0.25235,-0.47382,0.73396
-0.49301,-1.1382,-0.58343,-1.2435,-0.12769,0.66417,0.99956,0.25527,2.4887,-0.32853
-0.18074,0.30103,0.55574,-0.65345,-0.60532,1.6149,1.738,0.52131,-0.69577,0.42064
0.045841,1.0367,-1.6115,0.079212,0.72471,0.9893,0.6434,-1.0614,2.1174,0.80223
-0.063783,-0.020254,0.93855,-0.17247,-0.82787,0.44332,-0.27321,-1.5151,-0.90662,-0.88883
0.61134,1.1856,-0.51352,-0.7782,0.74638,2.3141,-1.1474,1.539,-1.1687,2.1368
0.10932,-0.33262,0.77115,0.78478,0.48592,-0.027737,-0.086538,0.64404,1.4497,-0.5321
1.814,1.0199,2.752,2.7932,-0.85167,0.20263,0.62885,-1.6097,-0.88786,2.0149
0.31202,-1.346,-0.8292,-0.69257,0.15448,-0.41806,-1.6048,1.2472,0.58754,0.12706
1.8045,0.04525,-0.33843,-0.76109,-0.85733,1.5102,-1.7322,-0.38084,-0.4865,0.50809
-0.72312,0.56979,1.762,-0.13723,-1.3253,0.017615,-1.2555,1.5688,-0.41945,1.0509
0.52655,-1.048,1.4278,-0.36158,-1.1956,-0.32521,1.0231,-0.99393,0.048573,0.88121
-0.26025,-1.4766,0.43977,-1.1844,1.5206,0.17473,-0.97381,-1.3528,0.11129,-1.018
0.60014,-0.59118,-0.41803,0.60554,-0.89493,-1.1938,-1.1143,-1.5771,0.19037,-0.59917
0.59393,-0.25901,-0.78698,1.4222,0.74445,-0.00011706,1.6077,0.74789,0.48618,0.26236
-2.186,1.3568,-1.017,-0.9015,-0.93531,0.96415,-0.16201,0.038214,0.28233,2.8888
-1.327,-1.0057,-0.82201,-1.0433,-0.31865,0.23922,0.83775,0.44022,-0.3587,1.2589
-1.441,1.0442,0.28048,0.78453,-0.76717,1.1967,0.61367,1.53,-0.1057,1.0766
0.40184,-0.25932,0.28614,-0.69096,0.22161,0.34987,0.75778,1.0646,1.7646,-0.6173
1.4702,-0.6192,1.6647,0.17863,-0.055421,-0.89777,0.93513,0.45832,-0.62645,0.99186
-0.32681,-0.35101,0.048635,0.79521,0.050703,0.43308,0.42547,-1.7358,-0.73378,0.75529
0.81232,2.1362,0.53031,2.1386,2.2702,1.2105,-0.70345,1.4429,-0.69907,0.65308
0.54554,-0.616,-0.69242,1.3447,-2.2137,-0.75001,0.99563,0.38362,-0.95222,0.9851
-1.0516,1.5139,0.16171,-1.3885,-0.35269,0.6037,0.40756,1.1969,-0.055357,-0.060979
0.39747,0.085554,-1.2437,0.74253,-0.26148,1.5864,-0.36127,-0.74494,0.33906,-1.266
-0.75189,-0.5026,0.72103,-0.14883,-1.1341,-0.28587,-0.46993,2.1918,-1.3597,-0.87143
1.5163,0.70583,-1.4749,-0.5508,-1.0805,-2.2642,0.3173,0.093658,-0.29297,2.5109
-0.032567,0.11969,0.1254,1.5745,-0.10694,-0.10676,-0.67565,0.67438,0.079897,-0.72051
1.636,-0.085695,1.0318,-0.14464,-0.27473,0.83057,0.96413,0.26745,-0.011721,-0.86017
-0.42506,0.48205,0.39291,-1.1636,0.67234,1.3828,-1.018,-3.121,0.051114,2.1235
0.58943,-0.47597,0.59239,-0.15848,1.0041,-1.0806,0.064478,-0.53492,-0.71873,-0.75533
-0.062791,2.117,-0.48455,-0.66307,0.3128,-1.1559,-1.0361,-0.69257,0.99272,-1.6765
-2.022,0.099027,-2.6926,-2.8037,-0.93026,-0.87029,-1.3922,-2.8664,-0.28683,0.0074681
-0.98213,0.80667,-0.48205,-1.2471,0.4991,-0.61398,-0.42391,-0.96696,1.3898,0.11501
0.61251,1.0169,0.39562,0.22519,-1.5379,-0.2744,1.8286,0.1719,2.1547,0.67174
-0.054886,-0.9334,-1.5384,1.0763,-0.60525,-1.4198,0.13829,-0.38129,0.26576,1.2053
-1.1187,1.4725,-0.81964,0.81978,0.93283,-1.0961,0.60279,-0.48936,2.882,2.2735
-0.62638,0.98496,1.6502,0.040733,0.077084,1.5975,1.7445,-0.1915,0.85083,-0.29695
0.24952,-0.74669,-0.10967,-1.7113,-2.0515,-0.75228,-0.68451,-0.084612,-0.54748,0.18784
-0.99302,0.31541,0.071441,0.45984,-0.4436,2.1353,-1.0344,-1.1356,1.2568,0.699
0.97495,-0.91433,-1.5043,-0.43832,-0.038325,-0.47096,-0.45347,-1.4569,-1.1257,1.1969
-0.64071,1.2304,-0.047038,0.52264,0.25967,1.5055,0.18612,0.78816,0.45005,0.35777
1.8089,-0.026587,0.94945,0.807,0.041535,1.6246,-0.18576,0.15737,-0.0087426,-0.54833
-1.0799,0.90972,-1.7669,-0.2655,0.85266,-1.1495,-0.20219,1.0352,0.67921,-1.696
0.19919,0.059257,-0.39626,1.7401,0.10646,0.75829,0.59809,0.17501,0.31965,1.0078
-1.521,0.26803,-0.31386,0.15065,0.54208,0.8583,2.0711,-0.098919,0.096169,2.304
-0.72363,-0.49422,0.38301,1.2226,2.4381,-0.40594,-0.54036,-0.15214,0.73312,-1.3425
-0.59325,-0.45914,1.3468,0.78634,1.1268,-0.27045,-0.50234,1.431,-0.0022546,1.3342
0.40134,-0.18801,1.714,-1.5176,-0.49545,1.445,0.78624,0.91406,0.03759,-1.052
0.94213,2.4256,0.52211,-0.091755,-0.33346,-0.1116,-0.85966,1.2034,0.20141,-0.93599
0.30049,0.87055,1.5472,-0.25869,-0.48219,-1.637,1.0557,0.45693,-1.215,-0.84292
-0.37307,0.56176,-0.61449,1.4881,0.11995,-0.99876,0.6786,-0.88882,0.16628,-0.50627
0.81549,0.54971,-0.25568,-2.0009,0.93918,-0.14811,-1.0132,-0.91202,2.6125,0.25239
0.79889,2.3983,-1.129,1.2383,1.3807,-0.54845,0.069737,-0.15467,-0.4602,0.51331
0.12021,0.45732,2.2363,-0.20185,-0.80109,-0.53528,-0.61103,0.53586,-0.17007,-0.36118
0.57125,0.65507,-1.867,0.52343,-0.55301,0.35614,0.27447,-0.2342,-1.401,0.48789
0.4128,-0.61348,0.46588,0.94523,-0.76595,-1.6366,0.41539,0.50916,0.61209,1.8019
-0.98696,-0.018691,-0.38238,2.0099,1.5282,-0.65732,-1.3517,-0.19718,-0.19337,-0.56489
0.75957,-1.038,0.44943,1.5394,1.4007,0.62379,1.4189,0.25105,0.31004,-0.10196
-0.6572,0.54586,-1.5816,1.6618,0.25036,-0.038809,2.0129,-0.36451,0.39957,0.33418
-0.60392,-0.6694,-1.7858,1.9427,-0.27126,0.054184,-1.7841,0.15658,0.41771,0.76037
0.17695,1.3648,0.30339,-0.082799,-0.9801,1.5497,-0.42419,1.0777,-0.54797,1.1061
-0.3075,0.97885,1.9712,0.54354,-2.1164,0.019305,-0.28724,-1.5504,0.2969,0.021523
-0.13182,-0.066269,0.4857,-0.36707,0.35168,2.2266,0.95279,0.30366,0.497,-1.3847
0.59536,-0.35788,0.6337,0.73648,0.85216,0.97488,1.5737,0.94506,-0.85309,0.54594
1.0468,-1.3744,-0.72938,-0.58086,0.93741,0.62823,-0.94426,0.12266,0.88264,0.75939
-0.19796,0.85066,0.33374,-0.66011,0.090728,-0.9264,0.75417,-1.2651,-1.8618,-0.69108
0.32768,0.85815,-0.61973,1.8241,0.33931,-1.4148,-1.1883,-1.7891,-0.73529,0.96153
-0.2383,-0.099553,-0.67956,1.268,1.2078,1.6948,-0.069508,-0.22904,1.9388,0.69878
0.2296,2.104,-0.90537,1.78,-0.55084,-0.0063228,0.42305,-0.44219,-0.51303,-0.24375
0.44,0.59419,-0.3481,-0.49737,0.9981,-1.3614,0.38773,-0.71098,-0.34996,-0.15276
-0.61687,0.60199,0.86125,1.3449,0.53607,-0.56196,0.50517,-0.1716,-0.59824,-1.1141
0.27484,0.023121,2.2292,0.084476,-0.68542,1.5356,-0.01424,-0.85291,-0.57801,0.39786
0.6011,0.76864,0.27478,0.15509,-0.98297,-0.22126,0.10529,0.70913,-1.0189,-0.63834
0.092308,-0.74282,-0.15858,1.3113,-1.5167,1.1576,0.86811,1.423,2.1765,0.89273
1.7298,-0.096305,-1.4194,0.028894,0.13589,-0.69571,0.71439,0.64236,-1.254,1.1609
-0.60856,-0.99523,0.80655,-0.038566,-0.14524,0.57848,0.8683,-0.49791,-0.04342,1.1326
-0.73706,-1.2313,0.59257,-0.46287,-0.75007,-0.11027,-1.1787,-0.087533,1.0226,0.053272
-1.7499,-1.8377,-0.87704,0.41419,1.1935,-1.0345,-1.6215,0.51323,0.18159,-0.64038
0.91048,1.5898,0.8499,2.1047,0.11091,0.66404,0.57165,0.14015,-0.32774,-0.25592
0.86708,-2.0318,1.3291,-0.2619,0.62108,0.25282,0.33147,-2.683,-0.35231,1.3399
-0.079893,2.3552,-0.49384,0.85999,-0.45036,1.2399,0.08446,0.3426,-0.68878,0.22321
0.89848,0.76404,-0.022618,0.31084,1.297,-0.95648,1.5849,0.18133,0.075372,1.6609
0.1837,-2.1147,1.4955,-0.089566,2.4917,0.56302,1.1419,1.1762,-0.36571,-0.51332
0.29079,-0.090353,-0.26565,-0.57282,-0.58733,0.8375,-1.3524,-1.669,0.21353,-1.9156
0.11294,0.88482,0.56796,-0.44987,-0.13796,-0.77554,-0.16195,-0.65001,-1.1635,-0.71434
0.43995,-0.68838,-0.39968,-2.2996,0.76348,-0.93146,-1.2277,-1.9495,1.3143,0.58848
0.10166,0.79572,-0.002072,-0.40315,0.60253,-0.22222,-0.80847,0.79677,0.21333,-0.14844
2.7873,-1.0377,-2.0306,-0.80428,-2.4706,0.10573,0.35712,-1.1867,1.1676,0.51691
-1.1667,0.098199,-1.0389,1.5834,-0.8504,0.91157,0.6027,1.918,-1.7828,0.21767
-1.8543,1.5237,-0.050309,-0.68377,0.095234,-0.5268,0.25028,-0.29915,1.2157,-0.81869
-1.1407,0.37423,-0.73513,0.38619,0.089639,0.079635,0.22012,-0.23507,0.95531,1.7409
-1.0933,1.239,-1.8954,-0.36198,-1.1922,-0.87471,2.7134,0.54318,-0.26035,1.8641
-0.43361,0.06553,0.60925,0.29835,-0.30152,0.64639,-0.28242,2.0203,1.2834,0.39189
-0.16847,-0.68031,-0.47952,-1.0926,0.23721,1.4741,0.88675,-0.91083,0.90774,0.98701
-0.21853,0.51356,0.75113,-0.72863,-1.9951,0.42579,0.33116,-0.72116,-0.51153,-0.43997
0.54133,0.05369,-0.98034,-0.30935,-0.030214,2.3899,1.9768,0.092635,0.26977,0.077266
0.38927,2.1301,-2.2374,-0.81999,-1.8202,-0.5405,-0.5928,-0.56841,1.1995,0.22992
0.75123,-0.8196,1.5108,-1.24,-2.2798,1.6597,0.69104,-1.6714,-1.3379,0.3989
1.7783,0.098988,-0.40961,-0.17314,-1.4583,-1.7486,-2.0127,1.0732,-1.5848,0.6925
1.2231,-1.4617,-0.061888,0.76728,0.28192,-0.60635,-1.3944,-0.30424,-0.51312,-0.40253
-1.2833,1.627,-0.67213,-0.39794,0.42795,-0.78636,-0.90086,-0.53016,-0.77589,1.4736
-2.329,0.66044,-0.36491,-0.93704,0.23779,-1.0723,-0.3321,-0.36748,0.84766,-0.61003
0.90193,1.4171,1.3733,-1.3229,-3.1104,-1.1019,0.64714,-0.11454,0.12944,0.54996
-1.8356,-0.25323,1.0966,-0.98208,0.18595,-2.3897,0.0057187,-0.95503,0.86991,-1.1792
0.066757,0.45042,-0.7158,0.039219,0.21267,0.64445,1.3262,-1.4038,-0.21088,0.80435
0.035479,1.3014,0.47402,-0.0073811,0.13797,0.94941,-1.2807,2.0682,0.80523,0.76823
2.2272,-0.29332,-0.39106,0.078862,1.1342,1.4199,-1.4889,0.60621,0.94139,0.41477
-0.069214,0.56922,-0.27685,-0.049854,0.4676,0.24579,0.040629,0.15899,2.3595,0.16082
-0.50732,-1.4057,-0.48539,-0.29625,2.0603,0.90171,0.18226,1.0448,-0.50155,-0.80331
0.23581,-0.29314,-0.51703,0.68439,0.64579,0.97434,0.20747,-0.33936,0.9865,-0.20366
0.2458,-0.11955,1.7431,-0.13506,-0.82416,0.50101,0.25685,-0.31595,-1.2371,1.0676
0.070045,-0.70003,-0.15889,0.13598,1.0458,-1.6324,-0.61361,-0.26029,-1.2159,-0.28378
-0.60858,-1.577,0.76836,-0.33568,1.3466,1.0225,0.011131,0.58561,0.43461,0.74318
-1.2226,0.28758,0.20608,-0.08401,-0.48884,0.89646,-1.0872,-0.37428,3.1875,0.3478
0.3165,0.2402,0.63795,-0.26397,1.3038,-0.77901,-0.71284,-0.44942,1.2016,1.8745
-1.3429,0.62244,0.10216,-1.3454,1.4751,0.77517,0.73569,0.68994,1.5339,0.79067
-1.0322,0.96852,-0.39436,-0.76219,-0.66324,1.3542,-0.36244,0.70568,1.86,0.16013
1.3312,-0.87453,-0.1034,-1.1609,1.4707,-1.3543,0.1393,0.31195,0.33409,0.45684
-0.4189,0.26229,2.1095,-0.097798,0.03023,-0.45624,-0.28717,-0.76321,-1.1927,-0.23594
-0.14032,0.14502,0.16594,0.15064,-0.24691,-0.6978,-1.1829,-0.069969,1.9803,0.64948
0.89982,1.1976,-0.64634,0.15661,-1.3918,0.34746,-0.64575,-1.0248,-0.91615,-0.11425
-0.30011,0.92474,-0.31143,-1.4058,-0.74033,0.36276,0.4619,-0.44165,-0.95207,0.622
1.0294,-0.78385,1.7725,1.44,-1.7867,-0.54751,-0.049924,-0.538,-0.46167,1.9896
-0.34507,-1.8151,-1.1963,0.79626,-0.21027,0.66909,0.34046,2.4255,0.66896,1.5748
1.0128,-0.81185,-0.15222,0.16751,1.886,-0.94288,-0.56181,0.60684,0.035271,0.75673
0.62933,0.98893,-0.78458,1.3896,0.12568,0.2693,0.78613,0.62412,1.4,0.1937
-0.21302,-0.0073826,-1.6064,-0.55229,-0.53756,-1.3504,-0.085071,1.1294,-0.89522,0.88885
-0.8657,-0.20372,0.65468,-0.89085,0.3611,0.80601,-0.085455,-0.13975,-1.2082,1.8992
-1.0431,-0.69674,0.62753,0.29979,0.43894,-0.73623,-0.45288,-0.18609,-1.5999,-0.59599
-0.27007,-0.62502,0.75919,0.55906,0.15878,0.20972,1.1041,-1.8554,0.43824,-0.1049
-0.43814,0.4632,0.83198,0.15317,0.042276,0.6349,-0.82305,0.79548,-0.10144,-0.42278
-0.40867,0.75813,-0.48737,0.73267,-1.1057,1.0624,1.6385,1.1431,-0.90583,0.46863
0.98355,0.5064,0.34553,0.52218,-0.62094,1.7892,0.56515,-0.026313,-1.6617,0.74962
-0.2977,0.18002,-1.4473,0.37107,1.2658,0.2277,-0.3859,-2.4416,0.13882,-0.32501
1.1437,1.169,-2.1639,0.12738,-0.0089669,-0.27036,-0.24889,1.3768,1.1715,1.0114
-0.53162,-0.1804,-0.17266,-0.79973,0.37629,-1.0589,-0.14797,2.2747,-1.4513,-1.7285
0.97257,-0.016285,1.4941,-1.53,0.012249,-0.22882,0.45665,0.42586,0.10197,-0.54667
-0.52225,-0.97952,-1.4545,0.24291,-0.46897,-0.90253,0.77179,-0.053633,-1.04,0.10345
0.17658,0.20061,-0.47981,-0.18507,0.3979,-0.88401,-0.26524,0.10999,-0.20242,-0.94451
0.97074,-0.14748,1.6445,1.1263,-0.82298,1.1121,1.0247,-0.75487,0.56352,-0.03717
-0.41397,-1.0199,2.1262,-0.67017,-1.2791,-1.9155,2.0325,0.76959,-0.36,0.10166
-0.43827,0.55525,1.5298,0.06492,0.6889,-2.84,-0.11067,1.6346,0.2341,1.2389
2.0034,0.27,0.67672,-0.76552,-0.27725,1.1269,0.58762,0.64977,0.90793,0.54304
0.95099,2.0615,-0.42994,-1.9299,-0.53441,-0.61821,-0.60357,0.2595,0.66053,0.35339
-0.432,0.51673,0.61049,0.81535,1.107,0.53679,0.74338,0.26977,1.7582,0.69505
0.64894,0.51782,-0.59689,-1.2232,1.1831,-1.4096,-1.2629,-1.0759,-1.6813,-0.30677
-0.36008,-0.17641,1.1129,0.63017,-0.56796,0.7519,-1.1479,-1.0699,0.74425,0.2501
0.70589,-1.0924,0.20494,-0.93991,-0.053258,2.213,-0.50296,-0.42422,-0.10344,-1.0662
1.4158,-1.1863,-0.92674,-2.1736,-1.0937,-1.054,1.3882,0.90817,-0.6997,1.0434
-1.6045,0.33837,0.1109,-0.39134,-1.2878,-0.090517,0.034062,-0.060251,0.49164,-0.026709
1.0289,1.5338,0.89305,2.108,-0.37776,0.36222,0.33163,-0.86471,-1.6626,1.6959
1.458,0.3778,1.5905,-0.18473,-1.2139,-0.94089,0.74988,-0.49326,-0.79947,-0.31019
0.047471,0.95323,-1.4237,1.4775,1.1127,1.1316,0.18441,-0.32617,0.7843,1.1828
1.7463,-0.49014,-0.7503,0.82153,-3.033,-0.34941,-0.13315,-0.51498,0.95588,-0.011044
0.15539,0.31356,0.33396,0.79477,0.95252,0.25387,-0.12692,-2.3472,-0.67565,0.064923
-1.2371,-0.2638,0.80437,1.6527,0.11692,-1.0381,-0.50829,0.30467,0.24417,1.4109
-2.1935,-0.79218,0.27371,-0.3944,0.86517,0.89285,0.82255,1.998,-0.38497,1.623
-0.33341,0.7441,-0.37287,-0.46237,1.1228,-0.23226,1.8082,0.51447,0.90245,0.60595
0.71354,-0.28056,3.6563,0.82735,2.2119,0.092306,-0.72754,1.865,-1.0654,-0.13515
0.31741,-3.2169,-1.7436,-0.30758,0.18927,-0.77889,-0.91958,1.4881,-0.63787,-1.1768
0.41361,1.9348,1.7254,-0.39178,-1.4863,0.40883,0.53829,-1.1366,2.2884,3.6318
-0.57709,-0.29876,-0.15771,0.46059,0.028328,0.521,-1.8293,-1.3533,2.0599,-0.34525
0.144,0.38298,-1.2322,0.12759,0.081442,0.73098,2.124,-0.48061,-2.0741,-1.2844
-1.6387,-0.45439,-0.4011,1.2809,0.089239,0.56363,-1.0414,0.012872,-0.065058,0.28276
-0.76009,0.15646,1.0766,-0.19839,-0.22661,-0.99635,-0.8431,1.1386,-1.1384,-0.20954
-0.81879,-0.26126,0.8856,0.29196,0.37123,0.54301,-0.57696,-0.9813,0.26483,-0.29815
0.51973,-0.061448,-1.9429,0.82223,-0.86214,1.1129,-1.2487,0.19808,1.1513,-1.0411
-0.01416,-0.4349,0.81326,0.093608,0.044251,0.26758,0.088623,-0.21008,-0.65417,0.25349
-1.1555,-1.1037,0.42813,-1.6868,-0.37037,-0.48489,-1.1198,0.51721,0.75576,-0.25951
-0.0095249,-0.45878,1.0523,1.1074,0.0051593,-1.1239,1.556,-0.14547,-0.41715,-0.7079
-0.68981,0.29417,1.6843,-0.18422,-1.2405,0.62588,-0.26902,-0.801,1.0569,-0.7822
-0.6667,-0.19478,-2.4421,-0.17195,-0.22863,0.22777,0.22644,-0.15678,1.06,0.52133
0.86415,1.5977,1.2918,-1.3977,-0.81463,-0.89048,-1.0758,0.64382,-0.30941,0.22933
0.11342,3.0954,-0.7192,-1.4549,-1.2578,0.40603,-0.38109,-2.412,1.5915,0.77109
0.39836,-0.7558,-0.75451,-0.7229,-1.6972,-0.76004,-0.41496,-0.63794,-0.56184,-0.093872
0.88397,-0.87236,-0.87913,0.22963,-0.3376,-1.6472,-1.2157,-0.3786,-0.28617,-0.24259
0.18026,-1.053,0.21811,0.26564,-1.2779,-0.60562,-0.13323,0.74122,-1.9906,1.1695
0.55085,-0.9756,-0.35162,-0.57234,1.064,0.78926,0.23161,-1.0779,1.0319,-0.41099
0.68296,-0.11211,0.36845,0.42961,-1.5709,0.56914,-0.23463,-1.2747,-0.14335,1.0468
1.1706,0.34542,-0.77926,-0.78829,1.0248,0.33125,0.46393,1.0237,-2.6816,-0.57513
0.47586,0.15488,1.6755,0.2864,0.32207,-1.6226,-0.48468,0.4152,1.7237,0.12925
1.4122,-1.3068,0.17185,-0.061475,-0.094189,0.90057,0.73734,-0.047772,-1.2073,-0.61671
0.022608,1.5257,-1.1246,-0.98152,-0.23361,-0.38202,1.3176,1.6079,-1.537,1.3267
-0.047869,0.95863,0.20851,1.1808,2.8499,0.62233,0.61085,-0.72192,0.29775,1.1834
1.7013,-0.98617,-0.11591,0.17287,-0.50201,-0.59323,1.0603,-0.56604,-1.0329,-1.181
-0.50971,-0.23719,1.0778,0.17472,-0.08371,-0.38172,-0.27103,-0.4343,0.28788,0.12395
-0.002855,-0.48579,-0.68288,0.47159,1.1762,0.69517,0.4806,-0.95343,-1.3742,0.9755
0.91987,-0.061164,0.92588,2.0474,-1.1533,2.5662,-1.1512,0.59792,-1.2462,-0.28439
0.14981,-0.63992,0.50175,-0.64368,-0.12798,1.0459,-0.69146,0.67617,-0.036078,0.2298
1.4049,-0.71532,1.7854,-1.4529,-0.63608,0.3819,-0.79294,1.2943,-1.8891,0.15043
1.0341,0.18141,-0.067032,-0.63425,1.4658,0.22995,-0.47216,0.74783,-1.8398,0.074077
0.29157,-0.30259,1.3673,-1.1136,-1.3069,0.10944,0.61493,-1.6897,-1.0262,-0.19058
-0.7777,-0.0021741,-0.2139,-0.89103,0.10898,0.097658,-1.2835,-0.49412,-1.6049,0.060815
0.5667,-0.35152,0.89761,1.7106,0.042661,-0.48105,1.4726,0.94797,-0.012761,-0.59402
-1.3826,-0.14487,-1.2476,-0.51743,0.24882,-1.9461,0.87909,-0.38619,-1.4758,1.5937
0.24447,0.21407,-0.46299,-0.24791,-0.0027518,1.6914,1.9234,-0.68408,-1.7699,-0.81532
0.80844,-0.65414,0.041681,2.0659,0.2215,0.97774,0.1213,-0.79024,1.4298,-0.87148
0.21304,1.3856,0.60759,-0.43502,-1.0597,-0.93091,0.45212,1.0407,0.18186,-1.9594
0.87968,0.60513,-0.82876,0.085137,-0.27076,-0.65281,1.5137,0.30979,0.73894,0.15764
2.0389,-2.7554,-0.45914,0.66389,-1.7763,0.62238,0.11357,-0.46977,0.88549,-1.7941
0.92393,-0.6627,-1.1798,0.030098,-0.37477,-0.18981,-0.22239,1.643,0.50012,-0.14887
0.26692,0.64393,2.6912,0.21772,0.53413,0.23859,-0.70699,-0.39443,0.15409,0.20518
0.64166,0.93573,-0.76387,-1.4849,0.096623,-0.46863,-0.46918,-0.54789,1.1171,-0.54689
0.42549,-1.4265,-0.2045,-0.64514,-0.94912,1.333,0.77886,0.57405,-0.944,0.14341
-1.3147,1.7664,-1.7356,0.037661,0.80737,2.4646,0.046488,-0.42432,1.0361,-1.506
-0.41641,-0.039751,-1.0766,-0.19966,-1.0773,2.4972,0.13952,0.53597,0.076324,0.18487
1.2247,-1.5026,0.046364,0.56439,-1.7202,-0.55462,-1.3808,-1.184,-0.12075,-0.080345
-0.043584,-0.42496,-0.83179,0.53808,0.96157,1.14,0.18281,-0.66561,-0.48391,1.0944
0.58242,-0.64929,0.32146,0.29534,-1.213,-0.25203,1.8786,-0.74551,-1.712,0.011445
-1.0065,1.5705,1.0934,-0.42415,-0.60772,0.30483,0.7548,0.29998,1.2041,-0.12211
0.064517,-2.191,-0.40523,-1.1014,0.69704,0.85734,0.94979,0.31943,-0.13258,1.7966
0.60029,-0.80709,1.1461,-0.60182,-1.7082,0.064896,-0.026795,-0.50897,-0.19562,-1.2563
-1.3615,0.38685,1.1527,-2.2976,-0.49477,-0.80763,-1.715,-0.28835,-0.26366,-1.1204
0.34759,0.74292,1.768,0.08902,-0.61014,0.65793,-2.3347,-0.33575,-0.32638,1.602
-0.18184,-1.6248,0.61105,-0.42123,-0.47394,0.53085,0.68588,0.13999,-0.32419,-0.89198
-0.93953,1.368,0.046123,1.6641,-0.2226,0.029962,-0.98373,-0.21633,-0.42591,-0.32771
-0.037533,-1.4088,1.9914,0.78023,-4.2486,-0.44753,0.44009,1.6164,-1.4494,0.10003
-1.8963,-0.88217,0.71813,-1.3931,-0.82159,0.778,0.75571,0.0020731,-0.43744,0.048961
-2.128,-0.34656,-0.080945,-0.71421,0.48076,1.1388,0.59548,1.3201,-0.73027,1.4872
-1.1769,0.84284,-0.42739,0.52284,0.95721,1.0844,1.0336,-2.4515,0.13736,-2.1316
-0.99053,0.55073,-0.21782,-0.030018,1.887,0.76186,1.2052,-0.91446,-1.4416,1.0416
-1.173,0.0050886,-0.25291,-1.5364,-1.4428,0.20369,-0.28707,0.90694,-0.47543,-0.17281
-1.7254,0.87732,-0.78925,-0.75632,-1.4353,3.4041,0.8704,-0.13215,-0.81493,-0.70148
0.28823,-0.54354,-0.03214,-1.7089,-1.3014,0.45663,1.8773,-1.3657,1.2761,0.13008
-1.5942,1.5722,0.59704,2.0378,-0.56137,0.37504,-2.9796,-0.81288,-0.041288,0.17997
0.11022,0.091946,-0.10295,0.060785,1.2515,0.039907,-1.2492,-0.75802,0.33537,-2.0086
0.78707,-1.8416,-1.0339,1.8599,0.3414,0.065888,1.073,-1.4123,-0.18365,0.35269
-0.0022268,-0.90407,-0.61041,1.2957,0.42417,0.99974,-0.43268,-0.24971,0.053833,-0.15814
0.093109,-0.98565,0.50553,-1.0334,0.020165,-1.37,-1.0679,-0.41009,0.77303,0.57914
-0.37816,-1.1298,0.75797,1.198,0.013798,-2.2147,0.42302,0.46331,-0.30552,0.20177
-1.4827,0.66079,0.75925,-0.17012,-0.87396,0.52238,0.18889,-0.27168,0.98002,-0.48689
-0.043819,-1.2078,-0.80951,0.011122,0.33927,-0.3576,2.2996,-0.41162,0.41618,0.28208
0.96083,-0.00019848,-0.49486,-1.4365,-1.3451,0.35239,-0.43272,-0.98988,-0.79409,0.82659
1.7382,-0.12154,-1.2534,0.51832,0.94982,-0.48859,0.51314,0.89349,0.017771,-0.23829
-0.43021,-0.77362,-0.38869,1.3788,-1.0932,1.0686,-1.6871,-0.096865,1.429,0.055865
-1.6273,0.10879,-1.0393,-1.0659,-1.3126,-0.79489,-0.6879,0.90554,0.73593,1.5935
0.16635,-0.70266,-1.1692,-0.92404,-1.4324,0.17978,-1.0452,-0.15541,-0.55735,-0.905
0.37627,1.848,0.73455,0.057368,-1.1618,-0.28147,1.3431,0.41185,1.4299,-1.0651
-0.22695,-1.51,-1.9881,0.42156,-0.5721,-0.42718,0.11416,0.55969,-0.74942,1.8328
-1.1489,0.2651,-0.27042,0.86531,-0.33559,0.56245,-0.48892,-0.5221,0.92253,-0.79342
2.0243,-0.49971,0.63188,0.82856,-0.96448,-0.42907,-1.0299,1.3333,1.2624,-2.5194
-2.3595,-0.2095,-0.0079223,-0.0060811,-1.8521,-1.8749,0.67973,0.15794,-0.24713,0.14442
-0.50997,-1.7304,0.22326,-0.21114,-1.302,-0.80038,-1.7817,1.2894,-0.0099046,-0.26593
-1.3216,0.84164,0.33761,1.025,-1.5148,0.99996,1.1084,2.1099,0.29878,0.063534
-0.63613,0.21609,3.0188,-1.0782,0.81438,-1.105,0.24038,-0.39934,1.0366,-1.242
0.31785,1.0956,-0.61441,0.12968,-1.1153,-0.40424,-0.055549,-1.0015,-0.53506,-1.2274
0.13805,0.6211,0.59315,0.18587,1.2409,0.99382,-1.3571,0.034089,-0.088113,-0.09183
-0.71074,-0.79549,-1.1715,-0.40637,-0.17769,-0.8713,-2.338,-0.19802,-0.024855,1.0079
0.777,-1.2218,0.99538,2.307,-0.27047,-0.61205,0.26675,0.20518,0.42642,-0.52104
0.62239,-0.51084,0.73396,-0.013794,0.63247,1.3662,-2.1331,1.7601,1.5267,0.0013103
0.64738,0.51954,0.99535,1.1664,-0.5916,0.38369,-0.030256,-1.4692,-0.50173,1.1144
-0.42563,-1.1049,-0.4007,-0.023843,-0.28394,-0.85326,-0.061757,1.1172,-0.97693,-0.18496
1.0486,-0.24489,-0.42668,0.76875,1.2261,-1.8459,0.025144,0.20097,0.37905,-0.61573
0.66071,-2.1857,0.88866,-0.52082,-0.80306,-0.65065,0.044534,0.46755,-2.3746,1.6328
2.5088,-0.98441,0.50543,0.6132,1.07,1.4022,-0.66467,0.68281,-0.068486,0.82845
1.0635,0.47345,1.5565,0.63573,1.2022,0.6904,-0.15903,1.6701,0.099789,1.9086
1.1569,0.81647,0.83747,1.1905,-1.31,0.031883,-0.2432,0.44149,-0.51315,-0.83362
0.052979,1.3909,2.6459,-0.39335,1.8016,-1.0524,0.7845,-1.4108,-0.65398,-1.0056
-1.2884,0.41989,1.4865,1.1077,1.1613,-1.4043,-0.51257,-1.5141,-1.3711,0.68319
-0.37122,0.36125,-1.3444,-2.4249,0.76379,-0.14032,-1.1522,-0.9809,-0.63174,-0.73843
-0.75779,-0.97829,-1.4932,1.62,-0.22778,0.15682,-1.2818,-0.57953,-2.2526,-0.19469
-0.56397,-1.9788,-0.47761,-0.96771,-0.07372,-1.4542,-1.3713,0.95238,1.0759,-1.2522
0.55514,0.99452,-1.2848,-1.5756,0.48015,1.2663,1.012,0.90821,-1.594,0.75784
-0.55678,0.53803,-0.28182,0.82621,0.4653,1.0298,-0.70477,0.82052,-0.46843,0.23157
-0.89511,0.44552,1.1544,0.17126,2.3596,1.886,-0.46584,0.069682,0.64108,-0.91954
-0.40933,0.65422,1.2284,0.060521,-0.75392,0.33372,-0.67735,0.61153,-1.1023,0.33554
-0.16089,-0.43799,-0.65945,-0.94673,-0.29122,-0.37552,-0.50096,-1.6538,0.54736,0.316
0.40933,1.1227,1.3359,-1.0309,0.78255,-1.0225,-0.80484,-0.050676,0.88717,2.0123
-0.95264,0.95986,0.59002,-0.8409,0.53542,-0.022416,0.93421,-1.9449,0.1958,-0.30729
0.31732,-0.28859,-0.13781,-0.2939,-1.0505,1.7867,-0.43146,-1.7744,-0.25557,-2.1802
0.07802,-0.61594,0.81217,0.2932,-0.5907,0.57398,0.90134,-0.27702,-0.57489,-0.56959
1.3244,-0.050617,1.3782,0.74132,0.11608,1.4191,-0.51098,-0.2287,0.13619,1.1488
-0.21317,0.66918,-0.31469,1.394,1.1963,0.68577,-0.26564,-0.57585,-0.72323,-1.9461
-0.13448,1.1499,-0.023785,0.040421,0.2266,0.80759,0.65811,0.64365,2.0249,-0.59409
-1.1714,0.98945,0.17492,1.332,2.2592,-0.25531,1.6402,-0.78234,-0.18604,-0.54894
-1.3853,-1.8929,-0.36625,1.0486,-0.29926,-0.45139,0.97699,-0.74744,0.061499,-2.0855
0.31051,0.2946,0.48003,-1.23,0.12562,-0.29573,1.3924,-0.78476,-0.6741,1.2614
-0.24949,-3.0689,0.49704,-0.48573,-0.37506,1.4682,-0.0772,-1.5647,3.0021,1.8322
0.50374,-1.5988,1.272,-1.0418,-0.47334,0.063883,-0.68847,0.25701,0.43592,1.4177
-0.89266,-0.84632,0.088566,0.045129,0.75929,-0.97978,0.26189,1.2735,-0.48383,1.1308
1.9085,0.044202,-0.76371,-1.3802,0.073228,-0.28229,-1.1286,-0.35943,-0.23083,0.2846
0.12223,-0.057685,-0.083361,1.03,-1.0749,-0.36011,0.96565,0.84534,-0.012198,0.47831
1.047,-0.12262,-0.10122,0.50908,0.95432,-0.19601,-1.3618,1.6633,-0.8151,-2.0439
-0.22692,1.0372,-0.44183,0.049558,-0.34549,0.21293,0.31897,-2.1635,-1.1562,2.1578
-0.1625,0.11724,2.591,-1.5146,-1.1731,-0.088825,-0.17877,0.49261,2.3639,-0.936
0.69005,0.88167,-0.35342,-1.0403,0.70093,0.33971,0.0070604,0.7956,-1.7881,-0.71333
0.55576,-0.076141,0.060357,1.5552,-1.473,-1.4736,1.6261,0.15699,-1.9016,-0.52037
-1.1203,-0.91443,-0.65371,0.051619,-1.1552,-1.4906,0.65177,0.41137,-1.7696,0.35925
-1.5327,-1.1863,-0.0078959,-0.0031575,-0.079275,0.22963,0.062259,1.4049,1.366,2.0461
-1.0979,1.1998,-0.36966,-0.48948,-0.63945,-0.74341,1.0455,0.87931,1.1487,-0.73658
-1.4158,-0.41596,0.074472,-0.37372,0.53233,-0.30951,0.26944,0.5764,0.91879,0.10498
0.059571,0.48394,0.25801,1.2821,-2.4382,-0.36711,0.23329,-1.3279,-1.8501,0.54602
-0.41125,-0.0065125,-0.29413,1.4352,0.15149,0.05893,0.50712,0.56205,-0.49738,1.4966
-0.36801,-0.52377,0.29043,0.5724,-0.75613,-0.77288,-0.44976,0.83887,-0.55807,-0.38782
-1.361,0.46052,2.691,1.324,2.4636,1.2609,0.14311,1.0395,-1.3218,-1.3553
0.77957,-0.84241,1.206,1.9239,0.66958,-0.81279,-0.77005,-1.1097,1.3321,-0.82099
0.43941,0.92029,0.78748,0.85866,-0.82388,-0.018479,-1.9776,-0.84204,-2.4361,-0.19938
-0.089622,1.2784,-0.9339,-1.2166,-0.39337,-1.6372,-0.84025,-0.49956,1.0785,-0.52154
1.0212,1.8204,0.68559,-0.48105,-0.1648,-0.35736,-0.67718,-2.2143,-0.61408,-0.95814
-0.87398,0.67591,1.1298,0.56672,1.7032,-0.5995,0.89908,1.0723,0.55245,0.84008
0.4147,0.93548,-2.2699,0.020198,-0.59566,-0.054398,-0.3896,0.02934,-0.35749,0.87064
0.34844,0.78826,0.26938,-0.61421,0.66548,-0.024113,0.99905,-0.27939,-0.077702,1.2031
0.34925,-1.0082,2.6341,0.18982,0.038805,-0.10772,0.79706,-0.32095,-0.96528,-0.70309
-0.72925,-0.11533,-0.97112,-1.842,0.1252,1.0798,-0.46834,0.4806,-1.4555,1.6896
0.32684,0.41914,-1.0967,-0.15706,-0.90888,1.6972,-0.92106,0.7448,-2.4763,-0.26443
-0.51488,-1.143,1.3465,0.49976,0.030232,-1.7447,-0.4014,-1.6875,0.25355,0.30595
-0.89645,-0.22348,-1.5374,0.10636,0.01954,0.17676,-1.2112,0.82038,-0.74046,1.7711
-1.2033,-1.4164,-0.46224,-0.80158,0.86109,0.72189,1.2203,-0.41347,0.64031,-0.94212
1.0378,-0.2623,0.35975,-0.76525,1.5244,-1.8338,0.48969,-0.91522,2.2448,0.81877
-0.84594,0.22803,-0.34245,2.0954,1.2818,-1.1399,-0.037623,-0.32122,0.58422,0.81794
-0.17291,0.33612,-0.10455,1.108,0.43699,0.085673,1.9984,-0.76944,-0.25323,-0.03993
-1.2087,0.68345,0.098524,0.92964,0.52206,1.0085,0.23567,-1.3956,-0.76159,1.1248
-0.29713,0.98072,-0.50861,0.14452,-0.2004,-0.43509,1.1307,0.91158,0.48066,-1.9949
-3.232,-0.21553,-0.016712,0.12826,-0.13517,-0.87234,-0.50965,0.036747,0.71689,0.41895
-1.087,0.96122,-1.1101,-0.1381,-0.028575,0.5477,-0.42517,-2.4151,0.65895,1.5313
-1.4264,1.035,-2.0636,0.41788,-0.11846,0.056611,-0.65965,0.30641,0.12481,0.17576
-1.0145,-0.15691,1.0861,0.53659,0.35864,-1.0739,-1.6568,0.54585,-1.3449,1.2781
-0.21327,0.11078,-1.9547,-1.7353,0.73557,0.93954,-0.54975,1.8745,1.0138,-0.52502
-0.32535,0.90942,-0.52903,1.0877,0.50787,-0.82022,-0.72368,-2.7251,-0.76483,0.81769
1.9444,-0.066064,1.6197,-0.75013,1.1994,-0.47458,-0.20841,0.12612,-0.55949,0.94806
-0.57177,-0.72676,-2.2595,-0.49287,0.44625,1.4772,-0.43982,2.4544,0.6555,0.18619
-0.25003,-0.50838,0.14006,0.54358,-1.1224,0.96504,1.2274,-1.3384,-1.3652,-0.35095
-1.5693,-0.64346,0.99465,-0.71205,-0.0023366,-0.45655,-0.63189,0.31154,-0.11793,-1.4704
-0.47738,-1.0841,1.7919,-0.73016,-0.38695,-0.13539,-0.68841,0.72933,-0.43918,-0.28667
-1.338,1.2329,-0.076763,1.8431,1.2059,-1.3245,1.6894,1.0014,0.12518,1.1553
0.030299,-2.085,-0.24142,1.1124,0.89251,1.1466,-0.28653,1.5314,0.93245,1.9238
0.85309,-0.092158,-2.0367,0.92951,-1.7655,1.3966,0.12613,-1.5764,0.97703,-0.91499
0.40425,0.12963,0.26678,0.64967,-0.91022,1.6563,1.4334,-0.47582,2.081,0.99084
-0.70062,0.20629,-0.79598,0.41525,-1.0765,0.78771,-0.29086,0.67158,0.3414,-0.75857
-1.6305,-0.21348,-0.76433,1.5487,0.17049,0.60735,1.5425,-1.069,0.28447,1.091
1.46,-1.527,0.32479,-1.6198,0.23689,-0.39307,-0.18839,1.6246,-0.48212,-1.8156
2.05,-0.54422,-0.15902,0.55847,0.76514,-1.7854,0.85614,0.25359,-1.0471,-0.65598
0.1205,-1.0278,-0.61098,-1.551,1.1952,-1.0168,-1.4355,-0.6398,-0.30708,-1.7339
-0.9899,0.68756,-1.2252,0.60516,0.10974,0.018956,-0.016177,-0.77034,0.46557,-0.43928
1.1978,-0.39328,0.10194,0.96902,0.34217,0.077048,0.79822,-0.4131,1.328,-0.9892
-0.59266,0.47566,-0.87503,-0.054062,-1.5532,0.34464,-0.6866,-0.57974,1.2035,-0.29848
-0.46981,-0.063453,-0.7831,1.8116,-0.52282,-0.2323,-1.1414,0.74138,0.74269,-0.36481
0.88638,-0.55905,0.38715,0.88138,-0.11027,0.16041,0.17301,-1.2051,0.24615,-1.7332
-1.3852,-0.7354,1.2852,-0.47851,0.71764,0.32286,0.14139,0.11773,-0.24407,-1.5605
-1.9568,-1.3866,-0.36622,-0.08052,0.74061,1.9768,-1.5777,0.89684,0.90648,-0.32636
0.42068,-0.79917,0.16041,-1.227,-0.55143,-0.92195,-1.363,1.5649,-0.22966,0.96764
0.40074,-0.61122,-0.47842,-1.4337,-1.7495,-2.4724,1.1014,0.53283,-0.36784,-1.3607
0.095142,-0.11022,0.012234,0.31944,-0.35753,-1.1457,0.57961,-0.34262,1.0609,-0.002972
0.49668,0.41426,-0.99414,-0.52379,-0.084286,0.96957,0.070398,-0.12313,1.2849,0.61825
1.0822,0.2301,-0.89871,1.093,-0.65356,1.4048,0.47629,-0.077838,0.037803,1.1215
0.97045,0.85703,-0.3898,0.68645,0.44902,-0.6613,0.76072,-0.33782,-1.0658,0.35977
-0.56857,0.048209,1.3997,-1.713,-0.26296,0.7529,0.40425,-0.59117,-0.59543,-0.73904
0.80997,1.0233,-0.77093,1.1649,-0.85125,0.76843,1.1809,0.36912,-0.67121,0.5453
0.17325,-0.18199,-0.46945,-1.4409,0.64644,0.74658,0.48035,-0.7904,-0.46005,-0.75058
-0.50554,-0.29013,1.4094,0.23093,-0.32614,-0.93956,-2.0749,1.7645,1.3528,-2.3737
-1.1933,0.8152,-1.0268,1.1634,2.4221,0.25884,-0.388,-0.2139,-0.65448,0.91888
0.64697,0.32233,0.58735,-0.88325,1.6762,0.24954,0.57617,-0.35746,-1.0853,-0.28896
-0.35362,0.13837,-0.82108,-0.14373,-0.7839,0.48125,-0.61603,0.14807,-1.8332,-1.2076
0.046435,-0.45101,-0.059482,-0.098231,0.67444,1.6431,-1.0929,-0.34216,-2.0545,-0.029512
-0.79295,-0.15304,0.21797,-1.3616,0.29659,0.41362,1.3868,0.58243,0.41421,-0.09978
-1.5505,-0.879,0.6499,-0.017133,-1.1785,0.15333,0.83584,-0.77632,-0.13649,0.12443
0.17159,-0.19271,-0.18158,-1.029,0.2288,0.94899,-0.51211,1.0619,0.84015,1.4879
-0.062139,0.19489,-0.66775,0.71332,-0.1154,-0.097796,-1.0746,-0.76468,-0.59884,1.2832
1.199,1.5949,-0.2199,-0.54956,-0.012546,-2.3194,1.7905,0.43553,1.5498,1.0747
0.8017,-0.44194,1.1788,-0.24152,-0.42463,-0.20871,0.65988,0.11101,-0.90551,0.75707
1.0533,-0.42197,1.9132,-0.09334,0.7404,0.18497,-0.20352,0.59356,-0.48385,1.6323
-0.74888,0.22581,0.32546,-0.066921,0.19849,0.44378,-1.2998,-0.62838,0.016877,-0.22618
-0.93633,0.14641,1.1197,-0.23115,-0.29022,0.40288,0.91635,-0.2815,1.0646,-1.3073
-1.2691,0.0096902,-0.8296,-1.5371,-0.4911,-0.6369,1.67,0.17409,1.4095,0.82535
0.49798,0.1076,0.28706,-0.74179,1.0641,-0.80698,-0.51881,0.45976,0.75214,-0.53663
2.7891,-2.0495,1.1482,-0.22204,0.33285,0.6773,0.23534,-0.9244,-0.38517,-0.54857
0.72757,1.314,0.086079,0.020881,-0.43296,-1.3036,0.68792,0.56043,1.4549,1.167
-0.77306,0.61804,-0.3837,1.6905,2.9308,-1.3751,-2.3674,-1.3676,0.010778,-0.24456
0.83663,-0.41926,-1.2248,-0.83792,2.4428,0.4021,0.47763,1.5939,-1.2041,0.17784
-1.1283,-0.65462,1.7484,0.42331,0.83272,0.20168,0.17168,0.96176,0.14796,-2.1022
-1.4245,-0.69015,0.21185,1.7065,-0.063618,-0.49525,-0.35826,1.778,1.0038,2.0562
0.71744,-1.6793,0.78125,1.5676,-1.9697,-0.29898,1.9294,-0.16547,-0.27395,0.4926
-0.77791,-0.24817,1.6713,0.12651,1.6964,-0.13638,0.4953,0.90017,1.376,0.10173
0.31599,1.1934,-0.16363,1.0728,-0.045585,0.54084,1.6934,0.41716,-1.8451,-0.63421
1.4065,-1.5636,-0.8184,1.8126,0.31663,0.95436,1.8111,-1.4547,1.5532,-1.0764
0.40112,-1.7452,-0.07623,2.7186,-1.1701,-1.4399,0.012037,1.3146,0.6883,0.47485
0.92966,-0.024095,-1.6701,-0.66801,0.78705,-1.7205,-1.3559,-1.4456,-1.0722,0.53088
-1.6058,-1.3482,-0.9727,0.52507,0.6461,0.37345,1.057,-0.71997,-0.61803,-0.76243
0.66154,-0.28721,0.15427,-0.47682,-0.018286,-0.35988,0.11056,0.44695,0.65888,1.5032
2.1385,-0.75127,-0.17916,0.6027,0.80417,-0.14902,0.025117,0.7113,-0.61016,0.26435
0.54114,0.43173,1.6964,-1.9304,-0.46765,-0.0050062,2.0294,0.3324,0.84443,1.4589
-1.5409,-0.43124,0.7713,-2.1159,0.078422,0.89935,0.62076,0.74982,-1.0214,-0.61917
-0.20314,0.12185,0.16729,-0.4493,0.002988,-2.3932,-0.5494,0.86693,-0.19701,-0.53727
-0.49997,0.42057,0.43627,-1.0028,1.8329,-0.12701,2.0296,-2.938,0.54053,-0.8807
0.38302,0.40485,0.3172,-0.86218,0.3971,1.2145,0.39326,0.6631,-0.55387,1.3091
0.41204,0.48373,0.2612,-0.46572,0.89858,0.55155,0.18777,-1.2095,0.25607,0.13735
0.40549,-0.29333,-0.037139,0.88214,1.3899,1.9546,-0.43832,0.49564,-1.4086,-1.8364
-0.36378,-2.4695,-0.89872,-1.1383,-1.2774,1.4305,0.71567,-0.62738,-0.12443,-0.22727
-0.59927,0.25221,0.77665,1.8698,1.0836,-1.5429,-2.6742,1.0687,-0.97956,-0.27977
-0.58959,-0.92917,0.24346,0.39076,0.41314,-0.6751,-0.18985,1.5272,1.252,-0.15293
0.85354,0.53185,-1.1278,-1.2513,0.74255,-0.058653,0.42772,0.41222,0.2824,-0.96658
-1.853,-1.3263,-0.72102,1.2597,-0.61166,-0.15464,-0.57237,1.1938,-0.59562,-0.56197
-0.2073,1.024,-0.29172,0.14263,0.89561,-0.69045,-1.4929,0.30657,-1.103,-0.42333
0.27038,-0.90126,-0.91515,-0.65274,1.2153,-2.0518,0.64876,1.1385,1.9102,-0.45871
-0.65277,-0.65582,0.21033,-0.59481,0.27775,-1.0266,-1.1626,-0.17735,1.6709,0.077458
0.47723,0.39817,0.089109,-0.66977,0.90602,1.0293,-0.35151,0.69823,-0.88241,0.44937
-0.07132,2.3453,-1.0368,0.38743,-0.94204,0.58247,0.1498,-0.39231,-0.02463,-0.70921
-0.9383,-0.94529,1.8434,0.34555,0.54766,-0.88765,-0.62031,-1.0584,1.2433,0.003375
0.16136,1.7895,-2.0019,-0.1988,0.58171,-0.5294,0.93419,-0.11355,0.39769,0.20735
-0.26818,0.49044,-0.46614,-0.45742,-2.2651,1.0673,-0.71842,0.96314,-0.87698,-0.6041
-0.40987,-0.89294,0.83428,0.69295,2.2415,1.1611,1.2661,2.4629,2.5681,2.6116
-0.71132,0.76421,1.675,1.3184,0.99533,1.5308,-0.55979,-1.4781,0.20468,-2.1811
0.061445,0.22182,-1.0503,-0.2715,-0.099242,-0.11176,-0.28594,0.87211,-2.8338,-0.53932
-1.8461,-0.46994,-0.60976,-0.95095,0.25758,-1.234,-0.85415,0.58398,0.31106,0.15055
-0.39833,-0.43711,1.7874,0.35928,-0.62267,1.3598,-0.7287,-0.88551,-0.84319,0.502
-0.54355,-2.0514,0.34963,-0.41835,0.77428,-0.37658,0.85898,1.13,-0.31852,-1.3655
-0.9119,-0.16079,-0.95164,0.52428,-0.78904,-0.87304,-1.323,0.5549,0.49094,0.13434
0.6527,0.53075,0.28563,0.28457,-0.58545,-0.27747,1.7053,-0.82204,0.98408,0.10677
-0.73427,0.26452,-1.5818,-0.35565,-0.33994,-0.43748,-1.2125,0.36716,1.8965,1.3042
0.54063,-0.33194,-1.567,-1.4877,-1.9612,-0.55654,-0.75164,0.35827,-0.6821,0.044394
0.97584,1.0651,0.5862,-0.88288,0.23052,2.0079,0.85995,-0.064362,-0.085853,1.5945
-0.15687,-0.3964,-1.837,1.0829,-0.89963,-1.3247,1.0773,1.1625,-0.56717,-1.1605
0.2778,0.61585,-0.38098,-0.77003,-0.99616,-1.0985,1.6665,0.38787,0.97975,-1.6566
0.63952,-1.1578,1.2004,-0.11377,0.47949,-0.33092,0.40937,-0.69991,1.1067,-1.4264
-0.080978,-0.19304,-0.92276,0.64302,0.93189,-2.3513,-0.29826,1.364,1.1342,0.56727
0.54087,0.2863,2.3132,-0.79294,1.149,-0.39972,-1.3424,-0.012045,1.0408,1.0734
-1.2626,0.72122,1.1622,-1.6493,-0.58728,-0.45975,0.056769,-0.50354,-0.97677,0.16036
1.1104,0.03869,-1.6245,0.10001,1.4312,-1.0392,0.67447,-0.03081,-0.49572,0.9244
-0.98956,0.34314,0.98513,-0.85057,-0.22308,0.89328,0.37856,-1.539,0.13985,-0.5093
-1.8288,1.2561,-1.4799,-1.8461,0.23262,0.38148,1.8953,0.54336,-1.2388,-0.18327
1.3845,1.2442,-1.1327,-0.618,-1.3126,0.6896,2.3687,0.98494,1.7067,1.7346
-0.062727,-0.56312,1.9205,0.71867,2.4048,0.73115,0.42451,-0.59836,0.089885,-0.49155
0.44892,0.23462,1.013,-0.34533,2.4482,-1.5441,1.1704,0.51196,-1.1894,-0.34891
-0.36326,1.5473,2.0308,0.18625,-0.7178,0.7832,0.84623,0.66739,-1.4657,-0.63228
-1.0206,0.16698,1.2533,-0.018525,0.79259,-1.1917,-0.21599,1.1321,0.29669,0.81151
-3.073,0.031501,0.2723,1.4548,-2.4424,0.39985,-2.2528,-0.96346,-0.73999,0.90212
0.62628,1.4188,1.5395,0.46228,0.20918,3.317,-0.37511,0.28133,-0.1711,-0.8188
-0.28668,0.89204,-1.7013,0.55629,0.95043,1.1942,-2.1253,0.60115,-0.43138,1.1408
-0.19734,-0.65707,0.51673,-0.70564,0.073945,-0.33569,-0.54068,0.79546,0.1485,-0.024263
0.40561,0.003798,-0.4352,-0.16301,-0.047615,-0.56723,0.53171,1.8741,-0.19777,1.0057
-1.4193,-1.1241,0.05937,0.70847,-0.97033,-0.040439,-0.2084,-0.26341,1.8259,-0.19396
-0.72945,-0.2487,1.1195,-0.22369,-0.50665,1.1775,1.362,0.819,-0.46276,-1.0206
1.1473,0.89867,1.6034,-0.16557,-0.52904,-0.05113,-3.0676,-0.77486,-1.62,-0.45372
0.59786,-1.2881,-0.491,-0.0019367,0.17465,2.4819,0.89145,0.37338,-0.74103,1.8478
-1.2813,1.0216,-0.94629,-0.61575,2.8882,-2.272,-1.4664,-1.1881,0.60908,0.63833
-2.2033,-0.38425,-0.21348,-0.98769,-1.1613,-0.38282,2.1719,0.77449,1.6938,0.30776
-0.57125,-0.69743,0.72925,0.47283,-1.9246,-1.2264,0.025358,1.1657,-1.3236,-0.96166
0.214,-0.73442,-0.14547,0.18522,0.77821,-1.8032,0.013226,0.91755,1.7411,0.13505
0.94238,-2.1297,-0.092665,-1.462,-0.13447,-1.1516,1.3564,-0.13043,-0.29539,0.016603
0.093725,-0.094252,0.73462,0.13729,1.6057,-0.61421,-1.2338,-0.47489,0.76889,-0.66179
-1.1223,-1.152,-0.68319,0.22256,0.6501,-0.11902,-1.5144,0.67174,0.71451,0.84368
0.30616,-1.6792,0.90225,-1.3008,-0.97078,1.0438,0.79141,-1.1017,-1.8374,-1.9061
-1.1723,-0.0049894,0.68602,0.93136,-1.3756,0.93693,2.4705,-0.38877,-0.073531,-0.14887
-0.96097,-0.5875,-0.24291,0.53486,0.72186,-0.35309,0.94258,-0.39159,-0.16744,0.024253
-0.65374,-0.39927,1.7945,0.05532,0.98449,1.1732,0.55814,-0.67883,0.80715,1.2185
-1.2294,0.12421,-1.8351,0.62794,-0.65846,0.63447,0.50807,1.3352,-0.8876,-0.31703
-0.27097,0.16438,1.4619,-1.4964,0.51038,0.18271,-0.3039,-1.0085,0.62618,1.6727
-0.89995,-0.35009,-0.028469,-0.94469,0.89011,0.64689,-0.17743,-1.6164,-1.222,-0.75159
-0.28569,-0.28529,-1.269,-0.67395,-0.8792,-0.33204,0.18185,-1.2126,-0.039653,1.4351
-0.46242,-0.39783,0.30553,1.1904,-0.35247,0.34485,2.3933,-0.89975,0.3778,-2.0712
-0.40979,-0.25638,-1.1805,-1.4756,0.7536,-0.18684,-1.7154,2.4093,-0.9711,-0.95743
-0.50354,-0.93547,2.3974,0.92938,0.43068,0.69251,0.40896,-0.35698,-0.8576,0.10639
1.2333,-1.3075,0.6269,-0.38867,-0.87603,-1.0923,0.32469,1.1003,-0.38559,-1.4275
0.61031,-1.1253,-1.899,1.2177,0.62835,0.87166,-1.0713,-1.0323,-2.4271,-2.8384
0.059072,0.52786,-0.75209,0.23733,0.95527,-0.39132,0.3295,-0.4463,0.96261,0.46944
-1.4669,0.0054423,-0.0087129,-0.15511,0.80205,1.0685,0.20879,-0.34699,-0.75324,-0.81744
-1.6258,0.89986,-0.46836,0.63199,-1.3248,0.56328,-0.77458,-0.67838,-0.36784,-1.8608
-1.9648,1.18,0.51262,-1.2952,-0.40642,1.1121,-0.05683,-1.6728,-0.20105,0.17964
2.6052,-0.7637,-1.9455,0.91745,-0.054564,0.21961,-1.2811,0.92118,1.4219,1.3253
0.97237,-1.0567,1.0226,-0.081059,0.70741,1.3569,-0.83529,0.29334,0.059882,-0.6147
0.25698,-1.8606,-1.6066,0.77637,0.6552,-1.5531,0.2503,0.19713,1.5527,1.0835
-0.97424,-0.21111,-1.1005,0.23554,-0.060876,-0.83038,0.53519,1.3699,-0.46467,0.93172
-1.1464,0.6913,-0.75787,0.26461,0.035341,0.40242,-1.0682,-0.99225,-1.768,-2.337
0.54764,1.4982,2.5469,0.39547,0.20343,-0.55272,-1.9542,-0.91229,-0.57496,-1.5242
1.5651,0.076073,-0.43638,-1.2094,0.49894,-0.4631,-0.61592,-0.54312,-0.66926,0.056724
-1.6933,-0.46479,1.3453,0.091857,0.65276,-0.26834,-0.98151,-1.4007,-0.32712,0.30439
-0.4494,0.22029,-1.0125,-1.0292,-1.5096,-0.83125,0.51972,-0.34704,0.6177,2.1177
-0.084292,-0.82179,-0.10197,0.32678,-1.3034,-1.2466,0.77301,-0.01094,-0.70007,-2.0538
-1.992,0.090596,1.5738,1.0311,0.4542,-0.51621,-0.27027,-0.69343,-0.086347,1.8692
0.84125,-0.080848,-0.52849,0.57205,0.028084,0.19253,-1.401,1.4919,-1.1013,-0.1584
-0.41466,-1.2385,0.78785,-0.11598,1.58,0.079463,-0.2902,-0.67137,-0.64134,1.0811
1.9122,-0.33643,0.81879,-0.78954,0.13383,0.78456,-0.02095,0.4716,0.30592,-0.33466
-0.3909,0.46254,0.49984,-1.2987,-0.99577,-1.3679,-0.025842,1.3886,0.39414,1.3356
0.40918,1.4247,-0.96933,0.18056,0.10749,-1.5469,-0.20694,0.6504,2.3465,1.3838
-1.1424,0.55028,-0.32405,1.6801,-0.59783,-1.6015,-0.85226,1.9976,1.6822,-0.020408
-0.62486,1.9425,0.60296,0.21946,-0.91528,1.2449,2.9951,0.30554,0.47488,1.5936
-1.1687,-0.69362,-0.37424,0.029881,-1.9969,-1.3703,0.10037,1.2113,0.61254,-0.27256
0.39258,0.18509,-0.40895,0.67193,0.42522,-0.55478,0.46857,0.25276,-1.0068,-0.56269
1.3018,-0.16687,1.9488,-0.19526,0.13071,0.28944,0.042677,-0.38426,-2.6407,-0.8026
-0.59364,0.14752,0.7222,0.5891,0.17362,-0.29569,1.3681,0.54788,0.43086,0.74786
0.43638,-1.0763,0.34344,-0.1614,-0.88068,1.683,0.10821,0.69676,-1.8271,-0.11777
-0.50436,-0.10341,-0.9335,0.93591,-0.11212,-0.80849,0.26451,-0.94706,0.30201,0.76681
0.10211,-0.31536,0.5487,-0.26214,-0.93201,0.37759,1.5981,-0.32954,-1.6954,-0.88299
1.1963,-0.37326,-1.6814,-0.58726,-0.11755,-0.49286,-1.6267,3.4767,-1.4817,-0.73077
0.12028,-0.36425,0.77114,1.9259,0.96811,1.5111,-0.087004,0.45347,-1.1,0.85888
-1.0368,-0.25827,0.65025,-0.71343,-1.117,-0.99904,-0.69567,1.135,-0.22844,-0.55991
-0.8571,0.0088412,0.19239,-0.036592,0.28913,0.17233,-0.11585,1.3417,-1.8722,0.69268
-0.16987,1.2959,1.5615,0.34044,0.60665,0.60075,-0.075102,0.63753,-0.90357,0.83721
-0.19167,-0.37907,-0.79298,-0.14836,2.0269,1.3034,-0.35942,0.49503,0.51539,0.90299
-0.86582,-0.0053355,1.8171,0.055676,-1.8135,-0.057869,0.74864,-1.721,0.60637,0.1494
0.18066,-1.6469,-0.02535,-0.077066,1.3533,-1.2104,-0.69942,-0.24954,0.15599,-0.92131
1.2665,0.18607,-0.51234,-2.3164,1.4025,-0.68883,-0.9367,0.72994,-0.25396,1.4299
-0.25117,0.080752,1.6375,-0.50945,-0.7227,-0.21599,1.812,-0.3792,-1.3499,1.5892
-0.20457,-0.647,-1.8761,-0.14916,1.6222,0.43825,1.4154,1.4517,-1.4123,-2.3087
-2.2015,0.3702,-1.1609,-0.73709,0.014053,0.26287,1.1594,-0.51832,-0.41787,0.16671
-0.77451,-0.28667,-0.069854,0.55505,-0.95685,0.0051869,2.5833,-0.095074,-0.85197,-0.14334
-1.3933,-0.27147,1.318,-1.5459,-0.74301,-0.58358,1.9281,-0.10472,0.13449,0.77742
-0.38623,-1.1293,0.54088,-0.38333,-0.14575,0.10731,-0.49158,-0.50494,-1.168,2.1003
0.52559,0.8773,0.46725,-0.60471,2.3131,0.6533,0.86343,-0.42792,-0.80922,0.2112
1.5233,-0.92228,-0.42995,0.77763,-1.5008,0.20873,0.59516,1.1687,0.59764,-2.2182
1.7985,0.1078,-3.169,0.68137,-0.89954,1.3699,-0.0069814,-0.97803,-0.26725,0.13429
-0.11688,0.11893,-1.6161,0.3334,-0.77955,0.36567,1.3156,-0.49721,1.1146,-0.53939
-0.3202,0.71844,0.074097,0.17091,1.2753,1.3826,1.0509,1.0112,1.0108,-2.6304
0.81752,0.73908,0.0016143,-0.92334,-0.42472,-0.59616,1.1142,-0.3849,-1.5663,0.91629
0.49016,-1.3553,1.1382,0.29358,-0.76662,1.2623,-1.1392,0.60997,0.68156,-0.4502
0.76525,1.2905,0.52809,0.53738,-0.42092,1.273,0.48208,-0.8764,-0.58582,-0.50929
0.77828,0.57342,0.81465,0.89751,-2.07,0.80564,-1.2951,0.73472,1.6318,-1.5931
-1.4803,-0.94955,0.40601,-0.23665,0.2533,0.49543,-0.37067,0.66862,-0.070602,1.6763
0.54036,-0.98969,-0.35434,1.2676,-0.9842,-1.5316,-0.43848,-0.81914,2.0232,-0.30113
-0.091539,-0.40949,0.46204,1.2786,-0.1443,0.3102,0.091234,-0.85921,0.90293,0.54848
-0.76025,-0.53584,0.63255,0.93681,-0.0093199,-0.17608,-0.6428,0.13371,0.13231,-0.15468
-0.6936,0.9655,-0.40596,-0.75513,-2.1852,0.80754,1.8607,0.59627,-1.4835,-1.1395
1.2815,1.0186,0.28753,0.4265,0.12075,-0.54796,-1.1534,-1.4824,-0.24731,-0.62339
-0.80974,0.2113,0.89008,-1.2243,-0.25271,1.2008,0.42896,0.81946,-0.52961,-0.64239
-1.2368,1.0264,-0.30541,0.53966,0.14035,-1.1781,0.73118,-0.92708,-0.83193,0.28148
0.21469,0.10982,-0.82357,0.17893,0.17136,0.45852,-0.49476,-0.81466,-1.165,1.9974
2.0108,1.3266,1.9727,-0.28676,-1.0149,0.14482,0.3663,-1.8608,1.9445,0.05294
0.025554,1.2186,-0.80134,-0.65116,0.95102,0.14886,0.12157,-0.033798,0.68192,-0.19751
0.3083,-1.2688,2.9822,-0.49554,-1.1134,0.14515,-1.6707,-0.83327,0.28876,-0.39782
-0.93825,0.83629,0.14126,-1.7242,-0.44742,1.1578,-0.12826,-0.55543,-0.7168,1.3945
1.6742,0.36797,-0.81401,-1.313,0.87698,0.32655,2.0579,-0.065414,-0.471,1.1937
0.12499,-0.21976,-0.61762,-1.1972,0.26522,0.55482,-1.0071,-0.30246,-1.0043,-1.0503
0.5301,0.84089,-0.86934,-0.57762,-0.85163,-1.9339,-1.4279,-0.59489,1.0026,-0.97834
-0.95207,-0.45009,0.33913,0.35722,-0.39151,-0.011924,0.11441,-0.069253,0.20282,0.56227
0.85404,-0.56585,-0.31278,-1.8495,1.5498,1.5549,-0.52501,0.81389,0.44333,0.71911
0.38915,0.56647,-0.40443,-0.048561,0.12082,-0.85908,1.7228,-0.77006,0.31079,1.1312
-1.156,-0.10594,-0.14968,-1.5079,-1.435,1.1393,-0.47478,0.8934,0.070044,0.53275
0.03974,0.095586,0.74129,0.03624,0.69354,-0.14866,-1.5717,1.2553,0.60496,-0.56553
-0.4506,1.1473,0.92899,0.15919,-1.187,-1.4197,0.41778,-0.79687,1.5642,-0.65636
0.10925,-0.49555,-0.76472,0.57996,0.17428,-0.88495,-0.50424,1.1349,0.19749,-0.81842
-0.25055,0.24171,-1.56,-0.11648,-0.44803,0.19729,-2.0424,0.35048,-2.1309,1.4071
-0.1899,0.76768,-1.1796,0.28724,-0.39236,-0.026717,0.60213,-1.1672,-0.18988,0.53894
-1.0329,-1.1653,-0.99907,0.88137,0.055157,1.105,-0.081977,0.41928,-0.54696,-1.2616
-0.32329,0.10289,-0.6835,0.42709,-0.12808,-0.85697,0.00010893,0.97013,0.11376,-2.0393
0.76653,-0.16963,-1.2774,0.59144,1.6172,0.40505,-1.0187,-0.1786,-0.16193,1.4855
1.7447,0.45727,-0.65117,-0.89355,-2.2919,0.26372,0.75349,0.28398,-0.19602,-0.74511
-1.1605,0.26206,0.23355,0.21446,-0.42691,0.31757,-0.084228,-1.294,-0.65416,0.087994
2.3774,0.029127,0.62027,-0.024705,-0.91792,1.9049,0.73787,0.78155,1.7702,-0.028594
1.5261,-0.82139,0.050317,-1.2528,-1.6734,-0.20866,-1.1523,-0.42075,0.16296,-0.7342
0.16851,0.92337,0.61845,1.4987,-0.86825,-0.52191,1.9969,0.9352,-0.36175,-2.0038
-0.30121,1.4929,-0.8811,-1.0184,-0.77863,0.42891,-0.44928,0.29065,0.33636,1.0107
-0.69865,0.49234,-0.60726,-0.1066,-0.44958,-0.59309,0.061121,0.62991,-0.65527,0.84301
0.83277,0.84527,-0.3814,1.6648,0.43804,0.57673,-0.7789,1.2471,0.77215,-1.0815
-0.69461,0.048235,-0.8077,0.40444,-1.2419,1.0963,-2.5951,-1.6014,-1.4833,1.3724
-0.46188,-0.39443,-0.3582,-0.28106,-0.22739,-1.6931,2.6774,-0.32449,0.22584,0.78506
0.88362,0.18061,-0.15882,0.95612,-0.69158,0.8935,0.073208,1.2767,1.3472,-2.3979
0.43594,-1.5527,-1.1361,1.5114,0.57846,1.4854,-1.0347,-1.1344,0.97091,0.53991
0.89675,1.6593,1.8311,-0.26658,1.6466,-0.10769,-0.022344,1.021,0.53781,-0.21446
0.50473,0.93052,1.337,1.4515,-1.2908,1.6926,-0.40485,0.10164,-0.63509,1.1477
-0.4009,-1.8328,1.3684,0.9085,-0.23022,-0.87632,0.33103,-0.058917,1.9095,-0.41302
-0.51385,-1.3128,0.9012,1.3973,0.92464,-2.1239,-0.78745,0.66547,-0.62356,-1.1794
0.79637,0.57538,-0.80788,1.1384,-1.6057,0.33288,-0.65075,0.20898,-0.4863,1.2581
-0.67119,-0.16099,0.40863,0.33609,1.8763,0.31907,-0.6473,-0.49504,-2.0848,1.4817
1.1867,-0.030443,0.11862,-1.2114,0.21707,-1.7643,-1.0928,-0.027136,-0.0074398,-0.55998
0.7907,-1.6021,0.4984,0.897,0.4368,2.2066,-0.94553,-0.28727,0.42733,-0.68521
0.28772,0.1255,1.6096,0.5967,-0.4616,0.3602,-0.1139,-1.265,-0.4864,-0.52012
0.0032261,0.18054,-0.58786,-0.77626,0.21941,-0.032103,1.0779,0.33595,1.1934,0.8385
0.36562,0.63511,1.0741,0.49506,0.09861,-0.41555,-1.8111,1.2305,0.76412,1.2831
3.5267,-1.4727,0.56652,-0.12002,-0.53514,-0.37187,0.68525,2.1814,-1.8226,0.37059
-0.11244,1.0203,0.50862,0.51983,0.048597,0.45562,1.6681,-0.6725,1.4559,0.25392
-1.5566,-1.0616,-0.15068,0.1439,1.8808,0.55181,-0.60918,0.072927,-0.87164,0.49908
1.9151,0.060541,-1.3057,1.3658,1.1155,2.4372,0.51891,-2.0898,1.3318,1.6447
0.60985,1.5133,-0.4272,-1.5256,1.1114,-0.063983,-0.20588,-0.15101,-0.30121,-2.3905
-0.64791,1.3295,-0.89898,0.78826,-0.45572,0.12658,-2.6235,2.7922,0.47682,0.33939
2.6173,0.38821,-0.3595,0.47151,-1.0754,-1.1393,0.33193,-0.31391,0.047208,-0.31371
0.55095,1.0619,1.7836,-0.2233,0.93764,2.1574,-0.97468,-0.20551,0.6696,1.1632
0.2942,-1.1526,-1.5623,-1.1006,-0.20811,-1.3705,-0.71068,0.25525,-0.17823,0.39701
-0.77784,0.82407,-0.70681,0.66259,-0.36991,-0.28361,-1.2871,-0.46588,0.42403,-0.17258
-1.0649,0.91364,0.94956,-1.4366,0.2139,-0.29763,0.061666,-1.7312,-1.4804,-0.52388
-1.7684,-1.0292,-1.2393,0.94103,0.62151,-0.92309,0.60025,0.80402,0.17187,0.25994
-0.42292,0.13901,1.1863,0.56438,-0.40548,0.36385,-1.0818,0.61985,2.5123,0.2012
-1.0531,2.8584,0.67866,-1.4303,-0.13601,0.042665,-0.22879,-0.047905,0.22202,0.74141
0.64776,0.96179,1.0488,0.11595,-1.155,1.6121,-0.5179,-0.19765,-0.086164,0.1797
-0.31763,1.2449,1.6416,0.64897,0.92812,-0.86598,0.71331,1.7193,-1.2316,-0.16085
1.769,0.60705,0.90258,-0.11604,1.7473,-1.0546,0.49861,0.66407,1.2021,0.71245
1.5106,-1.1578,-1.8678,-1.0918,-0.14415,1.845,-0.28285,0.50424,-0.1254,-0.37306
0.16401,-1.8989,0.078235,0.97306,-1.1136,0.70337,0.26592,0.4987,-0.37998,-0.86934
-0.28276,-0.080191,0.84798,1.3383,-0.20749,0.35325,-0.62281,-0.089903,1.8332,-0.3375
1.1522,-1.0158,-2.9024,-0.282,0.26456,-1.2877,0.36784,-0.09605,-1.6223,-0.38946
-1.1465,-1.4445,-0.70536,0.48967,0.71492,-0.30764,-0.93166,-0.36486,-0.56936,0.61966
