-1.0501,0.72381,-1.1575,-0.81126,0.83579,0.56666,-1.3562,-0.099616,-1.0353,-1.7034
0.46867,-1.8927,-2.2744,0.71628,1.6798,-0.12328,0.28197,-1.7719,0.78049,-0.31226
0.2829,-0.70315,-0.085914,0.72518,0.7531,-0.8658,0.90227,-0.53609,-0.52364,1.0452
1.3412,-0.65552,-1.1649,0.19935,-0.24793,0.025327,-0.20851,-0.25678,0.36655,-1.5247
0.3806,-1.3859,0.42024,1.4801,-0.82675,-0.62999,0.50193,-0.41103,-0.29151,-1.1419
1.4354,0.040294,1.2842,0.23159,-2.0623,0.73351,-1.243,0.38198,0.44711,0.62876
0.79959,-0.83936,-0.17114,-0.27114,1.9147,-0.80992,0.16576,-0.71116,0.36858,0.20813
1.6286,-1.0287,-1.1897,0.54756,1.2226,-0.34046,-0.3409,-1.0028,0.33168,0.83899
0.12911,1.1103,-1.7138,-0.52668,-0.28709,0.26097,-0.37534,0.06483,-1.2767,-1.2734
-2.0848,0.090191,-0.026614,-0.86815,0.18926,1.0524,0.11584,0.0038825,-1.46,-0.14608
-0.64711,1.1419,-0.29369,0.38335,-1.0116,-0.16117,0.18357,-1.4197,1.0763,-0.57585
-0.25173,0.30403,0.82464,0.51473,-0.77011,-0.016726,-1.3651,1.5353,0.28529,-0.64887
0.19022,1.8562,-0.31552,-0.62104,0.29775,-0.17628,2.0795,-2.1506,-0.39742,-0.30861
-0.46754,0.6186,0.74665,-0.28958,1.2403,-0.063582,0.09604,-0.091964,1.9448,-0.75045
0.53074,0.65186,0.40549,0.16394,0.25906,-0.25279,1.0454,-0.15855,0.62627,0.80223
0.24466,0.93734,1.2687,1.7171,1.7017,-0.97793,1.2621,-1.2,1.6373,0.22333
1.9464,-0.87309,0.62801,1.3818,0.43568,-0.49431,-1.4673,-0.21751,0.24483,-1.6959
-1.2771,-1.0504,-1.128,0.24231,-0.97936,0.25652,0.74717,1.4123,-0.051403,1.4327
0.0074575,1.0759,0.2781,-1.1869,-0.97333,0.42672,-1.096,0.98493,0.042124,-0.65346
-0.36346,0.90319,-1.8714,0.12669,0.54107,1.2433,0.010533,0.59375,-1.1264,0.81081
1.2668,-0.81633,-0.97612,-0.56002,-1.4203,-0.67001,-1.6284,0.30563,0.70852,-0.58707
0.53804,-0.10656,-0.57872,0.30273,0.24555,-1.443,0.29961,0.63522,0.043997,1.103
0.80682,-0.014247,-0.84404,0.86244,-0.82994,0.52386,-1.2461,-0.43281,0.086648,0.74659
-0.11147,0.5815,0.30621,0.023118,1.8646,0.10096,-0.82951,-0.37772,1.944,-0.097206
0.91289,0.34284,-1.1637,-0.082467,0.037967,0.24605,1.1912,-0.18746,1.4663,0.131
1.5246,-1.4667,2.1846,-1.0951,0.30082,0.63951,-1.7772,0.13295,0.52953,-1.9308
-0.69237,0.95296,0.68478,0.81472,-1.917,-0.22602,1.1912,0.19724,0.19328,1.9556
-0.90247,0.096192,0.88077,0.62591,-0.82874,0.25558,0.47027,0.20723,1.6792,1.082
0.070394,0.19863,1.1777,-0.28515,-0.89615,0.91848,-0.21616,-0.35199,-0.59775,-0.045607
-0.68847,0.30555,-2.9705,-1.2986,0.74748,0.14074,1.5265,2.6097,0.31633,1.0739
1.2309,0.20412,-0.48086,0.92266,1.2107,-0.99583,-0.39808,2.2145,-1.1036,0.61143
-0.27456,-0.27308,0.029512,-0.89869,-0.16009,-0.89694,1.4938,-0.16899,1.3699,1.4021
-1.1036,-0.99855,0.60309,-1.0207,0.306,-0.6436,-1.1469,-0.11455,1.2795,-1.3774
0.081196,-0.29466,1.8847,0.82511,-0.12791,0.13367,-0.28733,-1.094,-0.51023,-0.69404
-0.78575,-0.41727,0.36459,0.59555,-0.044794,-1.1432,0.38906,-0.39537,-0.82646,-0.5062
-1.4636,0.83024,0.12371,-0.034785,-0.59041,-0.35362,0.64748,-0.93402,0.57903,-0.23257
0.39685,2.4048,1.3082,-0.51408,-1.0321,0.39132,-0.18276,0.35855,0.96983,0.14321
-0.56429,-0.69904,0.26734,-0.055405,0.31804,-1.3264,1.0776,0.58954,-0.47676,-0.84114
0.37816,0.84331,-0.22439,0.61787,0.51532,-0.68977,-0.29728,-1.3925,-1.6418,0.1143
1.1705,0.43118,-0.96864,-0.017857,0.73003,1.1232,-1.4323,-0.39894,0.16339,0.64632
-0.045812,0.15427,-1.7236,1.0107,0.3489,-0.43955,-0.079056,0.29335,-0.45463,0.24015
-0.63506,0.75013,-0.55879,-0.43938,0.92162,-0.5336,0.55532,0.48375,-0.67943,0.70002
0.33138,0.47221,-0.59095,-0.53428,-0.52086,1.5515,2.2923,-0.20903,-0.7621,-0.063397
0.88219,0.11576,-0.48876,-3.0331,-0.38185,0.45778,0.33783,-2.332,0.51798,0.23394
0.41854,-1.2892,0.041325,0.70076,-0.054666,-1.3064,2.5398,1.1325,0.71093,-0.42394
-0.040548,-0.77869,1.1127,1.6574,0.0073376,-0.004592,0.22605,-0.41978,-0.57332,1.4355
-0.070144,1.387,-0.69025,-0.79411,0.058469,0.090376,-0.092457,-1.2781,-1.313,0.25034
-1.0147,0.80439,-1.4154,0.75805,-1.3603,0.73183,-1.0131,1.6428,-0.72606,-0.51768
-0.13375,0.46965,-0.081159,0.77888,-0.68163,-1.088,-1.1545,2.4717,0.48178,-0.62993
-0.0408,1.3233,-0.82241,0.26143,-0.057731,0.94587,0.13195,-1.4393,-0.62414,0.50977
0.60277,0.44765,1.6656,-1.7924,-1.1085,-0.43136,-0.38393,-0.090691,1.1745,0.34312
0.78226,0.077205,1.0787,0.92832,-1.4591,1.1714,1.0258,-0.14413,-0.046757,-0.94885
0.21464,-0.30057,2.6,1.4238,-0.098794,1.078,1.3761,1.6021,0.65592,2.1787
-0.80978,-0.50934,-0.94262,-0.2972,0.39949,1.8116,-0.063253,1.3189,-0.015685,-1.5547
-1.3853,-0.079462,0.6305,-1.1539,0.66279,2.0293,-0.42633,-0.80187,0.48444,-2.4934
0.090874,-1.509,0.4714,1.5821,-1.5067,-0.99159,-1.2712,-0.09683,-1.594,-0.96837
-0.21402,-0.28619,-0.55223,1.2273,-0.29852,-0.33568,-0.066909,-0.37547,1.0491,-0.56377
0.15087,1.3724,0.97381,0.44536,-0.18783,0.04863,-1.3977,0.79881,0.082019,-0.57557
-2.3554,-0.17063,-0.19902,-0.7127,-1.0571,0.26386,0.6648,-2.6918,0.67629,0.23919
0.62014,0.17661,-0.92777,0.30273,0.3466,-0.37422,0.23371,-0.98426,-1.0586,-1.2251
0.31062,0.27416,0.2745,0.19182,1.6558,-0.98169,-1.3195,-0.78192,0.75443,1.6111
-0.09078,2.1994,-0.85938,-1.3303,0.090268,0.56893,-1.6265,0.74589,0.83947,-0.62695
-0.39692,-1.0475,-0.71055,-1.0426,0.95019,0.93076,0.46703,0.64084,-0.91644,0.0088056
0.59468,-1.3608,-0.14817,-3.3694,1.4429,0.63891,-1.1935,-0.089662,-0.20236,1.3212
0.22019,0.64034,-0.019746,-0.16484,-0.51776,-2.2377,-0.44827,0.96102,-0.030399,-0.55558
-0.71651,0.82091,-0.72966,0.78738,1.978,0.16371,-0.53853,-1.187,-0.35798,-0.15918
0.011742,-0.54396,-1.5112,0.30106,-0.92386,0.53844,0.58089,0.036725,1.41,-1.0611
-0.955,-0.91793,0.34947,-0.93124,0.029483,-0.16881,-0.13619,-1.2594,0.17295,-1.2604
-0.77834,-0.18927,1.426,-0.83408,-1.2101,-1.3632,0.37709,-1.1621,0.72162,-0.49971
1.5288,-0.71367,0.2971,1.3097,-0.74868,0.71218,-0.27164,1.0538,-0.40181,0.57124
-1.8683,0.49723,-0.98453,1.0336,-0.081427,0.57992,0.6464,0.87977,1.6275,-0.03194
-1.221,0.20116,0.89716,1.3483,0.51223,1.0242,-0.1545,-0.61604,0.36031,0.058274
2.6502,-3.3318,-0.29035,-0.71282,1.6276,-1.8468,-0.49248,1.1895,0.057471,-1.4517
0.094925,0.12395,1.5445,0.34577,-0.56982,-2.3639,-0.36469,-0.32592,0.074612,1.471
0.39623,-0.98551,0.32632,0.85541,1.495,-0.83497,0.86731,1.1247,0.2647,0.48231
1.3575,-0.75113,-1.3936,0.53498,-0.60035,0.37886,-0.41836,0.1368,-1.3099,-0.34649
-1.9411,0.22271,-0.55326,-1.3833,-0.62946,0.12237,-0.63503,0.017181,0.67623,0.19722
1.7606,-0.62037,1.4169,-0.13712,0.66108,-1.2923,-0.66194,-0.35007,-0.98148,0.48675
1.0602,-1.3385,1.2376,3.3896,1.5288,-0.47933,1.7125,1.5134,0.067034,-0.31075
-1.0468,-0.19823,-0.61342,0.36528,0.25304,0.6588,-1.6602,0.74274,0.68537,1.0801
-0.27203,-0.74618,0.23409,-0.27623,-1.3228,-1.1696,-0.15959,0.27784,-0.58373,-0.1718
0.43687,-0.43417,-0.41311,2.3291,0.16303,1.578,1.8738,0.89483,-0.18367,-0.5
-0.86579,-1.68,-1.4127,-0.77897,1.547,0.16304,0.29836,0.61132,-1.0265,1.7513
-0.64002,0.89311,-1.6293,-0.84724,0.28819,-1.2551,-0.22406,-0.42761,0.18627,0.81606
-0.51928,-0.23402,1.919,-0.1567,1.1994,0.56399,-0.66843,-1.2671,1.0545,1.4248
-0.14848,0.11471,0.24925,0.59839,0.091516,1.3824,-1.1153,1.4018,0.70426,1.3331
-0.65086,-1.2045,0.64564,-1.5143,-1.34,-0.80352,0.89163,-1.8468,-0.54411,0.054637
0.59967,-0.15744,-0.96303,-1.2124,0.77808,-0.0043467,0.50167,-0.13788,-0.0024362,0.62177
0.094094,1.2834,1.2625,0.05203,-0.073739,-0.19768,2.364,0.55154,-0.31565,-0.9786
1.3812,-0.082462,-0.26143,0.58107,-1.6164,0.090334,-0.058268,0.94161,-0.75324,-1.8015
-0.75483,1.1244,-0.8912,-1.4197,1.418,1.5734,0.94339,0.79008,0.34737,-0.13323
0.96752,0.56526,-1.5678,0.85321,0.38921,1.8434,0.023098,0.4646,1.2042,-2.2256
0.53896,0.17613,-0.55761,0.76864,0.2074,0.26318,0.39409,0.63524,-0.099288,0.19921
0.64309,0.017211,-0.0084464,-1.8341,0.54183,-1.5528,0.50373,-0.85839,-0.88033,1.4446
-0.091186,-0.28406,1.1791,-0.64466,1.6119,0.23761,-1.0939,-1.2626,0.38384,0.19852
-0.08269,0.97967,-0.52419,-1.6595,1.2959,2.2895,0.48711,0.36673,0.41098,0.52818
-1.3351,0.54289,-1.4761,0.19886,-0.022515,-0.90705,1.4148,-0.16227,0.67465,1.1205
1.1733,-1.3282,0.59179,-0.053536,-0.59837,0.72403,1.2995,1.512,-0.7849,-0.44642
-0.19014,1.3947,-0.34058,0.50125,-1.2015,0.97758,-0.751,0.7392,0.077767,-0.80288
0.39567,0.032124,0.021459,0.029936,0.71044,1.1148,0.23417,-0.66489,-1.0255,1.6416
0.74472,0.72967,0.8276,-0.23398,1.0762,0.96458,2.4226,1.6314,1.0583,-0.37839
-0.25063,0.51025,-0.069708,0.68796,0.89796,-1.8648,0.82565,-0.52757,-1.1173,-1.0628
0.16538,1.2575,0.40406,0.28877,-0.46217,0.40456,0.64066,2.8993,-0.59813,0.12013
-0.4353,-0.94981,-0.20932,0.55574,-0.78813,-0.53837,-0.28716,-0.27182,-0.63167,-1.6475
1.1708,-0.18798,1.0081,0.1922,0.021342,1.1877,-1.7667,-0.45113,0.073365,0.64749
-0.90918,-0.30868,-0.37557,1.2591,0.48675,0.90984,0.8424,-1.8477,0.78657,0.064171
1.3014,1.4739,-2.8748,-0.54864,0.80021,-0.64974,-0.62611,-0.18868,-0.90324,0.48746
1.0414,2.3219,-0.061804,0.89237,1.8829,1.5142,-0.5091,-0.18944,1.3314,-0.58235
1.4752,-0.3592,-0.29645,0.6806,1.1,0.17656,1.732,-1.3259,-1.3962,-2.5364
0.28669,0.44098,1.8364,-1.1073,-1.1128,0.58643,1.4978,1.5844,0.20261,1.1735
1.4462,-1.3996,1.748,-0.46657,-1.1028,0.28271,0.79018,0.14709,0.37409,-0.96718
-0.060003,-0.12121,-0.43063,0.59196,0.35444,0.65265,-0.84335,0.11027,0.27336,-0.42527
-0.15847,-0.93124,1.7027,0.66323,0.94445,-1.5856,-0.058464,-1.2842,0.14494,-0.72056
-0.42484,0.46175,0.9984,-0.12301,-1.2942,-0.52594,-0.076035,-0.23629,0.11941,3.2312
0.45472,2.0212,0.90547,0.39209,-1.3124,0.92927,-0.30926,-0.73824,0.2578,0.30264
-0.41483,-0.033396,0.11061,-0.63481,-1.3374,-0.20875,-0.54966,1.651,-0.0032855,-0.15229
-0.058554,0.38759,-0.38102,1.6953,-1.6689,-0.43675,0.97063,-1.0962,-0.6725,-0.68184
-0.25316,0.99086,-0.36247,-0.66507,-0.094043,0.68613,-0.016612,-0.60124,0.89237,-1.2437
-0.2132,-0.94531,0.42982,1.9573,0.11937,-0.32738,-0.82236,0.29514,-0.71015,-0.94735
-2.1271,-1.6075,0.54501,1.2352,-0.63837,-0.25361,0.80217,-0.32093,0.81598,0.18989
-0.23553,-0.035824,0.38446,0.078507,-1.5143,-1.5876,-0.28852,2.037,0.30923,-0.46868
-1.7082,-0.86353,0.56085,0.80691,0.4067,-1.1948,0.94536,0.62962,0.95378,-1.8722
0.32226,1.3473,-0.91011,-1.0918,0.095848,-1.1962,-0.62516,-1.0307,-0.83003,0.68397
0.73987,1.432,-1.157,-0.56042,-1.2625,0.42938,-0.29553,0.040446,0.7119,-0.66427
-0.69741,-0.6766,-0.52053,-1.2504,-1.3146,0.30311,-0.3642,-0.33489,-1.6082,0.078091
0.6917,1.2859,-0.80284,0.65042,-1.8514,0.88801,1.2122,0.89726,-0.3705,1.6304
0.42789,-1.3159,0.70922,0.55279,1.061,0.31996,-0.44495,-1.1131,1.1107,0.53894
0.01239,0.3861,-0.81841,-0.53983,1.1394,0.43795,-1.5978,1.401,1.8016,0.21791
1.7559,0.058906,0.57775,-0.37524,-0.00056468,-0.18041,-0.72693,0.38659,-0.21627,-0.85821
0.77168,-0.027168,1.6982,0.56122,0.57042,0.33299,-1.2534,1.4664,-0.23302,0.25077
-0.031125,-0.56302,-0.88378,-1.0536,0.0091006,2.592,-1.4049,-0.3038,0.41827,0.93051
0.70127,-1.0322,0.58169,-0.25453,0.043338,-0.52378,-1.6115,-0.84841,-0.99832,-1.0447
0.64984,-0.30744,-0.051024,-0.62362,0.0094273,-1.1391,1.1152,0.44577,-1.8036,0.074659
1.6843,0.50628,-0.33313,-0.22372,1.0189,-1.1272,-0.93717,-0.24753,0.68235,-0.42252
-1.3898,0.32256,0.94455,-0.15001,-0.39024,-0.59651,1.6344,0.3346,-0.54763,0.20189
0.72904,1.0369,0.013993,-0.77196,-0.5305,-0.45562,-0.0019382,0.40249,-1.3204,-0.71557
0.20378,-0.63268,-0.082278,-0.55353,0.36187,1.7427,1.1061,-2.2383,-0.03802,0.56951
-0.90414,-0.92684,0.99652,-0.59305,-0.45114,-1.0225,-0.43122,2.0582,0.26648,0.0019686
-1.6584,0.17614,-0.15899,-0.3153,0.098443,-0.0028254,1.7347,-1.775,-0.99292,0.59127
-0.89092,-0.44394,-0.80087,-0.36603,0.8472,-0.11219,-1.2261,-1.0935,-1.1962,-0.15161
-0.095776,0.94606,0.45656,-0.37614,0.031842,1.596,0.73992,-1.1797,0.78422,0.11329
0.4085,-1.4504,1.4555,-0.71198,0.33713,3.3108,-0.40724,-0.68009,0.94689,1.1439
0.67386,-0.51693,0.23171,-1.6664,1.1124,-0.48018,0.77466,-1.663,-0.96941,-1.0882
-0.31735,0.092535,-0.38035,0.05278,1.1359,-0.24338,-0.54413,0.25048,1.1048,-0.051469
-0.23122,-0.56679,-2.1952,0.78639,-2.2332,-1.4031,-0.23982,-0.2886,-0.15353,0.39459
0.67517,-0.98635,1.9469,-1.2279,-0.058439,1.9008,1.3839,-1.7559,1.2875,1.4564
0.83125,1.0727,1.6815,0.2697,0.079579,0.087526,-0.85083,0.48218,0.75389,2.0032
1.2022,0.89191,1.0401,0.10173,-0.80386,-0.67608,-1.2316,0.35132,0.84472,-0.32082
-1.8981,1.6955,1.121,-0.59416,-0.57729,0.22486,-0.96107,-0.2705,0.27768,-1.0011
-1.2075,0.63924,-0.7963,-1.6976,-1.2638,-1.3576,-1.0484,-0.77525,-1.3896,0.36723
0.28613,-0.55335,0.24043,0.75963,-1.5539,-1.2967,0.0067879,0.93881,0.51429,-0.055348
1.0513,-0.27557,-0.00022298,-0.89077,-0.32022,-1.4134,-0.72343,-2.2306,1.1673,-0.36754
-0.89575,0.35919,1.1739,-1.1845,-1.3921,1.6912,-0.51758,-0.312,0.17776,-0.88861
-0.29006,1.1774,-0.33101,0.4441,1.4928,0.46175,-0.40771,0.63237,-0.26398,0.60771
-0.4559,-0.19121,0.70477,-0.063992,-0.68777,-0.26703,-1.1346,0.055442,2.2812,-1.1447
-0.067304,-1.6783,0.26293,-1.0902,-1.3365,0.60078,1.0467,1.8985,0.032471,-0.66432
-0.45279,-1.0073,1.5969,0.24597,0.82438,-0.35292,1.1961,0.43981,-0.36151,0.054418
0.75751,0.64613,0.7332,-1.9045,-1.9478,2.1102,-2.2115,-0.53599,0.40737,0.4438
-1.5502,0.0047428,0.96536,0.74276,-0.74081,1.2086,0.59627,1.4022,-0.70874,-0.74426
2.0213,0.93352,0.85947,0.25721,-0.21024,-0.063223,-0.44449,0.845,0.38816,0.29964
-1.3637,0.42863,-0.1256,-0.14973,1.2823,-1.3425,-1.4545,1.2947,-0.97981,0.23561
1.0088,-1.4163,1.2615,-0.81371,0.60438,0.46438,-0.50777,-0.58127,0.084071,-0.92324
1.1574,1.2529,1.6214,0.18954,0.22255,-1.9375,0.63404,-0.17357,1.2814,0.31755
-0.16657,-1.2515,-0.54207,0.8178,0.43392,-1.9031,-1.4141,0.69177,1.0319,-1.2856
0.17994,-0.082476,0.90517,-0.95073,0.76727,-0.83798,0.86479,-0.31352,-0.59554,-1.333
-0.44885,0.13134,-0.78762,0.9707,0.6248,-0.1517,-0.16846,-1.5353,-0.35211,0.11827
0.78508,0.42095,-1.0484,-0.68755,0.92208,-1.1077,0.79773,-0.43975,0.30357,-2.3143
0.32049,1.443,-0.42346,0.43008,0.45174,1.3741,0.91984,-1.4009,0.22365,0.64158
0.23096,1.0472,0.73018,0.74084,-0.64718,1.1431,-1.2147,-0.32744,-0.82162,-0.43186
0.85975,-0.9873,1.5111,-0.76797,-1.4541,0.61193,-0.78231,0.096278,-0.2823,0.75681
-0.084905,-0.96029,0.0060071,0.026958,-2.9368,0.23863,-0.13467,-2.1113,-0.3203,1.1433
1.2015,1.0222,-0.49171,-0.062649,-0.30815,-1.4012,0.80566,-0.80785,-0.43264,-0.61132
-0.023327,0.62866,0.57482,0.17244,0.96872,0.096965,0.6108,-0.13296,-0.16624,-0.93199
0.69358,0.18016,-0.37297,-0.79485,-0.81145,-0.19835,-1.0532,0.73293,-0.027523,-0.18019
0.076699,-0.04413,-0.060142,1.1836,-0.33014,0.42329,0.6194,-0.8265,-0.68959,-2.0862
0.51503,0.59277,0.36881,-0.90872,0.98382,0.5629,-0.87517,-0.54729,-1.0302,-0.86965
0.18114,-0.46729,1.0109,-0.34635,-0.020706,-0.65233,-0.29135,1.5229,-0.12134,1.0252
0.58882,2.15,0.54522,0.26265,-2.3799,-0.23819,-0.52357,0.27724,1.3068,-0.17855
-0.4196,-0.043851,-0.78894,-0.67684,-1.4584,0.29897,0.90384,0.91468,-0.54884,0.75893
1.1983,-0.03184,1.3965,0.82799,0.18278,1.4437,-0.86566,1.4402,-0.43246,-0.3389
-0.33767,-0.37152,0.18005,1.4436,-1.5823,-0.41982,2.8626,0.47603,-0.89214,0.26715
0.36772,0.2335,0.75692,0.68388,0.43848,0.49067,1.7089,0.68973,-0.31949,1.1694
-1.1358,0.14226,-0.41,0.08243,-0.63129,-0.655,1.4887,-0.13571,0.46134,1.2746
1.3806,-0.90601,-0.319,1.0645,0.78873,-1.0226,-0.078607,1.6151,-0.17181,0.28025
0.84611,0.93068,-1.5531,0.87215,-1.6882,0.94825,-1.1335,-1.2045,0.51473,-1.8213
-0.29986,-0.67955,-0.16008,-0.030154,0.11349,-1.5205,-0.67356,-0.12376,1.4142,-1.5392
-0.88634,-0.88505,2.2152,0.14902,-0.29,-2.6615,-0.77914,-0.68665,0.39036,-0.95739
-0.37772,0.47282,0.36036,1.7372,-0.09444,0.67172,0.60094,-0.027437,0.98673,1.776
0.38201,-0.47057,2.2986,-1.9154,0.041055,-1.7599,0.70475,-1.4659,1.4908,1.38
0.42905,-0.29326,0.4222,-1.4048,0.29084,0.78705,-0.14156,-0.084831,-0.23675,-0.89665
0.67513,-1.4578,0.017313,-0.48265,-1.1083,-0.15345,-0.94496,-0.46911,-0.99123,0.052664
-0.55145,-0.63781,-0.56539,-0.08802,-1.015,0.76702,-1.8825,-0.058558,1.4322,0.81272
0.041638,0.62448,0.69564,0.70079,-0.91628,0.71876,-0.54795,0.57534,1.0737,-0.57927
-0.16763,-0.22187,-0.1652,1.1506,-0.51444,0.64607,2.6703,0.010053,0.8876,-0.18424
-0.61591,-0.049172,-1.2875,0.3702,1.4843,0.25522,0.35322,-1.757,1.3623,0.99986
0.83676,-0.99989,0.43473,-1.1038,0.92218,0.24076,1.1527,0.29787,-1.3989,-0.67406
0.36016,-1.6856,2.041,-0.57594,0.70686,-0.26736,-1.5618,-0.037644,-1.2608,-0.45271
-0.33965,-0.83414,0.20444,1.08,-0.025248,-1.2188,-1.3914,0.99932,0.57448,-0.88974
-0.39886,-0.53694,-0.1282,-0.91655,0.16116,-0.59016,0.8583,-1.7008,-1.241,-1.5145
-0.028131,-0.43852,0.7602,0.78326,-0.71923,-0.32754,-0.60593,-1.1054,1.5993,-0.52402
-0.69522,1.0626,-2.5227,1.2686,0.79348,-1.5739,-0.93316,0.69034,0.9439,-0.9774
-0.89398,-0.30229,-0.29707,-0.85192,1.7322,-0.4164,1.2695,-1.0793,1.3465,1.3418
-0.070231,1.2976,-2.0029,1.3933,0.46516,-1.6526,-0.37255,1.3165,-1.4392,-0.87509
-0.39429,1.5161,-2.6278,0.49629,0.51756,1.4372,0.59757,0.53065,-0.29958,0.59708
-0.29155,0.14857,0.71141,-0.14809,-1.2592,-0.90526,0.40709,1.3418,1.078,0.96256
0.44734,-0.53086,0.011188,1.4475,0.78884,-0.79261,-1.4473,0.40345,-0.20017,-0.74572
1.7542,0.10748,0.10315,-0.32353,-0.86579,-0.036426,1.5681,-0.080579,-0.094062,1.554
-0.81576,-0.421,-0.19124,-1.0949,0.13072,-1.3475,-0.76995,-0.34535,-1.2225,-0.064734
1.8713,-0.22521,0.50561,-0.49525,0.17231,-0.35754,1.89,1.3006,-0.77199,1.0793
0.13456,0.71291,0.34361,0.33974,0.45711,0.017955,-0.26621,-0.47827,0.7241,-0.57422
-0.67643,0.7787,0.94428,0.43004,0.52768,-0.65554,0.70282,0.98561,0.47958,-0.36077
0.64947,-1.2867,0.34957,-1.0715,0.064632,0.62982,0.59616,-0.13553,-0.33364,-0.014993
0.39216,-1.1226,-0.15009,-1.0044,0.10206,-0.62416,1.323,-1.3089,0.33266,-0.21449
-0.54153,1.2571,0.80824,0.57014,1.5246,0.097559,-1.1183,1.4646,0.40665,-0.034158
0.12658,-0.49678,0.70341,0.20086,-1.3217,0.45601,1.0581,0.4457,-0.087328,0.1931
-1.4336,-0.55419,0.092915,-2.0159,0.20931,-0.10118,1.1458,0.85264,-0.20995,0.85115
-2.5611,1.5196,0.4441,0.73295,-0.23653,0.81026,-1.715,1.9198,-1.4184,-0.44464
0.30415,0.77966,1.1279,0.5098,-1.2008,-0.50393,-1.2641,-1.4379,-1.9424,-0.89981
-1.0833,1.2393,0.52437,-1.796,-0.8954,0.74261,1.0204,0.96379,-0.081629,-0.015779
0.6348,-0.5151,-0.64442,1.0924,2.7792,-0.51931,0.74819,-0.4481,0.71297,-0.82
0.60291,1.6334,0.18003,0.87083,-1.3666,0.094645,0.21691,-1.3481,-1.4792,0.47508
1.0182,-0.44537,0.32189,-0.67773,0.61917,0.16239,1.8742,1.4469,-1.655,-0.63971
0.64606,0.11895,1.9337,0.017796,-0.077177,-1.1724,1.1113,-0.23998,-0.64918,-0.72818
0.77143,-0.85553,0.47958,1.2996,1.1614,2.0897,-1.8503,-0.092081,-0.87879,-0.068483
-0.27783,0.15692,1.5498,0.9442,1.9774,-0.21096,-2.1651,-0.29328,1.3666,-0.27914
2.2408,-0.29084,-1.622,1.1125,0.51829,-0.98428,-0.38969,-1.9619,-0.89383,-0.2552
0.26779,0.46438,-0.39034,-0.5554,-0.0063044,-0.63676,0.62795,0.70324,1.5272,0.43438
0.39959,-1.1484,-0.23962,0.025193,0.69979,-0.87996,-0.61169,-0.9367,1.9142,-1.3384
1.3195,-1.1515,0.79251,0.081372,2.1194,0.24887,0.21949,0.2764,1.531,-1.937
-1.0434,-0.9256,-0.1018,1.0883,0.027824,1.1455,-0.53418,-1.0984,1.6592,0.39481
3.0315,-0.75751,-0.41596,1.2361,0.10207,0.11237,0.097883,0.8558,-1.493,0.61535
-1.2161,-0.85592,1.2529,1.048,-1.0626,-0.9011,0.5089,0.027813,-1.5678,0.22773
1.427,-0.55774,1.2821,-0.29914,0.34099,-0.23318,-0.27652,-0.86354,-0.87313,-0.48165
1.3355,-1.6055,-0.71,-0.12569,-1.1831,-0.42177,1.1736,-0.13658,-1.0989,-0.088403
-0.66764,-0.89414,0.68413,-1.5036,1.3508,-3.0326,1.6422,0.06007,0.048971,0.13159
-1.9715,-2.0823,0.094659,-0.24149,0.031821,1.378,-0.29822,0.51056,-0.1317,0.20905
-0.91386,-1.6331,0.47839,-0.89584,-0.4278,-0.48616,0.050939,1.3684,-0.013822,0.37906
0.16004,0.4255,-1.0723,0.69441,0.77525,0.090079,0.15439,-0.39094,0.43244,-1.0978
0.46476,-1.1506,-0.50623,-0.80688,-2.4128,-0.43189,-0.81428,-2.2247,-1.5241,1.239
0.3158,-0.13486,-0.6114,-0.15343,-1.0173,-0.96231,-0.039109,-0.58484,-0.63743,-0.060008
-0.47079,-0.73946,-0.99962,-1.2128,0.53853,0.66213,0.0041453,-1.0371,0.58871,-0.75416
-0.058319,0.80485,0.95736,-1.5809,-0.54222,-0.57508,0.26149,-0.1796,0.98424,-0.48655
1.7899,-2.3483,0.37403,0.4157,1.483,0.98099,-1.1591,-1.1413,0.95523,0.31935
0.42952,0.013495,1.14,-0.919,-0.31532,1.3732,-0.12444,-0.82662,0.71028,1.7507
-0.21091,1.549,0.12594,0.55596,0.33176,-2.1247,0.11049,-0.83343,1.6127,1.4042
0.018799,0.90474,1.8865,-1.2031,0.3027,0.3298,0.13233,1.4719,1.5022,0.33491
0.95701,0.66956,-0.41936,-0.64445,-0.047935,0.10029,-1.0333,0.042247,-0.94406,0.011888
-0.31752,-0.40945,0.53531,0.031147,1.7421,-1.9607,0.95447,1.3676,-0.12591,-0.13093
0.83674,3.3849,1.7763,0.34887,-0.32409,0.70228,-0.039607,0.62733,-0.62508,-0.14688
-0.80309,-0.097385,-1.9305,0.12407,-1.3813,0.70084,0.95883,-1.2353,-1.6939,0.68094
-0.71093,1.0318,2.0287,-1.8538,-0.95778,0.46261,-0.28472,0.028452,-0.91264,0.31294
-0.80069,1.7164,0.69589,-2.4397,-0.32087,0.76988,-0.81148,-0.63877,-0.76521,0.72329
-1.8163,-0.26546,-1.3733,1.1512,0.58119,-0.7909,0.089788,-0.40129,-0.79876,1.3782
1.429,0.027174,1.3538,-1.1594,-0.8531,-1.9329,-1.0636,0.762,0.60669,0.039813
1.2393,-0.35989,0.42883,-1.1232,-0.20353,-0.54897,-1.4136,-0.7898,0.99935,0.53388
-0.6849,-1.0129,-0.27257,-1.1426,-0.32005,0.77078,2.6917,-0.45335,1.8768,0.28095
0.52728,0.73019,0.2321,-0.48774,-0.92477,1.481,-0.67374,-0.579,1.3621,-0.18899
1.3547,-0.081872,1.1221,0.4853,1.4174,-0.3721,-0.66852,-1.215,0.77801,-0.70497
-0.85518,-1.8932,-0.95948,0.086317,0.31612,1.1837,0.61325,-0.0099817,1.3136,-0.076416
-0.97828,-0.046317,0.53003,0.81781,-1.1254,1.2804,0.87648,-0.081931,-1.1218,-1.0172
-0.41437,1.1022,-1.0667,-0.10306,-0.05254,-1.196,-1.5486,-1.2114,-0.55251,-0.015378
0.97628,-0.19631,2.2224,1.3966,0.71596,0.41911,-0.15395,0.41077,0.21716,1.6531
0.28623,0.43516,0.63871,1.2237,-1.0678,0.36557,-1.8998,0.2058,-1.0946,-0.1674
-0.16005,-0.17003,0.024493,-0.063295,1.3741,0.99136,1.4149,1.8864,0.90247,-0.97106
1.1014,-2.0405,0.013442,-0.68075,0.062922,-0.23738,0.23851,-0.13741,-0.61838,-0.29427
-1.0965,-0.52705,-0.22739,-0.34887,-0.63822,-1.7306,-0.053748,0.94023,0.88742,-0.35265
-1.0486,-0.20597,0.71542,-0.49942,-1.7151,-0.5088,-1.1133,-0.25739,-0.29702,-0.21965
0.018839,-1.5131,0.90488,0.29082,-0.012829,-0.30689,-0.74838,0.5514,0.95677,0.17972
0.37282,-1.9053,0.91907,0.49614,-3.4757,-1.0179,0.093206,-0.098627,-0.33126,-1.1624
0.31378,0.75162,1.7241,0.63862,-0.7016,0.70015,1.7535,-0.87256,0.20384,-0.21849
-0.94409,0.38767,-1.2341,0.27862,-1.0701,0.080724,-0.0035032,0.64428,0.30209,-0.10307
-0.40912,-0.78278,-0.27784,1.9109,1.2639,-0.0070367,-0.57818,-0.52204,0.86275,-2.0539
-0.25444,-1.7024,0.1138,0.17704,1.6821,1.3788,-0.2854,-0.48765,1.0379,-1.1766
0.18958,1.0771,-1.2539,0.58644,-1.7084,0.36845,0.90616,-0.65671,-0.252,-1.8778
0.15221,0.95959,0.67242,-0.91269,-0.5309,0.38333,-3.2132,0.91273,0.2362,1.9672
0.21973,-0.59704,-0.37706,2.0021,-1.5623,0.23941,-0.18521,0.12653,0.4018,-1.1989
-0.74604,-0.071981,-0.86144,0.45341,0.28054,0.86124,-1.0141,-1.9822,0.25507,-0.079163
0.56204,0.48077,1.5241,-0.0023781,-0.7877,0.33434,0.42633,0.55186,0.21576,-0.94497
1.0497,-0.2608,-0.74521,-0.21336,-1.4774,0.40647,1.1194,0.72674,-0.14151,-1.6163
-0.19879,0.15983,-2.3198,-0.42827,1.285,-0.47918,0.25924,0.61102,-0.62425,0.051003
-0.34435,1.8762,0.44309,1.3523,-0.85928,0.84764,0.78505,-0.22102,0.25087,-0.019484
0.50485,-0.0037027,0.58292,-1.0141,-0.77738,-1.1965,0.29891,1.0861,-0.39837,-0.16516
-0.82698,1.2631,-0.54796,0.81944,-0.015697,1.386,0.25753,0.3152,0.34605,2.1315
1.7386,0.90498,-1.0017,-1.0634,1.1839,0.33575,-0.76306,1.0114,1.9389,0.23222
-0.78759,-0.7493,1.4742,-1.7289,0.36082,-0.0472,-0.89668,1.0182,0.6106,0.32839
0.02235,1.2637,-1.9148,-1.9074,-0.47072,0.86036,-0.87278,-2.0863,1.2939,-0.76829
-0.78341,-0.61477,-1.3852,1.0052,0.24521,0.96484,-0.23973,-1.1951,1.6605,0.41583
-0.44915,0.44116,-2.4682,0.62976,-1.1548,-1.698,-1.1237,0.65452,-0.51375,-0.016225
-0.15596,-0.029795,0.16429,0.040874,0.80968,-0.73828,0.0086186,0.42094,0.5571,-1.3174
1.0223,-0.35644,-0.55285,0.44734,-1.4703,-0.021493,0.1935,-1.383,0.087985,-0.11086
-0.41011,1.1272,0.16544,0.11268,0.30894,1.4996,-0.81581,-0.24269,1.3538,0.51499
-0.032149,0.50879,-0.23761,1.7512,-1.0194,1.3397,1.4104,1.3963,1.3679,-1.0888
-0.16095,-0.15788,0.055632,0.30063,1.2445,0.67528,-1.3489,2.4943,-0.049776,-0.94191
1.2,0.84507,-0.83579,0.60737,1.2179,0.82424,-0.42158,-0.73498,0.0073641,0.58654
-2.0106,0.63919,1.1938,-1.1463,-0.50395,-0.23941,0.43081,0.48237,-1.2186,-0.56299
0.56477,0.73914,-0.20035,0.61447,0.11385,-1.5266,-0.21629,0.7233,-0.99199,-0.56488
0.077795,0.0027437,0.67435,-1.8207,-2.027,-0.28944,1.0513,-0.69883,-0.60847,-0.56305
-1.4579,-1.8569,-1.2387,0.97556,0.16673,-0.92993,1.2742,-0.54423,-0.57354,-0.2614
0.028888,0.35011,0.7489,0.62668,-0.32088,0.12014,-1.72,0.20072,0.45943,0.57935
-0.073353,1.1738,-0.55182,-0.67262,-1.8876,-0.46949,0.53873,0.11442,-0.31266,-1.6754
-0.027222,-0.44849,1.9304,0.48084,-0.067083,1.9864,-1.484,-2.4301,-0.71209,-0.61546
0.61654,-0.62868,-1.0335,-1.5364,0.0095478,1.9701,0.32697,0.98201,-0.26268,0.48677
0.014977,-0.097418,-1.5527,1.5388,-1.0908,0.4065,0.0080586,1.0431,0.19996,1.715
0.69067,0.52431,-1.0126,-1.6528,-1.4258,-1.8339,-0.95986,0.3328,0.016759,-0.70659
1.7191,0.33887,-0.67964,0.32095,0.78752,-0.21118,-0.066245,-0.014387,0.56815,0.81305
0.69548,-0.41816,0.30604,-1.5888,1.2308,1.1094,0.41967,-0.47022,-0.01965,-0.47329
-0.12087,1.5226,0.30196,0.76169,-0.24385,-0.03319,-0.511,-0.5046,0.063538,0.46192
-0.70777,-1.3244,0.76855,-0.57589,0.6377,0.97411,-0.48605,1.2149,1.2865,1.6001
1.8418,-1.3906,-1.08,0.32648,1.3798,1.9872,-1.0662,-0.51427,-0.94497,0.44889
-0.38175,2.4876,-0.42998,1.8613,0.57268,0.27775,0.32731,0.19576,1.0067,-0.092704
1.049,0.34379,0.49536,0.29837,0.11613,-0.95268,-0.40789,1.5179,2.579,0.1828
0.85535,1.0511,0.36574,-2.1221,-1.4732,0.28444,0.29033,0.75335,-0.62255,-0.7548
0.67598,-0.84905,-0.11791,-1.0453,-0.20576,0.31106,-0.85883,-3.1526,2.7059,-0.13255
0.3899,-0.15204,1.1039,-1.0308,0.75244,0.051224,1.2052,-0.68229,0.92793,0.79882
-0.56866,1.7506,-1.2974,-0.98958,0.016638,1.2245,0.31483,1.8755,-1.5001,-0.43775
0.76934,-0.077994,-1.5129,0.075533,0.46318,-0.7382,0.18981,-1.2992,-2.5875,-1.0286
-0.11495,-0.52208,1.0431,1.3549,-0.075376,0.22534,1.3167,-2.6546,-0.42134,-0.13947
0.019709,0.062982,-1.5239,1.1251,0.42928,-1.2387,0.52093,-1.0351,-1.6448,-1.0043
-0.032418,-2.2228,-1.2724,-0.15995,0.44461,0.26816,0.12571,0.18106,1.0055,-0.30844
-0.45265,0.89826,0.58364,-2.2282,-0.44993,0.10373,0.97779,-1.5742,-0.91583,-2.4434
-1.1911,-0.56902,0.28445,-0.20705,0.093915,-1.3599,0.16315,-1.1184,1.444,0.43512
-0.41852,-1.0056,-0.091337,-0.5904,-0.27804,0.33932,0.41095,0.25595,1.5064,-0.41884
1.2377,-0.48824,1.5138,1.052,0.28492,0.60058,1.075,-1.1705,-0.75084,0.092099
2.0043,-0.3245,-0.52945,0.29085,2.1723,1.8653,1.3133,0.70931,-0.21016,0.54939
-0.039978,-0.69532,0.35693,-0.82354,-0.88403,1.1282,-0.15781,-0.73022,-2.3104,-0.16358
0.63314,-2.0067,3.5855,0.40794,0.4022,-0.097853,1.409,-0.37595,0.59865,1.1186
0.43327,-0.80537,-1.2781,-0.83216,-0.3755,-0.30176,-1.8642,-2.2005,0.30172,-0.96958
-1.6543,-0.072025,0.54467,1.3151,0.44785,-0.77485,-0.75086,-0.8216,-0.45422,-1.0298
0.18818,-0.9776,0.68565,0.96557,0.82248,0.14681,0.57183,-1.0776,-0.98238,-0.8372
-0.91185,-0.57729,-0.91876,0.51782,-0.13801,-1.0926,0.61564,1.4588,0.87248,0.23463
-1.5916,-0.34629,0.37372,0.18063,1.363,1.6784,0.22852,0.351,0.42014,0.37947
-0.70118,0.14985,-0.6964,0.18399,-0.074458,1.0278,2.1496,-1.9526,1.163,0.69241
1.6813,0.072028,0.45918,-2.0334,-0.2224,0.39574,1.4281,0.87729,-0.41896,0.31895
0.091219,-0.61361,0.36988,-0.46675,0.46756,1.2252,-0.22623,-1.2136,0.38541,0.063839
-1.0744,-1.1821,-0.96617,0.69386,0.29126,-1.361,1.7918,1.3083,1.1106,1.6919
0.71617,-1.2308,1.7034,-0.70105,2.8636,1.0961,0.016084,-1.0164,-0.7598,-0.56299
0.4917,0.3899,-1.5929,-1.5376,1.1618,-1.086,-0.050212,0.55637,-0.20976,2.1429
-0.30947,-0.47789,0.1093,0.46396,1.3546,0.51888,-1.2913,-0.32634,-0.21169,0.54779
0.55934,0.60588,-0.77678,0.12087,-1.362,-1.6612,-1.7215,-0.4669,0.96485,0.77272
-0.28434,0.54068,1.0803,-1.4957,-0.40812,-0.076389,-0.75356,-1.5877,-0.11073,-0.21823
-1.2746,0.93367,0.47098,0.7364,-1.228,0.76296,-0.36332,-1.271,-1.3255,-0.39032
-1.2579,0.62557,-0.11908,-0.72499,2.9122,0.82634,1.728,0.86505,-0.78507,1.6763
-0.1366,-0.29332,0.49888,1.1791,-2.1382,-1.9048,1.059,-0.90276,0.69044,0.45437
-0.95836,0.06344,-0.4769,0.3987,-0.44924,2.9456,-0.24527,-0.48666,1.0916,-1.6128
-0.52417,0.2925,-0.96416,0.17575,1.3593,-1.7418,-1.2903,-0.27154,-0.67219,-1.1995
0.053023,-0.085424,0.59387,-0.19615,-1.6444,-2.2874,-0.91692,-1.2226,-0.022627,0.17891
0.1448,-1.0068,-0.511,0.57197,-0.69773,0.40423,1.194,0.19851,-0.58783,-0.82199
-1.5655,-0.47065,0.040632,-0.42837,0.84864,0.0016526,1.5661,-1.4031,0.42356,-0.11542
0.3132,1.8072,0.32305,0.66333,0.3281,-0.74764,-0.33921,0.031085,1.6589,0.7751
-0.093093,-0.43264,-1.3878,-0.98537,1.1114,1.1083,0.20534,0.029169,1.2943,2.533
0.64421,-1.1626,1.4149,-1.3048,1.0205,1.7798,-0.063854,-0.63048,0.42976,2.233
0.85534,0.13022,-0.72448,-0.461,0.84915,-1.8137,0.72763,1.0254,-0.90523,0.21986
-1.3168,-0.38637,-1.4462,-0.23614,0.29725,-1.6906,0.94024,0.080599,-0.80875,-0.7458
0.63482,1.6007,0.24079,0.91006,0.41282,0.55975,-0.15462,-0.3137,-0.56227,1.2891
0.15759,0.59127,-0.60154,0.82572,-0.83607,-0.36246,-0.82732,0.6238,-1.3026,-0.50854
1.3011,0.49151,1.0292,0.030852,-1.0647,-0.34717,0.87703,0.44466,-0.4121,1.3268
0.1884,-0.64757,1.5135,-1.7309,-1.5307,0.39139,-0.21914,-1.1628,0.90795,-0.42815
-0.73877,0.99277,-0.37811,0.3617,0.39155,0.93403,0.97218,1.0777,-1.344,-1.2931
-2.0463,-0.79045,1.1573,0.17027,-0.015238,0.12163,0.21211,-0.13813,0.6368,-1.1001
-1.019,1.2272,0.026989,-1.0846,0.31076,0.80392,0.089538,1.8524,-0.79018,-0.94407
-1.2079,-2.2014,-1.3457,0.052094,1.9924,2.2966,0.11178,1.1386,-0.32801,-1.358
0.15469,1.4875,-0.27619,-0.37225,1.5944,-2.7327,-0.15323,0.28799,-0.55955,-1.1503
-1.3467,-0.70372,-1.4904,-0.17467,0.56156,-1.2664,1.0478,0.057739,-1.6297,0.65963
-1.3989,-0.18462,1.8887,-0.96806,-0.36716,0.70108,-0.53063,0.72253,0.39638,0.83016
0.14188,-0.14377,-0.47795,0.2273,-1.4839,-0.90299,-0.37073,0.45773,-0.40068,0.58392
1.906,0.31185,-0.86172,0.58711,0.93517,-0.13287,0.63539,0.06263,-1.8063,-0.90582
-0.86766,0.29156,0.0044344,-0.55182,1.78,0.075606,-1.4123,0.42366,0.37456,1.0778
-1.5963,1.6175,-0.20201,0.53563,-0.70714,-0.58281,0.30351,-0.63338,0.75066,-0.69417
-2.3202,-0.082244,0.92138,-0.68085,0.23669,0.79236,-0.45128,0.54677,2.1434,0.93989
-0.88567,0.25217,0.0041085,-0.27725,0.9932,1.1061,-1.1877,-0.31558,-0.65978,-0.50619
0.54115,0.56162,-1.9074,4.2891,0.26552,0.98233,0.11528,0.70311,-0.48258,0.36256
-0.1731,0.26124,2.1296,2.2247,0.64773,0.84952,0.42093,-1.1088,0.19822,0.97025
0.021727,-0.24446,2.2003,-0.40594,-1.1475,1.7728,0.41672,2.7805,-0.36357,0.8254
0.67809,0.60011,1.4031,0.74889,1.6353,0.2513,1.3432,-0.17838,0.17844,-1.1225
1.4642,-0.92436,-1.4584,0.45196,-0.88221,0.086046,0.35129,-1.513,0.34382,-0.34052
-1.9276,-0.38543,-0.85353,-0.99053,-1.681,-0.3338,-0.32792,-1.5435,0.17332,-1.1617
-0.43089,0.50663,0.27926,0.31263,-1.7802,-0.3981,-0.35509,-0.9587,2.2562,-1.2764
-0.7305,0.030291,-1.7038,0.27088,1.7589,-0.11002,-0.20424,-0.058423,-1.0949,-2.0388
-0.67986,0.64219,-1.0367,-0.68809,-1.7325,0.58278,0.92349,-1.2905,-0.078594,2.0569
-2.5737,-0.50713,-0.44433,0.36009,1.1031,0.59881,-0.10139,0.25723,0.16539,-1.1392
-1.306,-0.82203,0.43561,-0.80145,1.0167,0.28973,-0.34423,-1.0095,-0.78553,-0.74753
1.2012,0.033044,0.38511,2.9531,-0.50291,2.5841,0.66781,0.12721,2.1849,1.294
0.68702,-0.20617,0.79123,0.92208,-1.023,-0.34733,0.78429,-1.2617,-0.25594,1.0166
0.091124,-1.4483,0.87504,-0.038827,1.88,0.4131,-1.6871,-0.49323,-0.70647,0.37297
0.71342,-0.028193,-0.66874,-0.37929,1.085,0.65341,-0.74948,-0.73912,-1.6366,-2.283
-1.3725,-0.078571,-1.5466,1.4776,-0.26069,-1.7235,0.72331,0.4571,0.46537,0.82983
-0.15595,-1.5459,-0.24402,-0.85898,0.42326,0.97556,0.55367,-0.70298,0.25215,-0.81667
-0.37259,-2.0838,1.3271,1.6354,-0.84415,-0.67745,0.21161,0.99347,-0.44338,-1.2491
0.74936,-0.52588,-0.25236,-0.0076206,-0.10759,0.26294,-0.39001,1.6547,0.94408,0.71505
1.4814,1.6304,1.1144,0.74156,-0.046218,1.6999,0.063711,-0.17156,1.1427,0.35285
-0.87395,0.42237,-1.2494,-0.50021,-0.48718,-0.26667,-1.5248,0.86598,0.52789,1.6527
1.0854,2.0006,1.1024,-0.5616,-0.31835,1.798,-0.80551,-1.2763,-0.77851,2.055
0.056387,-0.98517,0.74396,0.03347,0.2722,-0.75755,0.60584,1.0633,-0.44311,0.15897
1.2792,0.0799,1.2207,-0.8838,0.10737,-0.17498,1.6564,0.082486,-0.35368,0.45094
0.98538,-1.1229,0.57415,0.02908,-0.14753,-0.77503,0.67294,-1.4531,1.349,0.56511
-0.93272,1.7036,1.3216,-0.25019,-0.97725,0.7217,0.3118,-1.3653,1.3266,0.2209
1.9151,-1.2185,-0.39999,0.56619,-0.15546,-0.66495,-1.306,0.040775,1.2402,0.5383
-1.4392,0.17785,-0.92785,1.6063,0.057838,-0.073165,-0.72872,-1.3399,1.566,0.36613
0.21488,0.48634,1.0937,-0.17708,0.25982,-0.077793,0.76383,-0.89871,-1.0017,-1.0259
1.5819,-1.0543,1.8151,0.87912,0.62483,0.45544,1.0591,-0.69827,-0.014457,0.80889
-1.505,1.1619,-0.6864,0.00066092,0.93286,0.35098,0.1713,-2.6888,-1.5476,0.80906
-0.33421,-0.663,-0.38528,-1.1481,-0.0043948,-0.048072,0.81801,0.45787,1.4526,-0.89133
-0.38716,-1.3247,-0.77885,0.03862,-0.45486,-1.1968,-2.0194,-0.32104,-0.19072,-1.612
0.15993,0.12064,-0.1512,-1.3637,-0.17679,-0.092185,-0.24546,1.743,0.099014,-0.92486
0.58325,-0.2234,1.5683,1.1122,-0.7503,0.056204,-0.69435,-0.56768,0.79105,-0.13066
-0.28464,0.045063,-1.421,-1.6058,0.055546,-0.96704,0.088129,0.1024,-0.65154,0.96356
0.43856,-0.46834,0.035566,0.26581,-0.71044,-1.3736,0.94766,-0.42135,-0.12486,-0.58618
2.175,1.0938,-0.64711,-0.18881,-0.54656,0.89037,-0.31329,-0.28861,0.032009,1.46
1.5545,0.076461,-0.75845,-0.24007,1.3839,0.89759,-1.2884,1.1282,0.1919,-1.6213
1.7306,0.60623,-0.268,1.102,-0.015187,-1.3022,-1.0773,-0.74002,-0.091882,-0.91663
0.54712,-1.4682,-0.27515,0.43851,0.13623,-0.091262,-0.12659,-0.82861,0.25695,-0.76691
-0.68993,1.168,0.032284,1.1919,-0.40814,0.95242,-0.32339,-0.24851,-0.056921,1.0553
0.37107,-0.54503,-0.88426,0.10387,1.7989,-0.10853,-0.60546,0.70409,0.11574,0.95488
0.67908,1.2255,-0.58118,-0.61436,0.97813,-0.018499,1.4498,-0.86704,0.63616,-1.5771
1.0338,-1.0837,0.28138,-1.2801,-1.3213,0.43196,1.4006,0.88989,-0.12172,-0.46478
0.75788,0.10792,0.74373,0.002723,-1.2624,0.867,-1.9023,-0.24413,-1.1065,-0.5396
-0.60123,-2.4688,0.82123,-1.1089,0.46304,-1.4285,0.55258,0.21543,0.18032,-1.563
-1.2914,-0.62873,0.87898,-0.29377,-0.048926,1.9384,-1.256,-0.13782,0.11055,-0.0049348
-1.361,0.78052,0.64234,-0.90539,1.8318,2.1277,-0.90438,-0.40833,-1.0862,-0.46958
-0.54779,0.2621,-0.16687,0.43963,-1.9027,1.1132,0.26163,-0.5508,-0.37659,1.1875
0.50672,1.1572,-1.3379,-0.85344,0.83683,-1.0654,2.6124,-0.24213,0.91439,0.71392
1.5476,0.47941,1.178,1.6868,-0.41831,-0.47741,-0.25593,-0.051944,-0.80095,-0.41463
-0.094606,-1.2424,0.18231,1.245,0.096224,0.081032,-0.50834,0.61824,-0.19731,1.5718
0.92339,0.43018,-0.30451,-0.10198,-0.21895,-0.073613,-0.69621,-1.037,-0.50483,0.61277
-1.2251,-0.042124,-0.44758,-0.21141,-1.305,-0.59733,0.30821,0.91729,-1.2336,-1.0395
1.3386,1.8006,0.024315,0.1552,-1.2893,0.33281,-0.27996,1.1505,-1.2928,1.5634
0.076963,0.52977,0.74028,0.42434,-1.3144,0.67306,-0.79361,0.93746,-0.037352,-0.41407
1.243,0.98547,1.8482,0.62801,0.28032,0.16479,-0.00038948,1.268,-0.18683,0.33109
0.63709,0.48833,1.3431,-0.88615,-0.95998,0.2933,1.3969,-0.0015553,-0.30297,-0.50353
-0.6459,-0.44309,0.1937,0.80091,-1.1255,0.97027,-0.67149,-0.88955,1.1188,1.3173
-0.97366,0.71707,0.058396,-0.38576,-0.19804,-1.0303,-0.47698,-0.74989,0.73119,-0.46627
-2.308,0.79218,0.030655,-0.74856,-2.2004,-0.38444,-1.3686,-0.31516,1.306,-0.29476
-0.11481,0.93326,0.40817,0.33171,-1.219,-0.44126,-1.5269,-0.30296,1.0411,0.58465
-0.14919,-0.23229,-0.51394,0.21042,-0.71421,2.0485,0.33411,-0.11527,0.96113,-0.27411
-0.39518,-1.4223,0.085905,0.12472,-1.5466,1.5176,0.79037,0.49396,-0.40665,0.53544
0.91461,0.63681,-0.55633,-0.46551,1.3962,-0.027989,-0.84474,0.012096,-0.195,-0.19979
-0.012175,-0.52059,-0.56346,0.98674,0.94084,-0.60406,0.9293,-0.9943,-1.268,0.30338
0.68899,1.2232,-0.62938,-0.2403,-1.1696,0.95139,-1.4272,1.2089,0.14595,0.17486
0.76094,-0.49644,0.77167,-1.1468,1.6216,1.0691,1.1639,-3.192,-0.75056,-0.55692
0.27099,1.3975,0.66917,-1.279,0.13616,1.4811,1.3345,-1.8789,0.28731,-0.24837
-0.88573,1.7898,-0.16953,-1.9935,-0.39318,0.41041,-0.24647,-0.15471,0.11514,-1.1912
0.574,-1.001,1.1235,0.37429,-0.016693,0.5752,-0.89614,0.95249,2.0627,1.4017
-0.42585,0.56565,0.0036076,0.60202,-0.81183,-0.89061,0.51731,-0.10693,0.99594,0.8694
-1.45,0.98922,0.23442,-1.6883,0.60823,0.83755,-0.29216,-0.27073,-0.28696,1.8003
0.97398,0.34011,0.63463,-0.96411,0.15112,1.6064,0.4204,0.1072,-1.1871,1.4826
2.4461,-0.92433,-0.46754,0.86158,0.66704,0.58413,-0.83962,0.91734,-1.6834,0.53025
-0.79887,-1.3363,-0.68823,-0.39686,0.97225,-1.3491,1.1117,0.86268,0.28598,-0.10423
0.016135,1.2256,1.1399,-0.44673,-0.96538,-1.0107,-0.76603,-0.79414,1.0769,-0.45848
1.2323,0.37119,-0.011403,1.8703,0.61007,-0.43001,0.30492,0.58292,-0.012172,-0.394
-2.1316,-1.579,0.37666,0.90243,-2.2746,1.597,1.7851,-0.63622,-0.93795,-0.64643
-1.924,-1.1246,0.9222,-0.24861,-0.34508,-0.83183,-0.55339,0.93924,-1.6366,-1.6246
-0.24661,1.0234,-0.65923,-0.54419,-0.14854,0.077433,0.28417,0.15258,-1.0258,0.12207
1.0477,-0.62056,-0.64166,-1.3787,-1.4424,-0.23028,2.5088,-1.9782,0.26382,0.46978
3.3877,0.97023,0.20627,-0.44407,-0.56705,-0.29831,0.093881,-0.032494,-0.17657,1.7175
3.2124,0.9786,-0.44495,0.032121,-0.55898,-0.30218,0.46792,-0.32209,-0.24635,0.99393
1.0166,-0.78576,-1.3304,0.35477,-0.91497,0.46326,0.39148,1.5188,1.9655,1.7893
0.64108,1.1331,0.98265,-0.5833,1.2695,1.453,-0.90687,-0.55458,0.89396,-0.27582
-0.57226,0.79533,-0.4575,1.7449,0.22983,-0.16471,-0.096116,0.072511,0.81792,0.76439
-1.7824,-1.5402,1.0737,-0.74399,0.033121,-0.64659,0.35547,-0.96047,-0.56052,-0.076699
-0.097692,0.3243,-1.1074,0.014006,1.0464,0.2364,-0.9107,-0.85169,1.6003,-1.5812
0.17827,0.81457,-0.23788,-0.60252,0.82119,0.12133,-0.77,-0.69907,1.789,0.98713
0.097844,0.94294,0.12905,0.77521,-1.0767,-0.63701,0.74349,-0.38529,0.14545,-1.0604
1.6571,-0.43946,-0.58178,0.48307,-1.1669,0.59033,-1.5588,-0.084744,0.40993,0.40325
0.11138,0.93819,1.1089,-1.9186,-1.5934,1.4605,-1.1977,-2.156,-0.66442,-0.65507
1.6018,-1.3071,-0.59618,1.4539,-2.533,-0.29378,1.1332,-0.37282,-0.06618,0.59362
0.77009,-1.0065,-2.1881,0.87236,0.68824,-0.81053,-0.83958,0.644,0.7815,0.26958
0.80764,0.13452,1.009,0.52655,-2.3199,-2.2706,-0.48315,-0.15663,0.0002215,-0.54199
-1.4051,-0.1584,-2.3362,-1.6167,0.91274,0.69237,0.22423,-0.79295,0.10465,0.73569
0.79413,-0.44143,-0.90039,0.75498,2.3881,-0.45979,0.44358,-0.02776,1.5061,0.64473
0.65696,0.94126,-0.67341,-1.1888,0.52115,1.3856,1.3073,0.69786,-0.69866,-1.5749
-0.69896,0.80039,0.071824,-1.5267,0.82516,0.17369,-0.68786,1.3528,-0.6922,-0.14851
0.38272,-0.61308,-0.54176,-0.17835,-0.0091301,0.34614,0.38951,-0.54381,1.5417,0.21743
0.4539,-0.59538,0.82345,-0.74293,0.43224,0.014854,0.76918,0.41318,0.030041,-0.52273
0.55144,1.3035,0.0088347,1.1914,0.82837,-1.6055,-0.055398,-0.86829,-0.28818,-0.28017
0.72276,0.51921,-0.80227,1.0154,-0.02267,0.94321,0.64035,0.67996,-0.85732,1.9909
1.1698,-0.47738,0.47255,-0.11949,-0.92165,0.062007,-0.65119,1.6986,1.0988,-0.69355
0.080642,-1.2984,-0.49997,1.737,-2.3101,-0.63296,1.0967,1.6437,0.34239,0.70796
0.54286,0.23477,0.051481,0.74383,0.83329,0.47615,-1.8918,0.40063,0.066663,0.38591
0.010722,-0.5245,-0.085202,0.11297,-0.39282,-1.6932,0.61297,-0.11115,-0.43631,-0.66932
0.98598,-1.1011,-0.346,-0.67137,-0.42144,-0.94247,0.50291,-1.1306,-0.74603,1.4374
-0.59723,-0.10432,2.278,0.10238,-0.46295,-1.7467,0.5646,-0.73912,-0.64659,1.4647
1.053,-0.0021619,-0.87629,-1.7107,1.3167,2.1185,-0.52449,-0.87451,0.27487,0.45169
-1.2154,0.10485,-0.094402,0.9291,-1.0462,-0.57715,-1.3422,-0.38748,0.46069,-0.44033
0.8844,-0.6375,0.076707,1.0015,-0.32389,-0.17267,-1.0496,0.24516,-0.86829,-0.16991
-0.13849,0.10611,0.88559,-0.12292,-1.2669,-0.89142,-1.2395,0.082023,0.071508,-0.98351
0.30856,0.051537,-0.18689,0.060884,-0.11211,0.49655,0.33758,0.81022,-1.5127,-0.97825
-0.34249,-0.089178,0.89836,-0.68239,0.40264,1.3101,0.82451,0.063878,-0.56227,0.91707
-0.12682,0.088917,-1.1803,-1.5649,0.075601,0.011335,0.55793,-1.0575,-0.4517,-0.4181
0.31648,-0.36083,1.6926,0.76546,1.2373,-0.8599,-1.1053,-0.19815,-1.1578,-0.42398
0.86802,1.3374,0.29634,0.82825,-0.42904,1.0931,0.53138,1.8605,0.16969,0.43636
0.88554,0.54643,-0.13523,0.48804,0.26373,1.6132,0.3364,0.1687,-0.71321,-1.4522
0.35197,-0.80059,-1.47,-1.2954,0.46795,0.40004,-0.45809,-0.10401,-0.6255,0.77766
1.2544,1.5325,-1.2459,0.45541,-0.57761,-1.764,0.18154,-1.7796,-0.46059,-1.1296
0.37409,-1.8485,-0.55944,0.23225,-0.38399,-0.67836,-1.0025,0.096514,-0.10651,1.2128
1.2201,-0.47481,-2.3741,-1.7384,0.5192,1.2752,0.29384,0.18445,-0.50847,0.99397
1.8975,0.80542,-0.061746,1.7625,0.2773,0.56237,0.60588,-0.55046,0.20386,-0.17885
-1.1789,1.7555,-1.0666,2.6261,0.0069624,-0.6049,-0.33006,0.58216,-1.1954,1.4273
-1.128,-0.59779,1.1894,0.74208,0.056477,-0.0010949,0.36448,0.71456,1.9308,0.35202
1.2492,2.0849,1.8447,0.34573,-0.032592,0.53653,0.28388,1.0491,0.67531,-0.001226
-0.15155,1.5509,-0.6048,0.048007,1.922,0.078874,-0.070597,-0.5294,-1.6237,1.0126
0.47717,0.94051,0.20803,-1.1267,-0.20087,1.2022,1.1864,-0.99397,-0.27057,1.9135
1.565,-0.17956,-0.29841,0.82182,0.52856,0.17771,1.2676,-1.9634,-0.236,1.4472
-0.63864,0.051225,-1.47,-1.2365,1.3332,-2.5778,-1.3873,-0.51373,1.2375,2.5503
-0.97264,1.8088,0.612,-0.073252,-0.67854,-0.53825,-0.1541,0.001691,0.17278,-1.8896
0.090446,1.389,-1.0085,-1.0307,-1.4495,-2.0263,0.50195,1.095,0.66143,-1.4252
0.18841,0.31582,-2.3083,-1.2129,0.22588,-0.56176,-0.89811,-0.29415,-0.68563,0.53856
0.52286,0.18831,0.23274,0.37498,0.22904,0.97238,-1.2073,-0.0083693,0.11856,1.6237
0.50468,1.5589,-0.47973,-0.40881,-0.33043,-0.20828,-2.2276,-0.57906,-0.079965,0.31743
-1.4254,0.65975,-0.3779,-0.34822,-0.74368,0.10118,0.18561,0.25721,-0.081317,-1.0783
-0.20341,0.044861,-1.5736,-0.75638,-0.61845,0.62656,1.9602,0.48674,0.67321,1.4706
-0.24065,0.18587,0.2307,1.8932,0.66753,0.15452,0.65752,0.13276,-1.2326,0.82766
-2.3429,0.54275,-0.3939,0.92633,0.84877,1.2184,1.4991,-1.5176,-0.03478,-0.33247
-1.3151,-0.58733,-0.53064,-0.62546,0.3771,-1.3353,0.16885,0.67311,2.4177,-0.75127
0.77196,-0.4218,-0.7132,1.905,-0.4815,1.3017,2.0864,-1.0175,-0.28951,0.30219
-1.1006,-0.77599,0.59771,-0.22773,0.83996,-1.6187,-0.01984,0.1846,1.3408,-0.45248
0.24274,0.35056,1.5797,-0.75031,-0.20339,-1.7184,2.0079,0.0076994,0.062845,-1.8067
-1.759,-0.18,-1.7302,-0.23221,0.25725,0.44529,0.54864,0.098419,-1.1587,-0.59525
0.29469,0.47578,0.46298,1.069,0.24757,-0.062378,-1.4776,1.4635,-0.45744,2.1049
0.88153,-1.2151,-0.20435,0.07248,0.26334,1.8979,-0.1791,-0.7892,0.17536,0.18583
1.1418,-0.73032,-0.20759,0.34463,-1.3485,0.83339,0.74445,1.3582,-0.68928,2.483
-0.43528,0.96844,0.80521,1.4483,-0.14025,-0.9268,-0.9667,1.5351,0.27694,-0.79297
-0.9802,0.30326,0.001774,-0.47121,0.8669,0.64486,0.97816,0.46782,1.1516,1.6266
0.78425,1.4632,-0.35049,-0.63362,-0.097482,-0.97983,-0.41059,0.29907,0.77971,-0.27134
-0.044802,1.0594,1.1167,1.7747,-0.056573,-1.9554,-0.71686,-0.21387,-1.1771,0.69482
0.057496,-0.0066608,-0.25039,1.3224,-0.38053,0.41714,0.36051,2.0997,0.54939,-2.9176
1.2289,0.52717,-0.24678,-0.94469,-0.11844,-1.6314,1.681,-1.2943,1.569,0.40162
1.8263,-0.074142,2.1211,0.78078,1.1847,1.3135,-0.8052,-1.0797,0.67968,0.19036
-0.87513,-0.30347,-0.78925,0.69404,-0.91541,-1.1634,-0.097927,1.3045,0.36881,0.2103
-0.48933,-0.95616,-0.42016,1.2431,0.21696,-0.40065,-0.7779,-0.75781,-1.566,0.5991
0.084889,0.63445,1.0189,-0.23747,-2.0211,-0.9986,-0.1734,-0.41285,-0.8056,0.3193
0.67121,0.71534,1.1766,-0.16784,1.7353,1.2237,-0.59886,-1.3848,0.64956,0.094215
1.3422,-0.21721,-0.4477,2.8433,-0.99314,-0.35692,0.5612,2.0289,0.46487,-0.40875
0.5677,-0.14062,-1.2049,1.4698,-0.3747,0.19887,-0.12903,-0.13026,-0.21351,-0.36108
-0.42855,0.21288,1.0576,-0.0099328,1.1965,0.81938,-0.055014,0.60786,0.19436,-0.60304
1.0024,0.82539,0.41262,-0.29059,0.74973,-0.44209,-0.92766,-1.0209,-0.68937,-0.25439
0.58151,-1.266,0.54964,-0.43968,0.12203,1.7672,-0.44845,-0.76032,0.29738,-2.0683
-0.16203,-0.11215,-0.50181,-0.027345,-0.037439,0.59517,0.70315,0.69601,-1.3994,-1.3676
0.59374,0.55087,1.1334,-1.2272,-0.17899,-0.40126,1.0179,0.27305,0.4458,-0.42984
0.20172,0.5641,-0.79784,-1.377,1.3008,-1.135,-0.54886,0.11719,0.39278,-0.95467
1.8235,0.79263,0.45741,0.63523,0.296,0.093399,-0.22062,0.027993,-0.36671,-0.67146
-0.25083,0.30271,-0.20261,-1.4238,-1.1252,-0.74643,2.1676,-0.27552,0.92788,0.7851
1.267,-0.30055,-0.76142,-1.2276,0.20551,-0.15817,0.74982,-1.4425,-1.0311,0.91538
1.1863,-0.572,1.3077,0.70088,0.16169,0.18584,-2.1625,-1.6446,0.27698,-0.90416
-0.53306,1.3339,0.75181,-0.66812,0.00061245,2.385,0.35384,1.3694,0.35185,0.47515
0.6803,0.65845,1.3871,0.85117,-0.17965,-2.3988,-0.28438,-0.18775,0.56864,1.2669
0.89845,0.9453,0.52839,0.3449,0.027234,1.1156,-1.1358,-0.89699,1.286,0.33069
1.6373,1.395,1.3373,-1.9276,-0.067967,0.41642,0.34189,0.55108,0.56403,-0.37907
-1.2966,0.12752,0.59737,0.73258,0.37622,1.371,0.41821,1.208,0.61698,0.24163
-0.80619,-0.31031,-0.21775,0.87824,0.34506,-0.034594,-0.13898,0.56116,0.22051,-1.1495
0.16088,0.24101,-0.49214,1.2362,-0.065609,1.0325,1.2542,-0.51438,-1.0505,-0.0036707
-2.3662,0.62946,0.62247,1.6791,-0.19836,0.58379,-0.6568,-0.97969,0.019758,1.0008
-1.5265,-1.7669,0.76603,-0.48435,-0.74831,0.16229,0.8335,0.16202,-0.67524,1.444
-1.8083,0.8672,0.88984,-0.1107,0.36888,0.095674,-1.1971,-1.0418,-0.059428,2.4891
0.69979,-1.6873,-1.2404,-0.78363,-0.46538,-1.0082,-0.91567,0.85748,0.5728,-0.38209
-0.63025,-0.11052,-0.9513,-0.98888,-1.4516,0.013477,-0.33344,0.84855,-0.84188,1.5913
3.002,-0.22853,1.618,0.20618,-0.89504,-0.43896,0.99521,-0.24834,-0.33851,-0.11895
0.81152,-1.9479,0.37538,-1.0657,0.68183,-0.15344,0.34834,0.40667,-1.3748,-0.63204
0.81473,-0.45549,0.3632,-0.2803,0.061235,1.1551,-0.29952,-0.31213,1.108,-1.3249
-0.1599,0.49849,0.22626,-0.52062,3.016,1.5205,-1.3335,1.8361,0.90607,-0.93559
-0.3127,0.83472,1.3737,0.0071146,-0.2168,0.55551,0.96606,0.34276,-0.11169,1.521
0.81478,-0.96568,1.2456,0.77611,-0.7524,-0.50443,1.2354,-0.14332,-0.6696,-0.16283
1.18,-1.3079,0.71411,-2.8704,0.4162,1.3196,0.57477,0.59365,-0.76183,0.24255
1.4593,1.3583,0.17358,0.66231,-0.042417,0.013087,0.29816,-0.70623,-0.036215,0.055327
1.3753,0.083792,-0.43748,0.774,0.59873,-0.81224,-0.71429,0.58309,-0.4284,0.47266
1.0926,-0.62408,-0.26052,-0.45117,1.3318,1.4763,0.43678,0.53874,-2.3023,-1.0023
-0.024784,-0.31495,-0.82801,1.5478,0.78466,1.1231,-1.4901,1.2035,1.0041,0.087877
-0.026131,-0.62317,-1.7119,-1.5697,-0.55422,0.95854,-0.43271,0.33949,-0.26633,0.31295
-0.87915,0.28191,1.2877,-0.31968,-0.99314,0.96939,0.26544,0.79907,-0.95011,0.64659
-0.13444,0.66664,0.33621,-0.63104,-0.41564,0.75784,-0.83532,-0.037401,0.65747,1.6605
0.39256,-1.6515,-0.90526,0.86918,-1.2602,0.2413,1.1107,-0.63829,-0.24767,-1.4305
-1.3912,-1.9624,-0.17738,-0.59675,0.74367,0.13929,0.31003,-0.2571,-1.4867,-0.49183
-0.40839,-0.044805,1.8173,-2.088,0.94448,-0.57449,-0.37822,-0.46375,-0.59403,0.068012
-0.4076,-0.39248,0.15665,-0.72154,-0.6307,-0.036296,-0.6432,-0.078137,-0.0014046,-1.1343
0.09375,1.4041,3.2347,1.0691,0.52057,-0.34482,-3.0171,-2.4263,-0.89239,-0.47826
-0.32693,-0.2223,0.48064,0.87582,-0.3675,0.37867,0.86422,-0.29243,0.98813,-0.95755
-0.3231,-0.28489,0.72753,0.89214,0.74005,0.37052,1.4963,-1.1784,-0.048307,1.8457
-1.3088,-1.0462,1.314,-0.89337,-0.45364,0.46138,-1.8994,-1.0121,-0.46171,0.67938
-1.1588,1.4656,0.98167,0.39621,-0.95773,-0.32245,-0.046774,3.1285,-0.41714,-1.2675
-1.2945,1.1129,0.16531,-0.85052,0.0047519,0.47526,-1.5127,-1.3901,1.4619,1.7862
0.30837,-0.33256,0.44557,0.21428,0.6937,0.015476,0.015672,-0.13159,-1.6956,0.026579
0.43238,-0.36948,-2.0829,2.6757,0.81484,0.34599,0.56824,0.67769,0.14383,0.51248
-1.873,0.73316,0.12043,-0.64004,-0.53377,0.6754,0.53746,1.7056,1.9874,0.20625
-1.1235,-1.1945,0.8378,1.5764,1.3453,0.52572,1.2844,2.208,-1.2751,-1.5205
-0.36929,-0.44824,-0.22235,0.97157,0.2877,0.34355,0.30337,-0.44619,0.24543,0.44077
0.54321,-0.55174,-0.43361,-0.86366,-0.34096,-2.1256,0.52334,2.0338,-0.94326,-0.13169
0.2091,-0.11879,-1.7042,-1.5362,0.90371,1.2803,-1.8165,0.82809,-0.48607,-0.38492
0.86054,2.5155,0.65117,1.2217,-0.47857,0.43827,-0.23328,-0.16379,-0.6127,-2.5856
-1.3527,-1.2678,-0.19898,-0.72273,-1.8461,-0.37747,-1.4033,0.39729,-1.1286,-0.15386
-0.65608,-1.5081,1.723,0.45415,-1.3264,-0.10865,1.5574,-0.40996,-1.1927,-0.99125
-1.351,1.6354,0.078693,0.73869,0.092017,1.2054,0.98008,0.53223,0.77164,-0.98193
0.089603,-0.054596,-0.13734,0.033807,0.18489,0.16578,-0.61501,0.44386,0.67305,-1.0054
-0.81471,0.6267,-2.0342,-0.097875,2.0982,-0.38616,0.9335,0.59966,0.10935,-2.0171
0.76227,-1.0858,-0.66301,0.18836,-0.38202,0.67838,-0.50996,0.38562,-0.20847,-1.8325
-1.6894,-0.74033,0.33889,-0.39463,-0.6097,1.187,1.4211,-0.52945,-0.82776,-0.52638
0.080683,0.16498,-0.95733,0.43414,-0.77495,0.13901,0.71056,0.37086,-1.4031,0.3897
-2.1623,-0.44686,0.39065,1.8783,-0.88378,-0.13152,0.76647,0.75268,-1.3086,-1.7507
-0.90915,1.5505,0.66796,1.5562,-0.5595,2.287,1.1781,0.27011,1.754,-0.73231
-0.078679,0.54739,-0.63067,0.75236,0.61157,-2.1926,1.4646,0.84985,-0.4184,1.8096
0.39815,-0.45667,0.67709,0.16974,-0.24144,0.078205,0.19469,-1.2038,0.2079,-0.92908
0.33213,-0.67355,1.6007,0.31092,-1.1438,-1.3541,0.99791,0.42386,-0.54226,-0.91048
-1.7579,-0.38917,0.43973,0.50026,0.96205,-1.7874,0.19953,-0.36174,-0.81845,0.80907
0.47256,0.70899,-0.28609,-0.419,2.2608,-1.4173,1.083,-1.5552,0.96173,-0.71755
0.79948,0.6001,-0.86713,0.20802,0.3971,1.7286,1.2927,0.89822,-0.81906,-0.87497
-0.79839,0.80342,0.71752,-1.097,0.20752,-1.3848,-0.22163,-2.0931,1.6703,-2.5799
1.0161,-1.1402,-0.78125,-0.45505,1.1513,0.37677,-1.1978,0.92133,-0.97168,-0.18253
-0.56235,-0.37544,-0.56523,-0.36299,-1.6609,-0.21144,1.5298,-0.12417,-2.2237,0.5202
-0.8478,1.1331,-0.3175,1.1947,-0.29112,-0.63858,0.2703,0.28467,-0.94815,0.67222
0.187,-1.4857,0.64551,-0.75609,-1.0556,1.2917,-0.61886,-0.74033,-1.2805,0.6028
0.65682,0.45866,-1.568,-0.90848,-0.23808,0.54474,-0.30789,0.041669,0.52663,-0.19923
0.46235,-1.0252,0.52079,0.98748,0.45673,0.28301,0.022305,0.85359,-0.048872,0.10181
0.29776,0.84433,0.78112,-0.23932,-1.2069,0.61685,0.71999,0.18271,-1.1259,0.24579
0.59156,-0.32293,-0.54555,0.83358,-0.21343,1.6536,-0.80888,-1.2505,-0.37367,-1.2568
-0.3105,1.7691,-0.99458,0.14876,-0.13265,1.0984,0.19107,1.5874,-0.11675,-0.93731
0.68632,-0.19588,0.70149,0.22526,-0.98323,-0.4885,-0.30592,0.25441,-0.65222,0.38258
0.62226,0.66833,-1.8044,0.92811,-1.1408,-0.62741,-0.45696,0.49554,0.27759,-0.46583
-1.5602,-1.1253,-0.65263,-0.39891,-0.0027086,0.13177,1.475,0.45831,-0.076636,-0.18988
-0.57908,-0.40063,0.69232,1.1515,-0.39021,0.47335,-1.5333,-0.29143,0.048927,1.5529
0.94407,0.34968,-0.38131,-0.49639,-0.086154,-0.54545,-0.21509,0.72108,-0.67379,2.3128
-0.36157,-2.5586,0.21412,0.65131,-1.2312,0.34511,-0.6451,0.49989,0.34399,-0.049031
-0.61597,0.020755,1.0976,1.3601,0.077481,-0.13913,0.90483,-0.19961,-1.6721,-0.91084
-0.25691,-0.72633,0.19751,1.1662,0.20533,-0.25263,1.3363,-1.0198,-0.54233,-1.4258
0.9283,-0.44689,0.26634,-0.00037192,1.3741,1.0765,-0.74369,0.11295,-1.3481,-0.46722
-1.2564,0.2006,-0.23413,-0.5739,-0.7605,1.7882,1.4295,1.2159,-0.8473,0.69953
0.78085,1.8521,1.5748,0.13897,-2.0807,0.92951,2.3625,-0.087802,0.68256,1.8685
0.79997,-1.2006,1.4324,0.46318,-1.7636,0.4957,0.18252,0.080267,-0.12016,-1.3668
0.5099,-0.32835,-1.2413,0.15022,0.6463,0.13178,-0.87811,-0.89602,0.64257,-0.62358
-0.65111,-0.56487,-0.6563,1.0653,0.13056,0.57068,0.3003,0.54995,0.0055074,-0.67472
-1.129,-0.45351,0.19437,1.2595,0.12835,-1.2071,-0.050919,1.33,-1.0078,0.29886
0.91047,0.32943,0.03558,-1.4007,0.33768,1.3347,-1.8434,0.92278,-0.36217,0.28456
0.41019,0.76921,2.5068,0.32704,0.29694,-0.17539,-0.061918,-1.8465,-1.7368,-1.1051
0.12216,0.082491,0.70511,-1.494,0.81124,-0.15919,0.046818,0.93528,-1.8938,-2.0656
0.18091,-1.0005,-0.82096,1.1665,-0.62673,0.72495,0.024819,0.29475,1.9618,-1.2171
0.40787,-0.739,-1.6437,-1.171,-0.46942,-2.166,0.96543,0.0085478,-1.0066,1.0874
0.36581,0.79991,1.0421,0.88939,-1.2486,-0.82523,-0.78404,-0.65202,-0.026451,-1.7075
1.1971,-0.11161,0.22317,1.9994,0.74678,-0.25006,1.3734,-0.043234,-1.436,-1.381
0.66269,0.34843,0.95201,0.88536,0.59599,-1.3373,-1.3432,1.3542,0.60834,0.44776
0.087473,0.96189,-0.67272,-0.80689,1.8629,1.8879,-0.38346,0.0089011,0.3546,-1.3676
0.97913,0.69854,-0.70569,2.0163,-0.86875,0.06529,-1.2572,0.3661,0.58784,0.78845
1.8967,-1.5231,0.85973,1.0748,0.3668,0.80012,-0.85689,0.88287,-0.075393,-0.35314
0.25218,0.84905,-0.51081,0.026961,0.55088,-0.47601,-1.739,-0.17399,-1.2563,0.55701
0.98862,-0.52136,0.09502,-0.56791,0.28577,-0.21798,0.58624,0.050531,1.8553,2.054
-1.0911,0.5899,-0.60238,-0.56093,-1.372,0.68852,-0.087392,-0.35199,-1.931,0.42404
1.1491,-0.61803,1.4934,0.28702,0.010249,-1.0081,0.0002369,-1.4573,-0.91777,0.32948
-0.56757,0.32535,0.13469,1.6265,1.3548,2.0292,0.61648,0.35851,0.66007,0.22553
-0.33695,-1.2893,-0.7054,0.51409,-0.63947,0.55555,-1.7869,-0.46439,-0.36344,-1.408
0.68413,1.5436,0.14762,-0.52559,0.2781,0.22447,0.033974,-1.2073,0.60982,-0.4121
-0.40717,-1.4692,-1.1436,-0.45975,-0.058523,0.20423,0.1315,-0.174,0.5865,-0.38182
-2.1796,-1.4734,0.66799,2.3956,1.1616,1.5099,0.70533,0.076665,-0.87049,2.3515
-1.9852,-1.0555,0.87576,-1.2094,-0.96219,-0.90585,-1.6223,1.6585,0.77809,1.99
-1.3852,-0.049049,0.4241,-0.6906,-0.65502,-1.44,0.062839,-0.13438,-0.36533,-1.442
0.54621,0.86653,-0.40056,1.0913,-2.3798,-1.3181,1.1875,-1.1244,-1.1109,-0.18443
-0.4981,-0.0013324,2.1746,-0.16575,0.15166,-1.0845,0.71441,1.4916,0.81388,-1.0333
-0.33225,0.26342,0.23425,1.2314,1.5904,1.0722,0.27809,2.3244,0.97108,-1.5132
-1.0755,-0.98171,-0.84822,-1.0081,0.96833,-1.4858,-1.3772,-0.31987,0.50484,0.68841
1.8782,-0.35284,-1.0141,-0.98853,-0.039085,0.044032,-1.1358,0.29593,-0.1099,-0.54387
-0.24181,0.50123,0.58574,-1.3881,-0.13635,-1.0576,-0.46894,1.4189,-1.2722,-0.085794
-0.80657,2.2529,0.28958,-1.7307,-0.62302,-0.21204,0.33158,1.5777,0.45676,1.187
0.25847,-0.57752,-2.0472,0.074643,0.4498,-0.67757,-0.8007,1.9743,0.35201,-0.72368
-1.5718,-1.5878,0.17473,-0.8053,1.3508,-0.68577,0.40621,-0.54607,-0.29329,0.19842
-0.5222,-1.1422,1.338,2.2458,0.04166,-0.73595,-1.564,-0.28142,-0.24013,0.24484
0.098982,0.49771,1.2879,-2.0966,-0.16826,-0.16026,1.8814,0.33112,0.42723,-1.2003
2.0897,1.0524,2.1194,0.61824,0.26212,-2.0986,-0.35128,-0.78139,-0.4083,-1.27
0.29873,1.3139,0.97358,0.40543,-0.64852,0.127,0.5309,1.2381,0.36913,-0.28126
0.31343,1.1108,0.1897,0.77416,-0.90623,-0.92494,-1.0174,0.5596,0.021559,-0.21297
0.77858,0.30681,0.58926,-0.13114,1.6477,1.0337,0.31051,0.12387,0.32226,-0.074483
1.0396,1.2259,2.1195,0.091407,1.2307,1.5817,0.1849,0.046539,0.14193,-0.52972
-0.53543,0.72196,0.93902,-0.32084,1.8225,-0.95098,-0.8456,0.69921,0.35717,0.45528
0.35691,0.3966,-0.62031,-0.55417,0.52333,0.87187,2.528,0.21908,0.32298,-0.86384
-1.6948,0.96788,-1.8624,0.34955,0.80054,0.99347,0.20617,-0.20748,1.1098,0.60977
0.4746,-0.94767,-0.49106,-0.6754,1.1906,-1.117,0.38478,0.80212,1.4899,-0.047099
-1.1322,-0.78946,1.0426,-0.26599,1.4181,0.38338,-0.95146,-0.88832,0.95212,-0.20359
-0.16203,0.025522,-2.2131,0.33587,-0.098363,-0.84622,-0.33076,-0.093956,-0.62039,-0.35224
0.20611,-0.43644,-1.5882,0.81406,1.6698,1.7206,-0.089927,0.54113,-0.24487,-1.1787
-0.84558,-0.71254,-0.82637,-0.13994,1.334,-0.038867,0.7444,0.41024,-0.75496,0.0069435
1.2766,1.1457,0.63946,-0.72055,-0.55513,-0.038535,1.3072,-0.51413,0.75103,0.73211
-0.51551,-0.40777,1.0607,0.43579,0.76751,-0.081396,2.5094,-1.1569,0.071712,-1.2225
-0.63193,0.73151,1.012,-0.13899,-0.27125,1.8736,0.66168,0.92216,1.1514,-0.93494
0.67818,-1.7498,0.37859,-0.52853,0.75577,-1.1216,0.99202,-0.071198,-0.85782,-0.9252
1.3186,0.84545,-1.5353,-0.92081,-2.0263,-1.2442,0.062626,-1.2356,0.82367,-0.58835
0.17745,-0.57145,1.7942,-1.2414,1.2145,-0.29056,0.64009,1.6063,0.54508,0.95096
-1.0526,-2.2607,1.0246,-0.80123,-0.62527,0.67033,-0.84848,-1.1938,-1.6418,1.303
1.0418,-0.61816,0.98128,-0.6769,-0.27321,-0.99391,-0.70203,1.2243,1.9017,0.55187
-0.75425,-0.26679,0.61311,-0.42139,-1.9013,-0.65075,0.55019,-0.53705,0.58077,-1.5204
-2.0254,1.0324,0.6628,1.2199,1.6678,-0.46981,0.13394,-1.1021,0.55948,-0.25337
-0.99381,0.41193,0.40011,-0.93614,-1.4961,-0.11366,1.0414,-0.67281,0.084035,0.0062853
1.5417,-0.52961,1.0369,0.21673,0.86542,0.83714,1.487,-0.49364,0.28064,0.24393
2.0596,0.18636,-0.29761,0.38452,-1.358,-0.41354,-0.17433,1.5818,0.19884,1.0948
0.21559,-0.25473,0.79623,-0.52061,-0.37324,1.314,-0.20701,-0.35967,-1.0262,0.21294
0.092453,-0.069503,1.6649,-1.398,-0.60861,-0.27119,-0.42535,0.41645,-1.0497,-0.0018801
-1.7801,0.83133,-1.4186,1.4704,-0.29974,1.383,-0.63515,-1.1595,-0.49509,-1.1452
-1.7966,0.69207,-0.44559,0.81797,-0.90053,-1.7197,0.9579,-0.7422,2.4192,0.032337
0.74998,-1.5561,-0.43138,0.69232,-0.065732,-0.15493,-1.0353,-1.0605,0.76247,-1.129
-0.24971,1.2778,-1.1915,-0.64024,-0.62908,1.2797,1.3175,-0.59626,0.88036,-1.3535
-0.78049,0.99842,-0.40338,1.3141,-0.5415,1.056,0.65998,2.0025,-0.054464,-0.54917
-0.52223,-0.1062,-0.28831,0.35703,-0.97374,1.12,-0.32841,1.2141,1.0861,-1.7375
-0.47277,-0.89622,-0.047697,-1.1323,-0.028201,0.26918,0.15073,-0.36491,0.73383,0.36055
-0.12408,-0.2106,0.16587,-0.85251,-0.0065713,1.828,0.092177,0.5193,-0.8448,0.15709
-1.0929,0.20983,2.6614,1.0056,-0.50543,0.3674,-1.9999,-0.083985,0.72322,-0.60384
0.20904,-1.4874,1.4496,-2.0289,1.8421,-1.6705,0.975,0.378,0.88102,-1.2061
0.27832,-0.41123,0.034279,-0.47165,1.1544,-0.49057,0.60627,-0.8665,-1.2493,0.17156
0.82525,0.0056336,-0.34415,1.0741,-0.81124,-1.4969,-0.72477,-0.95926,0.54309,0.77616
-0.5023,0.61519,0.92509,-0.53271,-0.47064,0.32645,-0.9798,-0.16176,-1.4885,-1.3999
1.5889,0.9625,-1.4571,-1.5095,0.6166,0.32346,0.2323,0.79994,-0.34022,0.79742
-0.33145,1.2168,-1.0697,-0.48636,-0.45857,0.12629,-0.76582,-0.91699,-0.73929,-2.3582
0.53682,1.7477,-0.6481,0.63022,-1.8274,-1.655,1.2347,-2.1455,0.22284,1.0182
-0.4574,-0.87269,0.48233,0.40537,-0.96297,-0.4064,-1.0767,-0.020272,1.2067,-0.97473
1.7073,-1.0478,0.12422,-0.28192,0.95994,-1.2473,0.90155,1.0866,0.98662,1.0008
-0.47674,1.3378,0.16379,-0.40012,0.37825,-0.56863,-0.065208,-0.8081,1.138,0.065853
0.92813,-1.4784,-0.49594,2.3017,-0.59844,0.0047423,-0.21345,1.3406,-0.27389,-0.54713
-0.35641,-0.82072,-0.78651,0.70193,0.18745,0.34027,-0.46147,-0.49782,-0.53168,0.243
0.9449,1.0683,-1.1716,-0.84205,1.8518,0.7985,1.0094,0.63187,1.5731,0.32381
1.0912,-1.5883,-1.3175,-0.18416,0.52854,0.65657,0.53128,-0.60327,0.71977,-1.1069
-0.15976,0.75038,1.1981,0.35829,0.60247,-0.50931,0.027137,-0.63257,0.25913,-1.3655
-0.33399,1.0698,1.3655,-2.0528,-0.084962,0.39066,-0.31671,-0.65798,0.75239,2.2833
-0.56206,-1.1091,1.0568,-0.19178,1.0267,1.3612,-1.33,-0.90939,-1.7195,-0.21131
-0.1908,0.83772,-0.68914,-0.56768,-1.4596,-0.016255,2.4711,0.1769,0.25303,-0.94483
-0.43256,-1.7674,0.40444,0.070461,-0.69302,1.4099,-0.86497,0.67597,0.31375,-1.0677
-1.8803,-0.65762,-0.98501,-0.34717,2.7943,-0.47227,1.0569,-1.3617,0.75482,-0.3968
-0.27138,-0.026477,-0.24716,2.5053,1.7502,1.3965,0.36222,-0.95752,-0.682,-0.99997
0.29138,-0.30071,-0.5119,0.66635,-0.92526,-0.41134,-0.56066,0.38311,-0.36747,-0.75584
-0.75276,0.3481,-0.20468,0.21884,1.3354,0.20167,-2.1875,-1.7935,1.0807,0.85697
-0.64402,0.15817,-1.3476,1.1282,-0.54036,-0.8439,0.51438,0.10054,0.20598,1.4591
-0.60684,0.86694,-0.37443,0.98347,-0.37417,-0.85287,-0.97014,-0.59759,-0.46481,-0.0039047
-0.039942,-1.1774,-0.065904,0.41666,-0.20817,-0.84861,-0.59016,1.2563,0.5457,-3.4361
-0.81844,-0.49411,-0.83789,-0.3832,0.79023,-1.6338,0.13845,-0.64799,-1.7031,-0.11255
-1.2449,1.4156,1.4621,-1.9032,0.50928,-1.3929,0.87336,-1.2363,-0.14691,-0.099615
1.5432,0.45943,-1.6058,1.4667,0.76139,-0.052021,0.35393,-0.95877,-0.054178,1.953
-0.5574,0.25537,-1.7788,-1.2017,-0.81221,-0.060908,-0.47659,0.85427,-0.28153,-0.83265
0.54163,-0.011713,1.574,-1.8147,0.75634,0.76188,-0.13126,1.2687,-0.24863,-0.60071
-1.1719,1.4484,0.47208,-0.34509,-1.3107,0.30603,0.67625,-1.5062,-0.25473,-0.43144
1.9764,2.0969,-0.67952,-2.3457,0.95848,-0.24475,0.76423,-0.29115,0.88022,-0.42322
0.0092605,-1.2375,0.040099,-1.755,0.85317,-0.15306,0.46517,-0.3899,0.52241,0.46865
1.1649,0.24319,0.25249,-1.8628,-0.15564,-0.68652,0.95452,-1.2053,0.6972,-0.26374
0.77127,1.2592,0.39688,0.26716,0.15305,-1.0385,0.46461,-0.11413,0.37353,0.015657
-0.0083183,0.42945,0.26306,-0.70627,1.7666,-0.49902,-0.27433,-0.2938,-1.0643,0.21416
0.31478,-2.679,0.055551,0.02792,1.2907,-0.90036,-0.51103,-0.24321,1.5408,-0.99175
-0.62207,-0.77233,0.427,0.2164,1.6127,-0.1321,2.4848,0.84091,-2.0173,-0.70269
0.11303,-0.45832,-0.95552,-0.66257,-0.63618,-0.62972,0.74209,0.22614,0.86093,-0.15946
0.85583,-0.25398,-0.74524,-0.93286,-0.84202,-0.12087,-0.63243,0.038067,0.2585,-0.070771
-0.53551,1.2692,0.29403,2.4594,0.029911,-1.5045,-1.1767,-1.1808,-0.89363,-0.40033
-0.56985,2.0363,0.29762,0.68372,0.032399,0.29196,-1.1704,-0.65,0.21862,1.5364
-0.20484,0.47866,0.053456,1.3495,0.30612,-1.6319,-0.21963,1.1052,0.89926,0.28637
0.76044,0.92768,1.7421,0.3047,-0.77062,-0.62306,-1.8093,0.60092,-0.74783,-0.31831
-0.98511,1.2378,1.0434,-0.016817,-0.91341,0.70963,1.0876,-0.36861,0.52896,0.31546
-1.051,-0.5123,0.93664,-0.31808,1.0437,2.9791,0.33929,0.22624,-0.24611,1.3108
-0.29089,-0.68848,0.79719,-2.3505,1.0935,-1.5773,1.0255,2.0493,-0.71799,-0.17406
-0.26484,0.13995,-1.2105,-0.29165,0.42256,-0.75192,-1.3317,-0.89016,0.54282,0.31816
0.69013,0.54005,1.2941,0.41413,0.59508,-1.3722,-1.1147,0.65643,0.42027,1.5436
1.0774,-1.1916,-0.78324,-1.2554,-1.7963,0.026002,-0.88835,1.6584,0.11656,1.4638
-1.0665,0.78502,0.2289,0.065123,-0.31513,-0.17637,0.066548,0.70242,0.86557,-0.3316
-1.9046,-0.21297,-0.081442,0.38903,0.35129,0.46494,0.10011,1.0768,1.0656,-0.98205
-1.5708,-0.59537,-1.4681,-0.041585,0.21554,0.41152,-0.79,1.3173,-0.070416,-0.79031
-1.1983,1.0261,-1.0665,-0.87648,0.76257,0.45672,0.040856,0.052396,-0.61458,0.73755
-1.2894,0.11179,0.48004,0.61201,0.82558,-0.70024,2.0797,1.1314,0.36448,-1.8996
-0.087524,-0.33322,0.81965,-1.3688,-0.25442,-0.085403,1.2262,1.9507,-0.41142,-0.7872
-0.4126,-0.3248,0.95608,0.93628,0.74588,-0.94263,1.4821,0.038997,-0.6936,1.4634
1.6051,-0.34897,1.3703,0.79701,-0.81779,-1.9287,2.0275,-0.88069,0.18356,-0.6433
0.7381,1.0041,1.1395,-0.36189,1.6002,-1.3807,-0.38695,-1.6307,-0.99737,-0.10822
-0.026056,-1.776,-0.35139,-2.4186,-0.34414,0.88859,-1.7502,-1.5654,1.8908,-2.4804
-1.2388,-0.4782,-0.54638,0.36785,1.3937,0.58441,1.7864,0.32598,1.244,0.6235
0.157,-1.9471,2.4088,1.5077,-1.7116,1.3027,2.1958,0.36913,0.18352,-0.43442
0.34633,0.96685,-0.18911,-0.84084,0.3266,-0.5122,-0.48115,0.29248,0.02767,0.073441
0.44459,-1.4047,-1.1923,1.6408,0.13886,-0.56658,2.061,0.7269,-0.19365,-2.0042
-0.36762,-0.82808,-2.1168,0.46572,0.96048,-0.76253,0.66049,-0.30679,1.0689,0.35428
-1.0017,-0.98785,0.61281,-1.8402,-0.76534,0.99098,1.5321,1.168,0.099956,-1.8859
1.568,1.0485,1.1246,1.0073,0.14005,-0.67536,0.42836,-0.26945,-0.67086,-1.5191
-0.54958,-0.064383,0.67779,0.94019,2.3702,-0.21666,0.19906,0.79906,-0.35048,0.59423
0.043437,-0.23734,-0.042935,-0.14152,-0.30947,0.2031,-3.0498,0.68328,0.6613,1.1175
0.69352,-0.59086,-0.68516,-1.5621,-0.54455,-0.36531,-0.21965,0.95863,0.99896,-0.25313
0.026361,0.83898,-0.12208,-0.85789,-1.0114,1.472,0.36969,0.023861,-0.1224,0.60673
-0.76754,-1.4013,1.0125,1.2178,0.28092,0.91004,0.28365,0.071592,-0.36738,1.193
1.6356,-0.66479,1.5029,-1.4599,0.060679,-0.27114,-1.3039,1.9473,-0.2333,0.82649
-2.7865,0.60274,0.80056,-0.76224,-0.48808,0.56969,-0.17677,0.14424,1.1832,-0.21884
0.47041,-1.6296,0.91587,0.86146,-0.32156,0.90108,2.2332,-0.61227,-1.8042,-1.2977
1.5058,0.015309,-0.099352,-0.86754,0.40616,0.1447,-0.99681,0.099703,0.010178,0.087834
-0.1339,-0.47614,0.058906,1.3287,0.94914,-0.95185,-0.14263,-0.38856,0.75036,1.4474
-0.11311,1.7453,-0.51442,0.055272,-0.3451,1.3233,0.77255,-0.63505,-1.973,1.53
-0.6175,1.1348,-0.046943,2.3896,0.10798,0.93229,0.10883,-0.93844,0.47132,0.11634
2.4319,0.014732,0.46305,0.17348,1.8371,-0.67966,1.0287,0.31909,0.79385,0.09847
1.6223,0.34182,1.7962,0.90989,-1.1288,-1.6973,0.23805,0.99119,-2.2459,0.58083
-0.033384,-0.25894,0.62399,0.27102,-1.7823,-1.1273,1.1178,0.34402,-0.67991,0.28146
-0.25417,3.1547,1.5718,0.63043,0.68147,0.59945,-0.99001,-0.6212,-0.69107,0.21674
-0.81862,-0.19489,-0.61769,0.32953,-1.4429,1.14,-1.0737,2.6373,-1.5808,-1.1799
1.5375,-2.0145,0.78498,0.30839,0.60519,-0.8641,-0.23401,1.3364,-0.00077583,-0.77805
-1.6065,-0.59161,1.3051,0.75235,-0.72455,-0.063433,1.2013,0.85957,0.61924,0.21525
-0.86622,-0.45438,0.80427,-0.18926,-0.039873,-0.52513,0.51665,-0.12245,1.2216,1.0147
-0.43837,-1.5943,0.83199,0.0037662,-0.10784,-0.35004,-0.16147,0.93205,2.3955,0.5517
-1.0896,0.28045,0.12892,0.537,0.48186,-1.4084,-0.78787,0.27007,1.6782,1.884
-1.2208,1.3915,-1.7205,0.13381,0.058507,-0.032927,-0.59435,-1.6247,-0.65317,1.0551
0.70743,-0.51576,0.23214,0.71269,1.2573,-0.59152,1.3486,0.4859,-0.65547,-0.32691
-0.069864,-1.2958,-1.0412,0.39825,-1.2254,-0.099501,-1.4117,-0.63446,0.49051,-0.34051
-0.48631,-0.73601,0.082223,0.75673,0.083843,0.90581,-0.98496,0.5611,0.067183,-0.091681
-0.25662,0.32844,0.655,0.51032,0.10903,0.10099,-1.0612,-0.21357,0.83074,-0.4436
-0.10698,-0.12845,-0.75353,0.063521,0.14972,0.36424,0.28459,1.1587,-0.29392,-1.8297
-0.94887,-1.9579,0.90167,0.26341,-1.1664,1.4865,-1.344,-0.023297,-0.58655,2.1827
-0.21128,0.56207,0.54849,0.54655,0.75546,-0.98634,-0.67758,-1.7554,0.3037,-0.7434
-0.86031,0.58285,-0.95252,0.72184,-0.93331,-0.99159,-0.34459,-0.62716,-1.5153,-0.31879
0.80873,-1.8088,0.80248,-1.0496,-0.68116,0.94941,1.8259,-0.3497,-0.04019,-0.27638
0.48925,0.16522,-0.6536,-0.34278,-0.16479,-1.5947,-0.052522,0.58164,0.80342,0.33143
-0.34719,0.75527,-1.9611,0.11341,-0.0042392,1.3544,-1.0453,-0.24312,1.0021,0.81712
0.33116,0.56529,-0.46089,-0.28162,0.77415,-0.68963,-1.5732,-0.20659,-0.56007,-1.1674
-0.85172,-0.42139,0.14049,0.34363,0.61409,-0.76145,-0.58568,-0.81482,0.42388,0.14145
-0.61065,0.90996,-0.33823,-1.1808,1.3719,-0.11088,-0.77305,0.33991,0.45459,-0.44254
-0.62118,-1.3134,0.054994,-1.6316,0.13174,-0.6142,-0.89273,1.2292,0.045618,-0.87721
0.20705,-1.9734,1.304,1.309,0.32988,-0.31097,1.3747,-0.18894,-0.88351,0.17125
0.053434,1.0101,-0.17488,-1.4648,-0.038048,-2.1915,0.60344,-0.533,-1.3139,0.60753
-2.028,0.10916,-0.10159,-0.15883,-0.43503,-0.015087,0.82479,2.7635,-1.2137,1.8068
-0.98029,0.68261,-0.20941,-0.85029,-1.1113,0.79827,-2.1298,0.93828,0.45739,0.63768
-0.48799,-0.89422,-1.0948,-1.1042,0.39035,1.1882,0.89587,0.50805,1.0818,-0.87456
-0.21526,1.6135,-0.06708,1.4357,0.23433,0.32753,2.1006,-1.8466,0.78135,0.18955
-0.51345,-0.59,0.82065,-1.0577,-1.4365,-1.5968,-0.24647,-1.4803,0.35294,-0.8691
0.65439,0.66425,-0.3411,-0.075632,0.54156,-0.59319,1.5167,1.2367,-1.0186,0.086744
1.2959,-1.1262,-0.75292,0.50277,-0.69124,-1.9478,0.20156,0.47607,-0.37319,0.17324
1.0071,-0.99663,-0.44192,-0.30373,-0.43226,1.1539,-1.5097,0.79743,-0.094058,-0.21635
0.38695,-0.90684,0.67945,1.0849,-0.43741,-0.21782,0.16629,0.43613,-1.2242,-0.86836
1.0825,-0.28149,-0.067716,0.10928,0.58581,0.86723,0.49821,0.15133,0.31942,0.89379
1.1826,0.4487,0.58034,1.7972,-0.096529,-0.28447,0.17892,-0.52798,1.0234,-0.72798
0.55483,1.0178,-0.37768,0.094073,-0.928,0.63129,-0.15465,-0.6833,-1.4563,-1.321
1.9956,0.99881,-0.36793,-0.75343,-1.0194,-0.99281,1.9224,0.63548,-0.10624,0.15382
-0.25286,0.5999,0.10989,-0.099983,0.16631,-0.82222,1.7336,1.2973,0.48283,0.43655
0.34802,0.5881,0.25145,-1.138,-0.94624,0.46139,-0.11734,-0.33779,-0.45084,1.5252
-0.45511,-0.25805,0.098296,-0.78851,-0.83088,-1.2084,-0.23814,-0.47816,-0.22427,-0.55927
-0.63571,-0.59805,-0.96219,0.53978,-0.63104,-0.19569,0.34799,-1.1479,1.4091,-0.64022
-0.97986,-0.080363,0.26186,-1.0632,-0.97115,-0.19603,-0.34714,0.21226,-0.14674,0.27522
-0.76149,0.5378,-0.15165,-1.9494,0.037292,1.0017,-0.10512,2.5878,0.0060656,0.2587
-1.2835,-0.59523,-0.81821,-1.4459,1.0723,-0.025151,-0.35045,0.234,2.6734,1.0371
-0.30125,1.6718,1.2124,0.14696,-1.0759,-1.7162,-0.87622,-0.92999,-1.302,1.8151
-0.70723,1.576,-1.4022,1.1764,0.20186,-0.83818,1.4923,-1.375,-0.7058,0.28516
1.557,0.78059,-0.86974,-0.55526,-1.2732,-0.26575,0.030506,-0.68186,-1.181,1.0949
0.52793,0.5205,1.0287,-0.55249,-0.69912,0.85643,-0.12226,-0.071054,-0.25252,0.53081
-1.9343,-0.87269,0.60228,0.82467,2.6883,-0.022646,-0.41896,-1.5838,1.244,0.39993
1.1687,-2.4378,0.053873,0.00033894,-0.20553,1.0144,0.33199,-0.99299,-0.20002,0.10483
-0.53418,-0.80749,-0.019324,-1.1751,3.5501,-0.3802,-0.071151,0.41726,-0.061934,0.82292
-1.5779,-1.3582,0.84465,-0.56243,0.88196,-0.92639,0.30275,0.51258,0.57926,0.14438
0.53117,0.77,1.631,-1.7707,-0.085481,0.10794,0.25365,1.041,-0.22149,0.32036
1.2251,1.6286,-0.1433,-0.71927,1.2992,-1.0425,0.61324,-0.74968,1.0626,0.22727
0.29169,0.29274,1.1018,0.94661,-1.189,-0.40447,0.57819,-1.2072,0.32895,-1.1353
0.40393,-0.41138,0.34972,0.23391,0.66998,1.5567,-0.7942,0.45941,-0.23069,-0.5635
-0.79831,-1.0097,-1.4564,-2.0134,-0.4939,1.299,-0.76574,-0.26326,-1.036,1.0875
-0.14949,-0.5478,-0.21291,-1.1562,1.1549,1.985,-0.57569,1.6455,-0.39268,-1.0258
-0.098311,0.70068,-0.34717,-1.0647,-0.37944,0.13605,1.2178,0.58947,-1.3114,1.1169
-0.23104,-0.029344,-0.76938,0.009973,0.67805,-2.1695,2.2899,0.8173,-0.9223,0.97372
0.73319,1.8802,-0.10584,-1.3635,-0.41434,-0.39868,-0.13449,1.4481,-1.48,2.7952
-0.77298,-0.86692,0.056864,0.61745,-0.66437,-1.3258,0.66635,-0.8852,-0.17597,0.44227
-0.32231,-2.6956,1.1613,0.37137,-1.3675,0.0072043,0.66044,0.15385,-0.12597,-0.7925
-0.44752,0.14282,-0.77722,-0.49234,3.8942,0.14695,-0.35048,-0.044312,-0.5942,0.9489
0.41501,-1.0275,0.38608,-1.0231,0.37348,-2.3644,-0.62809,-0.82201,-0.69884,2.32
1.2591,0.5281,-1.3209,-0.82749,1.0239,0.21362,0.041803,0.78653,0.65306,0.67668
1.7764,0.14969,0.72295,-0.80086,-0.55865,-0.37985,0.81286,-0.19622,-0.18654,1.0512
2.0916,1.5252,0.102,-0.41766,-0.90669,-1.2699,0.55043,0.9087,1.3409,-0.42539
-1.0046,-1.8368,-0.69846,-0.10836,-0.72731,-1.4032,1.0378,0.83392,0.13661,-0.36604
-0.73113,0.45425,-0.74731,1.2213,0.10686,0.062983,0.51568,-0.24646,1.6778,-0.44235
1.9421,0.69451,1.2748,0.99945,2.8404,-0.10307,1.299,2.0345,0.52779,0.34182
0.37536,-1.3013,1.1329,0.26764,-0.33568,2.1706,-0.10332,0.63652,0.60789,-0.033675
-0.55279,1.0611,1.2518,-0.5416,-1.7046,-0.45288,0.81992,1.1268,0.3834,1.4124
1.4012,2.2186,-0.4731,1.6744,-0.6289,-0.57138,-0.37205,0.1752,1.6706,-1.583
-1.5537,0.1995,0.66688,0.3289,-0.8459,0.4086,-0.16174,1.3158,1.6305,0.41319
-0.46398,1.0404,-0.097461,0.95302,0.13013,-2.5988,0.55965,0.46815,0.24621,-1.3281
-0.93772,0.19235,0.56838,1.1655,0.49203,0.94575,-0.60694,1.328,-0.12588,0.27663
1.1189,-1.5175,0.7923,0.56685,3.0758,-0.4824,-0.1723,-1.2935,-0.42781,0.93134
1.9568,0.57136,2.0925,-1.1751,-0.56454,-1.6992,0.31238,1.3717,1.489,-0.28714
0.74188,-0.51082,0.012186,-0.18035,0.50591,-0.5238,-1.0979,0.4186,1.6914,-1.075
1.4971,-0.33831,-0.19326,0.091988,-1.4973,0.55692,-2.5395,-2.6991,-0.64301,-1.0445
1.5635,0.48447,-1.0714,-0.025536,-1.0326,0.19604,1.4497,0.68504,-2.3767,-1.641
0.6966,0.78833,-0.26382,-0.012779,0.45978,-1.232,-0.4602,0.83449,-1.083,0.87716
-0.5085,-1.656,0.69497,0.60267,-0.63596,0.91989,-0.027779,-0.66344,1.544,1.345
0.9079,1.6262,-0.49756,-1.3739,0.38172,0.36041,1.9446,-0.89955,-0.49369,-0.25087
0.33006,0.69339,0.17467,-1.5833,-0.23044,0.11226,0.11571,-1.296,0.23231,-0.61708
-1.12,-0.23878,-2.549,0.49905,0.40823,0.26281,-1.8512,-1.2755,-0.23636,-0.39441
-0.55852,0.96474,-1.6753,-0.40057,-0.17712,1.7117,0.45087,-1.1305,-0.16567,-0.92323
1.4958,-0.96391,0.4293,1.9766,-0.93558,0.73064,-0.63635,-0.10407,-0.078134,-0.62644
-1.1525,0.054158,1.3833,-1.5132,0.2259,-1.4342,-0.092981,0.014716,-2.0349,-1.1936
0.3238,0.8776,-0.65715,-1.2955,-0.27761,0.54861,-1.3027,0.56745,-0.27234,-1.2023
-0.76135,-0.36101,0.35889,-0.08677,1.024,-0.94893,-0.20759,0.5896,1.0343,-0.53234
0.56,-0.24771,-2.2595,-1.4843,-1.4619,0.40799,1.1062,-1.6887,-0.049232,0.23891
-0.98424,-0.88027,-1.6225,0.5428,1.0209,-0.28166,0.52271,1.1645,-0.19872,-1.1997
-1.2566,0.28739,0.71223,-0.63974,-0.25432,0.042801,0.043709,0.81748,-2.4443,1.8856
0.22173,-0.29225,0.50193,-0.1285,1.4992,0.29519,-1.0572,1.1647,-0.1173,0.35371
-0.88611,-0.19342,1.9684,-1.2904,0.32649,-1.6639,-1.0028,-0.89399,0.29775,-1.4641
1.3092,1.7153,1.7084,1.5668,-0.55329,1.5733,0.29325,0.25036,0.85043,0.74477
0.52114,0.50335,-1.0131,0.51517,-0.56242,-0.85156,1.11,-0.76179,0.49939,-1.0714
-0.34122,-0.5648,-0.71405,-3.2291,-0.72312,-0.58158,0.68344,-0.37973,-0.28968,-1.0369
-0.34656,0.4754,0.60313,0.044737,0.57613,-0.078288,-0.074076,0.41603,0.76852,-0.14238
-1.9982,-1.9326,0.061667,-0.46948,-0.89416,-1.9913,-1.0307,-0.76611,-0.578,-0.44122
-0.010512,-1.8117,0.45097,0.53867,0.94011,-0.10418,-0.066775,-0.06755,0.19383,-1.0526
2.1838,-0.62148,0.41073,-1.1262,-0.94976,-0.5958,-1.4341,0.60706,-1.0467,-0.23014
0.30775,-0.9984,0.1529,1.2209,-0.8798,-0.63217,0.99201,-0.038738,-0.98606,0.32536
-1.0244,-0.45235,0.44959,0.34742,-0.25585,-0.17913,0.94097,-1.4536,0.52378,-0.98686
0.33472,0.84796,0.56571,0.43581,-0.88728,0.52343,-0.026297,0.50662,-0.93679,-0.92002
0.72875,0.33143,0.82522,-1.6009,-0.73835,-0.46934,-0.4124,-0.20949,0.51344,0.030053
-1.3228,-1.8351,-1.0675,0.48179,-0.58173,-0.96308,-2.5646,0.14798,-1.122,0.099914
0.52679,-0.33386,-0.42763,2.0022,-0.49253,-0.65217,1.3934,1.8896,-0.65826,0.3644
1.4282,1.8556,0.81514,1.3738,-0.82967,1.01,0.74525,-0.65253,0.26905,-0.028056
0.22815,-0.76177,0.8708,0.037206,1.1439,1.1268,0.14685,0.56962,-2.1557,-0.99539
-0.30053,-2.7902,0.74885,0.12819,-0.78124,-0.70028,0.34834,0.21799,-0.7101,-0.153
-1.0143,-2.1913,-1.2747,-0.135,-1.0026,0.84892,-2.4638,-0.7454,1.421,0.16034
0.070128,-1.2387,0.68146,0.90687,-1.0143,0.9298,-0.62328,0.663,-1.314,-1.374
-1.0109,0.69312,-0.10059,1.5459,-1.7534,0.16558,0.083173,-0.98681,2.4284,0.41523
-0.33206,-0.62893,0.20074,0.88036,1.2162,-0.59053,0.24792,0.82492,-0.38557,1.1073
-0.4165,0.23187,0.72679,-0.77145,-1.5915,0.29452,0.74377,-0.58065,-0.41465,-0.53254
-0.047305,-0.19214,0.43278,1.0028,0.43965,1.9334,-0.34078,-1.2631,-0.82239,1.219
0.46551,-0.46937,-0.62106,1.0255,-0.88761,2.7122,-0.66221,0.059222,-1.0964,0.6884
-0.42129,1.471,1.377,-0.89567,1.9249,-0.60441,1.0151,-0.36462,-0.073046,0.069606
0.06963,-1.4653,-1.3756,1.3691,-0.62236,0.23216,-0.79971,0.57054,-0.11969,1.004
-1.7138,-1.3639,-0.97136,-0.65931,-0.93852,-0.092908,-1.4795,-1.0969,0.88453,-2.1132
1.0023,-0.31579,-0.16547,1.5979,0.25084,0.34502,0.82338,0.97072,-0.39071,1.5069
-0.99138,0.92161,0.62747,-0.12235,-1.0527,-1.858,0.33823,1.2647,-0.094265,0.26854
-0.28072,1.1396,-1.8526,-0.32151,0.25726,-0.15655,-0.78349,0.49504,-1.2429,-0.25725
0.16987,-2.025,-2.4546,-1.5174,-0.87166,-0.38347,0.91935,0.44086,0.050151,-1.3806
0.8949,0.55996,1.5665,-1.9293,-0.14561,0.67402,0.7177,0.26657,1.5793,-1.3815
-0.80102,-0.82268,-0.32504,0.61853,0.16703,-0.86877,-0.98065,-1.9765,-0.5871,0.0098869
0.026822,-0.3002,-0.88598,-0.24974,-0.57222,-0.050287,-0.17261,0.64918,-2.2028,0.19844
-0.58776,-1.9623,1.6341,-1.3651,0.12426,0.97648,0.94347,-1.6477,-0.57519,-0.21038
-1.087,-0.39784,1.9018,1.392,-1.3175,0.54783,1.0034,0.48052,-2.448,-1.1335
-0.036335,-0.89247,0.82088,0.65335,-0.11944,-2.5174,-1.0392,-0.075661,-1.4508,-0.13493
-0.17056,-0.77843,0.836,-1.2526,-0.13607,0.44764,1.4451,0.80586,0.88891,0.3874
-0.040717,1.4437,0.50314,-0.09399,-0.72853,-0.069893,0.31946,0.59231,-1.4412,1.4937
-1.0305,1.1532,0.5757,-1.5085,0.28325,0.93615,1.1652,0.282,0.35642,-1.4128
-0.51447,0.52984,-0.32234,-0.307,0.4567,-1.4484,-1.3193,-1.0331,0.50771,-1.0826
0.33315,-1.2197,-0.0058362,0.30037,-0.14216,0.60087,0.31756,0.22171,0.89007,-1.087
0.69452,-1.2422,-0.12668,3.124,1.2835,1.4825,0.35445,-0.10152,0.25655,0.70563
-0.27043,0.29065,0.16965,1.0921,0.89044,-0.55928,-1.3334,1.5316,-1.0206,-0.52489
1.9901,-1.9643,0.46859,0.10808,-0.40194,0.4361,0.17479,0.66611,0.56795,-1.017
-1.0164,-0.098231,0.029184,0.90917,0.67468,-2.3268,-1.3996,-0.91066,0.43528,-2.3584
-1.3406,-0.77015,-0.83257,0.66347,-0.9561,-0.82136,0.3716,-0.61619,0.31784,0.62805
1.6348,0.36661,-0.28356,-0.40958,0.99937,0.8911,-0.39497,-0.50722,0.31384,-0.17538
-0.92742,-1.2112,-0.28429,-1.0235,0.40063,0.31028,2.006,-0.48113,-0.44145,-0.87769
-0.18909,-0.18673,-0.8154,-2.351,-0.27665,0.70052,1.6062,-0.53261,0.78879,-0.56405
-0.99147,-1.7984,-0.16155,0.3623,0.025771,-0.017887,-0.65052,0.18198,-0.15582,1.1674
-1.1735,0.066485,-0.46378,-0.079812,-0.03087,1.3387,-1.3849,0.48692,1.4323,-0.10792
-0.77347,-0.23712,-0.98621,1.5187,-0.041163,-1.4654,1.7882,0.099983,0.16501,2.6259
-0.16288,-1.7473,1.4087,-1.4327,-1.6847,1.5016,-0.70296,0.82458,-0.22944,0.16162
-0.44774,-0.20147,0.095473,-1.3211,-0.83344,-0.72863,0.92943,0.9161,0.98334,-1.1984
0.86721,0.097964,-1.8569,-0.46977,-0.83232,0.54253,-1.3223,-0.34246,-0.89182,2.7574
-0.4185,-0.90087,0.30185,-1.2705,0.031594,-0.94124,-1.4594,-0.34567,0.27358,1.5032
1.2691,0.80563,-0.074801,-0.66981,0.64308,-0.32343,0.6497,0.97941,0.20079,-1.835
-0.82238,-0.69259,0.4151,-2.4659,-0.15686,-0.12019,2.0116,-0.10143,-0.43304,-0.29317
-1.5595,-1.8882,0.75152,1.0071,0.84891,0.66633,0.36191,-2.0352,1.5329,-0.87159
0.29489,-0.38257,-1.1248,-0.21377,-1.0345,1.5036,-1.3245,0.22664,1.0922,-0.13936
1.3203,-0.98189,2.0233,-0.18717,-0.72394,-0.76163,0.19581,1.4996,1.1975,-0.99783
-0.23277,-0.72238,0.48687,-0.86536,-2.3898,-0.75529,-0.46848,0.58519,-0.92741,0.33732
1.2354,-1.531,-1.215,-0.068742,0.75161,2.1679,-0.99974,0.60425,0.84095,0.35635
-0.24345,0.81093,-0.71954,0.8004,-1.5767,0.5993,-1.2049,0.77538,0.89255,-0.72469
-0.63269,-1.3832,-0.20793,-0.97128,0.89485,0.9528,0.048466,-1.7296,2.2372,0.81929
-1.2384,-0.1393,1.1287,0.0067104,-1.8359,0.18065,-2.2851,-0.39153,0.35419,1.9468
1.0707,-0.29769,1.4394,1.318,1.1956,1.0683,-1.6429,0.031004,-0.66608,-0.073737
-1.2958,0.52768,0.20717,-0.58379,-0.001505,0.36022,-0.98041,1.1064,-0.90797,0.12655
-0.32623,-0.99167,0.43133,-0.6287,-0.11461,1.2234,2.201,-0.65309,-0.26791,-0.98686
-0.7793,0.39515,-1.0426,-0.80284,-0.25076,0.61221,-0.31774,0.027977,-0.10183,-0.30789
-0.77321,0.89946,0.32883,-0.80809,-0.40446,1.3389,0.28244,-0.16336,0.16167,1.2961
-0.28369,-0.24577,-2.5645,-0.15547,-0.63897,0.68849,0.15919,-0.10194,0.45844,0.3502
0.14333,-0.43805,0.15132,0.1188,1.8608,0.4575,-0.81486,1.037,-0.46032,-0.20754
0.23604,0.44191,1.3294,-1.3129,1.777,0.60756,0.7973,0.1884,-0.56018,-1.5032
-0.84445,-0.11543,-1.1315,0.57826,-2.8555,0.6172,-1.2556,-1.2947,-0.19694,1.4028
0.34079,1.8811,-0.098047,0.060303,-0.32738,0.34411,0.33086,0.80127,-1.1799,-1.3299
0.51499,0.12553,-0.82021,-1.6529,0.15002,1.6091,0.56015,1.3391,-1.2733,-0.45415
-0.14024,-2.071,0.24541,0.7705,-0.28539,0.41207,-1.2181,0.50176,1.3018,1.2809
-0.22725,0.68799,-0.1373,0.64324,-1.1862,0.6464,-0.13142,0.26412,0.0076107,0.86001
-1.2092,0.66675,-0.70419,0.28342,-0.55485,0.81351,1.4992,1.2184,1.2511,0.78131
0.31034,-1.0886,2.1032,0.55521,0.5962,1.4578,0.15781,-0.43059,-0.22461,1.4838
1.6462,-0.66109,-0.49582,-1.0539,-0.58185,-1.3674,0.65493,1.234,0.17246,1.6856
0.74914,0.80428,-1.9971,-0.41204,-0.88348,-1.3047,0.48732,-0.27991,0.18482,0.476
-0.115,-0.99283,-0.33635,-0.41087,-0.55943,-0.0030488,-1.3691,1.7744,-0.6392,-3.107
0.57649,-0.58084,-0.91458,0.85779,1.1051,0.31817,-0.70001,-0.97786,1.7414,0.80585
0.1851,0.21785,-0.87531,0.3304,-0.81488,0.54281,0.22419,0.32831,-0.37881,-1.1149
0.57288,-1.1727,1.4476,-0.61609,-0.5138,-0.019919,-1.5768,-0.048244,-0.85143,0.99868
0.12327,0.22997,-1.7032,-0.39385,0.20446,1.8325,-0.13144,1.4482,-0.82678,-0.56157
0.0095608,-0.059156,-0.54763,0.42309,1.0395,-0.11787,-1.185,-0.67337,-0.75963,0.23638
1.5898,1.7406,-0.73834,-2.5312,1.1073,-0.047351,-0.25951,1.1563,-1.0383,0.56608
0.12317,0.43175,-2.658,0.40117,-1.6127,-0.1855,-0.87491,-0.67664,0.98718,0.77657
0.63842,-0.62598,1.0978,0.29814,1.061,2.2987,1.2744,2.1457,-0.1208,0.52983
0.77803,0.87718,1.9083,0.72821,1.0818,1.0724,1.1091,0.1844,2.3343,1.0975
1.327,-0.50097,0.21454,2.267,0.43432,-0.56526,-0.43649,0.53723,-0.14154,0.64479
-0.15564,1.0509,-0.72911,0.14923,-0.097306,0.073527,-2.3307,0.57669,1.5676,0.31335
0.62848,-1.55,0.86198,-0.70017,0.34085,0.70001,-0.47235,1.6699,-0.71646,1.224
0.065594,1.0396,0.18558,0.50267,1.6381,0.697,-0.12543,0.87931,0.28347,-0.87068
-0.48296,0.41026,-0.11064,0.63602,-0.12742,-2.1433,0.95971,1.6716,-0.73911,-1.0945
-0.10225,0.60408,0.99856,-0.55976,-0.10881,0.00853,0.039561,2.4267,-0.72672,-1.6383
0.60433,-0.42246,-2.068,1.8828,-1.502,0.054841,-0.15807,-0.44384,-0.71737,-0.9664
-0.74714,0.73702,0.82549,-2.0758,0.94444,-0.25154,0.82312,0.43595,-0.043548,-0.4105
1.5833,-0.078676,1.2828,-0.97104,-0.014435,0.60692,-0.14175,0.89158,0.72683,2.5938
1.8838,0.31462,0.67183,-0.70898,0.88917,0.090553,0.94722,0.46871,-0.31262,1.5651
-0.72904,-0.66539,1.4974,-0.21699,1.5596,-2.1765,-0.50854,-0.25546,-2.059,0.58228
-0.3469,0.74982,0.12428,0.70005,-1.4334,0.18555,0.57399,2.1835,-1.687,-0.19599
0.46162,-0.075925,1.2076,1.8408,0.023194,-2.0695,0.14462,0.3983,-0.084912,2.044
0.40288,0.78233,-0.46064,1.0498,0.54176,0.19729,0.59431,-0.63982,-1.5764,-0.39888
1.385,0.72512,-0.20143,0.13721,0.69935,0.15907,-0.059623,0.12533,0.97544,1.129
-0.0714,-0.96198,1.4943,2.7465,0.40163,1.2844,-0.12142,-0.31478,1.9788,0.83091
1.5942,-1.2853,0.28328,-1.0173,-0.24569,-1.2946,-0.26481,0.10417,-0.92768,-0.29696
-0.835,-1.0222,0.011698,0.13557,-1.5695,0.027401,-1.5455,0.54028,1.7781,0.39735
0.080347,-0.93743,0.41264,0.42325,-0.15456,-2.3489,0.17285,-0.92696,0.19008,0.29489
0.32349,-1.0915,-0.0085204,0.50028,-0.68742,0.71935,0.81001,-2.3475,-1.1207,-0.95036
-0.9669,-0.84251,0.48994,0.47178,-0.2204,1.2566,0.74389,1.0172,-1.4762,0.89342
0.059189,-0.074197,-1.3763,-0.94438,0.80307,0.19789,-0.095858,-0.35858,0.32436,2.1106
-0.26517,-0.74028,-1.305,-1.0896,-0.5274,-0.86734,0.047179,-0.14926,-1.2754,1.5704
0.85769,0.95991,-3.2043,-1.759,-0.029498,-1.0735,-0.088764,0.533,-0.59483,0.38397
0.54569,0.32225,1.171,0.25253,1.1142,-0.026357,-0.8153,0.78446,0.38276,0.38621
1.8538,1.1348,-0.026251,0.15776,1.0375,-0.68244,1.1668,-0.35897,0.083736,-1.5589
0.9961,0.44101,0.060145,0.95536,0.73573,3.0475,-1.8285,0.20872,0.031225,0.61951
0.10289,0.64267,-1.1986,-0.73594,0.81923,0.4178,-0.70235,-2.3495,1.087,1.0652
