0.6737,-0.13863,-0.13447,0.5237,-1.5704,-0.24089,0.60433,-0.008284,-0.51365,0.9207
-0.66911,0.43202,-0.055963,2.0953,-0.16406,0.2176,-0.38975,-0.19138,1.5634,0.59344
-0.40032,2.253,1.259,0.87465,-2.0853,0.23793,-0.046684,0.23451,1.2099,-2.1269
-0.6718,-0.45958,-0.44751,-0.21684,-0.35684,-0.49562,0.86473,-1.5854,1.2542,0.45642
0.57563,0.090487,-0.451,0.021039,1.3107,-0.23758,0.03194,-0.2297,0.08178,1.2557
-0.77809,2.6081,-0.38875,0.21588,-1.2255,1.0032,-0.46088,1.0567,1.4161,-0.24481
-1.0636,-1.0372,-0.28415,1.6896,-0.16663,-1.1175,0.12717,-1.1699,-1.2226,-0.12584
0.55298,0.2531,-1.9002,1.3159,-0.34303,-0.57237,0.25865,-0.99668,0.5598,1.5501
-0.42343,-0.2666,0.80503,1.0696,-0.23441,0.95651,0.33148,1.2589,0.2434,0.47079
0.36159,1.3175,0.014221,0.33966,-0.097261,-0.1566,-0.55826,0.92472,1.1118,-0.82008
-0.35189,0.1117,0.26681,1.0538,0.91835,-0.33193,-0.932,-0.86641,-0.9341,2.5724
0.26954,1.2714,-0.027102,-1.9034,-1.5491,-2.4132,0.94907,0.1225,0.32161,-0.50798
-2.5644,0.41178,-0.6417,-0.89886,-1.0453,-1.2513,-0.40258,0.22493,0.9509,-0.42785
0.46586,0.75792,0.11864,0.28661,0.76328,-1.0106,0.25048,-1.813,-0.23797,-0.29969
1.8536,-1.6723,1.9522,0.040401,-0.96947,-0.92263,-1.9274,-1.1299,-0.20751,0.99304
1.0393,-0.73349,0.43703,1.1378,-0.69406,0.53798,0.10376,-0.58788,0.21784,-2.5036
0.9109,-1.3232,-0.015707,-0.078111,-0.61911,0.16703,1.4758,0.43883,-0.75839,-0.64925
-0.23973,-1.5116,1.4738,2.131,-0.30857,-0.91201,-0.36585,0.7858,-0.69397,-0.59821
0.181,0.91144,0.77304,-1.4285,1.8342,0.48652,-0.083147,0.37104,0.0035034,0.85223
0.24425,1.0439,-0.23096,0.42937,-1.4159,0.53916,0.83227,0.1394,-0.053427,0.57791
0.096393,-0.13704,-0.53335,0.44103,-2.0984,-1.8812,1.3029,0.14838,-0.55058,0.21518
-0.83047,-0.9904,-0.6552,0.031811,1.8822,-2.6256,0.12281,-0.75317,-1.4329,1.7467
-0.35225,1.0444,-0.55862,0.43398,0.69532,-1.1516,1.2481,0.18998,2.1484,0.51006
-0.17478,1.8247,-1.76,1.5985,-1.0028,-0.49461,-0.054617,-1.0014,0.27861,-0.45973
-0.48065,0.70341,-0.42243,-0.41256,0.58217,0.50532,-1.3318,0.0718,-0.61881,-2.0366
0.83684,-0.82215,-0.93388,-1.4064,-3.4244,1.9176,-0.31251,-0.81605,-0.80063,0.24695
2.5383,-0.44931,3.8482,0.71987,0.91633,-0.36959,0.28049,-1.4744,0.58936,1.3144
-1.3233,0.70321,-1.5369,-0.66894,1.8849,-0.19624,0.13135,1.3822,0.0086855,-0.79864
0.12834,0.062228,-0.22156,0.56228,0.84129,0.51197,-0.013417,0.82014,0.1647,-0.83327
-1.4424,1.0264,-0.7027,0.2986,1.3937,1.2106,-0.035767,-0.26352,-0.88083,-0.41176
1.3025,-0.98191,-0.15213,1.0609,1.726,0.53298,0.57291,-2.1079,-0.97156,-0.38563
1.4099,1.5362,0.29046,0.25616,-0.8654,-1.206,-0.11574,0.79256,-0.11133,1.3384
-1.6625,-0.28788,1.273,1.1868,-1.5274,1.2838,-2.12,-1.6871,0.0033953,-0.62629
1.9437,-0.7113,1.4592,0.77365,0.082004,0.96709,-0.16005,-0.19214,-0.1839,-0.9153
-1.0847,-1.175,-0.7477,-0.9014,1.8933,0.81695,-0.5636,-0.7903,0.22896,-0.089573
0.22682,0.85577,0.13573,1.2843,0.27006,-0.56236,0.69541,-1.4235,0.24794,0.14071
1.0989,-0.33618,-0.5533,-0.76114,-0.52153,0.6934,-0.52624,0.4161,-1.5629,1.181
0.14719,-0.27419,-0.81487,0.88413,0.046038,-1.0923,-1.7881,-1.4519,0.58401,-0.17877
2.2957,-0.3773,1.2808,0.35429,0.22744,-0.61489,-0.6266,-0.66906,-0.59207,1.3989
2.7526,-1.0397,1.3767,-0.30211,-0.84464,-0.72868,0.022837,-0.96569,1.3717,-0.73531
0.13832,-0.7084,-0.15761,-0.31446,-0.16326,-1.3956,1.7064,0.37875,-0.23901,1.3134
-1.9071,-0.11919,0.0090039,-1.0312,0.84408,-0.73816,0.28499,-0.77321,-0.034351,-1.4738
-0.36499,2.1694,-0.72945,-0.58429,-0.55806,-1.2964,0.2714,1.0779,-0.94887,2.5479
-0.84811,-0.37663,0.49168,-0.30354,-0.46013,-0.68463,0.64732,0.27122,1.6463,-0.36395
-0.76475,0.79869,-0.99949,0.45369,-1.3275,1.8849,1.3795,1.3434,-0.87613,1.1676
-1.1277,-0.94203,-1.7063,2.2466,1.2002,-0.35012,2.227,-0.27685,0.84051,0.94445
0.078189,0.87311,1.0931,-1.2702,0.60961,-0.99533,-0.38497,-1.1397,-0.38116,-1.8127
2.1066,0.896,0.43155,1.874,-2.1132,0.74479,-1.8299,0.35714,-0.42523,-0.29048
-0.71585,0.71552,0.051645,1.5111,1.2178,-0.26615,-0.082824,-0.1935,1.4419,-2.2579
-0.28052,0.3716,0.90007,0.26063,-1.2377,-1.2842,-0.21407,0.013374,1.1395,0.87545
1.1665,-1.8252,-0.13016,-1.6168,1.0465,-0.39538,-0.37665,0.26938,0.24067,-0.10753
1.2128,-0.1416,-1.0708,0.33435,0.34642,0.54922,-1.7755,1.7049,-0.28236,0.12588
0.48554,0.60139,1.2776,-0.96218,1.1453,-0.47016,-1.4867,-2.3283,1.6341,-1.6162
1.026,-1.8093,-2.1991,0.13429,-1.1222,0.95029,-0.37026,0.71536,-0.73575,0.49286
0.87073,-0.41891,0.12714,-1.512,0.038761,1.3478,-1.0242,1.0608,1.3984,0.75453
-0.38176,1.1975,2.2764,-1.4373,-0.43639,-1.2237,1.5127,-1.3106,-1.125,-0.88411
0.42889,0.033763,-1.3778,-1.3733,-0.15486,-1.011,1.4615,0.60676,-1.8587,0.067341
-0.29913,1.3563,0.0064979,-1.1499,-1.2172,-1.5716,1.4527,-0.85692,-0.91112,-0.86957
-0.89987,-0.33833,-0.62521,-0.21922,-0.020263,-0.46299,0.81031,2.3921,1.1535,-1.4702
0.63475,1.2387,1.6749,1.0047,1.0305,-0.75244,1.0328,0.97587,0.92324,0.63737
0.067454,0.1598,-0.058134,1.9211,-0.17736,1.4433,1.4062,0.26223,-0.45447,0.050747
-0.18712,0.67826,0.46515,-0.46134,0.77384,-0.27756,-1.6968,1.7571,0.20769,-1.2593
0.29173,-1.4417,-0.37834,1.3241,-0.17098,1.5287,2.1878,-0.63598,0.036403,-0.40744
0.98769,-1.4795,-0.21802,0.61603,-0.26317,1.1783,-0.25484,0.98559,1.3015,-0.71978
0.39293,0.48835,2.0409,-1.589,-0.0085461,1.5099,-0.76147,-1.4117,-0.18665,0.10734
0.19455,-0.35871,0.86562,0.043305,-0.11708,-0.61089,-0.021661,-0.19571,0.26636,-0.13819
0.27978,-1.8252,1.7323,-0.42211,0.58843,-0.11291,0.1117,0.10188,-0.93657,0.51501
0.05122,-0.45307,-0.049283,-1.7582,-0.05406,-0.33271,-0.41386,1.1619,0.27379,0.45028
-0.77447,-0.35555,0.098174,-0.61342,0.00072375,0.80892,0.30707,-0.044268,-0.78854,-0.69759
0.78678,-0.85477,0.91189,-0.54398,0.17855,-0.16804,-1.5828,-0.61494,1.6005,-0.59038
1.4089,-1.2468,0.51304,0.12876,0.15798,-0.39677,-0.2396,0.45473,0.34237,0.9298
-0.5341,0.22177,-0.72293,-0.22405,-0.04907,-0.090814,1.1194,0.094266,-0.34956,-0.59433
1.9278,0.33563,-0.89365,-1.1817,1.1527,-0.88431,-0.36154,-0.050221,-0.38385,1.3305
-0.17625,-0.80249,-0.082532,-0.068324,0.091303,0.62899,0.26653,-0.41522,0.84712,-0.87076
-0.24375,1.3237,0.37381,-0.2306,1.6409,0.44151,-0.61476,-1.4136,1.2999,0.521
-0.8976,-0.48741,0.30079,-0.051065,0.33859,1.0039,-0.6939,-2.234,-0.52479,-0.45717
-0.79234,-1.9807,0.34134,0.50375,0.076683,-0.19298,-0.27487,0.96789,0.12713,-0.38216
-0.95297,0.022903,1.8176,-1.4037,1.2494,-0.84278,1.5844,-0.12369,0.38886,-0.34344
0.35391,0.81362,1.6461,-0.96839,-0.3247,2.3814,-0.079369,0.88122,0.92681,-0.99655
1.597,-1.8975,1.2577,1.3788,-2.0151,1.2713,0.79695,0.48126,0.88351,-1.9696
0.52747,1.8775,-0.080366,0.64567,2.2151,0.40283,-0.50586,-1.7405,0.12832,1.116
0.8542,-0.29067,0.83925,0.25174,1.977,1.579,-0.073026,0.20763,-0.088406,0.58268
1.3418,-0.82288,-1.8529,0.11851,2.1171,1.6061,-1.361,1.1594,-0.31994,1.0555
-2.4995,0.28371,0.50242,-0.15761,0.35361,0.66641,0.29904,-0.14802,-0.37567,0.43277
-0.16756,-0.5395,-1.0388,0.93379,-1.415,0.19607,1.346,2.2683,0.59269,-1.5228
0.35302,0.94974,-1.2808,-0.70549,-0.95242,0.20203,-0.6236,1.4777,1.0828,-0.8601
0.71725,1.3279,-0.56625,-0.69059,-1.7928,0.4773,1.1326,1.5308,1.0696,-0.61156
-1.3049,0.43738,1.8021,0.22469,-2.1063,0.1901,-0.14513,-0.18153,-2.097,-0.063545
-1.0059,-0.0055101,1.5781,0.23791,0.8897,1.782,1.239,0.75021,-0.36445,1.1905
0.79068,-1.7033,0.42984,0.28111,-0.94551,1.6659,-0.41319,-0.16328,1.5027,-0.49286
-0.11657,-0.76379,2.0002,-0.5467,1.0917,1.6278,0.92088,-0.61792,0.50403,0.3568
0.55309,0.021814,0.65941,-0.84968,-0.57737,0.89905,-0.96532,-0.32226,1.0149,0.44145
-0.96064,-1.9982,-0.64804,0.70634,0.57969,-0.66514,-0.74453,1.1228,-1.622,0.78392
-1.6338,-1.0539,0.064665,0.94379,1.0638,0.23453,-0.20167,-0.38772,-0.82509,1.0045
0.7612,0.1495,-0.069268,0.70263,0.28151,-0.38622,0.90009,0.18763,-0.12911,0.53492
1.1933,-1.2319,-0.10504,0.98975,0.97323,0.14213,0.06719,-1.4725,-1.4162,-0.097653
1.6321,-0.77123,1.3279,-0.89278,0.50028,-0.86142,-0.45228,1.062,-0.34751,-1.2511
-1.5322,0.30126,0.18912,-0.38711,-1.4403,1.0459,0.14229,0.4711,0.39547,-0.13179
-1.3369,0.18943,-1.6938,-0.14923,1.0174,0.50345,-1.583,0.80077,0.38377,-0.21762
-1.4738,0.11857,1.9062,2.0274,0.53679,0.22392,-0.097549,-0.084354,-1.3898,0.5654
-0.041663,2.4409,0.5727,0.31993,-0.20999,-1.5177,0.48921,0.1855,0.83379,0.57018
-0.61551,0.6706,1.5357,0.75799,-0.1916,-1.3277,1.6279,0.97283,-0.3146,-0.72484
1.3142,-0.67953,0.41229,0.63263,1.0838,-0.13892,-0.028213,0.21217,-0.3229,0.26687
-1.4551,0.048529,0.23883,-1.1461,-0.3402,-0.23996,-0.27428,1.3752,-1.1774,0.81515
-1.7423,1.1605,1.7441,-1.1028,-1.2167,1.6718,0.6104,-1.186,-0.85568,0.49233
0.2053,1.8087,-1.6055,-0.96736,1.3506,0.33552,0.42265,-0.94414,-0.41822,-1.8378
1.1929,0.68462,-0.7305,0.069416,-1.1751,2.1275,1.7602,-0.62174,-0.014145,-0.64436
-0.80282,-0.77804,0.48483,-0.90803,1.1257,0.53089,-0.46068,0.95215,-0.13792,0.4141
-1.2656,0.68555,-1.6191,0.30738,0.10405,-0.61275,1.9342,-0.46567,-0.07839,-0.95953
-0.14933,0.56833,0.37065,0.44969,0.69622,1.2222,0.075128,0.023802,-1.2613,0.43863
-1.6364,0.52527,0.57341,-0.31616,1.5509,0.14026,0.85954,0.30531,-0.24559,-1.1798
0.017344,-0.053679,-0.20493,0.6661,2.0302,0.13444,-0.069402,-1.4164,-0.84137,1.1136
0.82839,-0.21787,-0.32852,-0.22712,-0.47428,1.0905,-0.28755,-0.91456,-0.00011864,-1.1032
0.21774,0.096949,-1.0191,0.58958,0.10161,-0.33972,-0.9193,0.15035,0.23104,-0.20874
-1.9092,-0.59884,-0.52581,-1.6859,0.30211,0.90887,-1.8059,0.84746,0.36603,-0.36552
-0.53682,0.59438,0.55385,0.54077,-0.7549,-0.66238,0.34839,-1.2938,0.6164,-1.1361
-0.30203,-0.050686,0.3812,1.113,-0.41788,0.32484,0.17512,-1.2439,0.15707,0.25195
1.8136,1.3317,-1.0598,-1.1295,-0.77762,0.277,1.6436,-1.0325,-1.6945,1.4761
0.91485,0.74564,0.41303,0.024468,-0.15687,-1.2154,0.31762,1.7171,0.012774,0.41473
-0.057081,0.22634,-0.45111,-0.18636,-0.71155,0.99455,-0.71751,-0.41385,0.51074,0.32305
1.3094,1.3315,-1.2737,-0.61643,2.0717,0.020347,0.37317,-0.68202,-0.76178,0.52771
-1.0447,0.86831,-1.3075,0.37239,-1.5295,-0.78673,1.6552,-0.30137,1.9559,-1.1243
-0.34827,0.34005,-0.99705,-0.96035,-0.12509,-0.099907,-0.39469,0.31706,0.7143,0.79074
1.4126,-0.9106,0.50827,0.016134,-0.47156,0.51302,-1.1847,0.59436,-1.0247,0.54198
1.5024,1.3326,-1.4964,-2.3136,-0.10042,2.3416,0.11746,1.2337,-0.38961,-0.25923
0.73038,-0.12633,-1.0218,0.82189,-0.60975,-1.0555,-1.2818,0.10562,-0.084804,-0.41236
0.49075,-0.3516,-0.14566,1.5043,1.196,0.96414,0.3908,-0.81495,0.19556,-0.22755
-0.58613,0.030143,-2.3105,-1.3363,0.87205,-0.41464,-0.99907,1.0171,-0.57303,0.56647
0.7449,1.0683,-0.70443,2.736,0.27824,-1.6442,-1.2305,1.6481,-0.91941,-0.69583
-0.82815,0.11857,2.0154,-0.47776,-0.097169,-0.062999,-0.35613,0.13277,-0.4174,2.0258
0.57452,-1.1366,0.18665,0.53398,2.3529,1.5389,0.29938,-0.77144,0.10568,-0.1412
0.28184,-0.28085,0.52518,0.027491,-0.80128,0.52525,0.33367,0.39009,-0.65718,-0.41967
1.1393,-0.80621,1.4153,0.79373,0.15712,0.493,-0.48862,-0.88272,-1.4968,-1.0114
-0.42587,-0.2718,-2.9529,-0.95393,-0.21488,-0.35668,-1.9043,-1.975,1.113,-0.67067
0.63614,-1.2513,-1.1418,1.2369,-0.44896,1.3889,0.46748,-0.93466,0.85427,0.39059
0.79318,0.35577,-2.0437,1.1026,-0.34094,-1.1563,0.67741,1.0153,-1.0325,-0.47897
-0.89838,-0.34479,1.6598,-1.1423,-0.70237,0.21883,0.96375,-0.47835,-0.38501,-1.2435
0.15624,-0.88386,-0.78019,0.65078,0.19708,0.40347,1.6763,-0.35698,1.3577,0.32658
1.5973,-0.58125,-0.054241,0.41207,-0.22346,1.8312,1.0058,-0.084594,-0.16514,0.91471
0.11244,1.2704,-0.2477,-0.47855,-0.67959,-0.56587,1.7245,-0.29343,0.16287,-0.94165
-0.30862,-1.1951,-0.59148,-2.5135,1.1645,-0.21429,-2.1053,-1.3942,-0.29432,-0.72916
0.45666,0.48605,-0.074125,0.47271,0.91031,-0.086212,-1.9961,1.9554,-0.014662,-1.3101
-0.2751,0.16895,0.91045,0.96407,2.0759,-1.1001,-1.4084,1.3528,-0.10615,-0.70044
0.44314,-1.1936,-0.20794,1.3179,0.20048,-0.39732,-1.4585,-0.13812,1.0346,2.0383
-0.13477,0.040071,-0.18701,0.072123,-0.32273,-0.65253,0.72625,-0.1128,1.8018,0.086926
-0.018328,-0.92534,-1.3751,0.57773,-1.9068,-2.1816,1.5672,0.040143,1.6471,1.0545
0.46079,0.83588,0.9177,-1.0469,-0.99754,-0.20298,-0.646,0.0087206,-0.46655,-0.72431
1.3623,0.55128,2.6646,-0.47872,0.1535,0.13902,0.08691,0.54327,1.1605,0.008397
0.45187,-0.11702,-0.69888,-0.96079,-1.0266,1.1999,0.81707,-0.30991,1.174,0.72167
1.6484,-0.98921,0.60866,1.3993,2.1219,0.03296,-0.20557,-0.04759,0.52491,-0.77378
-2.0284,-0.51987,2.1918,-1.3679,-0.30072,-0.94517,-0.38782,0.14268,1.0635,0.78769
-0.44926,-0.49813,1.4322,2.2884,1.8292,-0.3445,-1.199,0.44514,-1.0041,-0.43485
0.23599,0.3454,0.49039,1.6375,-0.98766,-0.054924,0.42704,0.3259,-1.6367,-0.57286
-0.83517,1.2462,1.5395,0.66221,1.9287,-0.51615,0.47432,0.069352,1.1735,1.6898
-1.276,0.75868,-1.886,-0.11418,1.1677,-0.10912,-1.6758,0.1705,-0.63473,0.38193
0.61704,-0.44511,0.084719,-0.74809,-0.45846,-0.96358,-0.7406,-0.70748,0.11055,1.379
0.6127,-1.883,1.7274,-1.7017,0.075282,1.8022,0.36146,0.99044,-0.85138,-2.2639
0.28938,-0.73589,-0.90314,-0.053911,-0.66725,-0.9738,-0.11651,0.8154,0.93174,1.1279
0.39532,0.35267,-1.1933,-2.4564,-0.99968,-1.3708,-0.16247,0.86881,1.7903,-0.8821
-0.87056,-1.0611,-0.8795,2.2605,-1.3355,-0.39902,0.39734,-0.35861,0.28686,0.35595
-0.49769,-0.0051637,-0.88987,-1.359,1.0503,0.17821,-0.46217,1.066,-0.85743,-0.82185
-0.10667,1.4726,0.25308,-0.2624,1.3852,-0.36266,0.22306,-1.7324,1.089,0.16929
-0.68783,1.6255,-0.46149,0.72123,-0.63016,-0.050855,-0.36673,0.042254,0.61402,-1.5261
0.33188,0.17582,0.32206,-0.48383,-0.91293,0.1191,0.31831,-0.10009,-0.93073,-1.6207
2.3652,1.7698,-0.46903,0.8137,1.6991,-2.8145,0.6229,0.76464,-0.22512,-0.77083
-0.48223,0.56983,0.61748,1.6401,0.042737,-0.97505,0.13982,1.6664,-1.2488,-0.058213
0.64745,0.70894,-0.51151,1.0953,-0.5005,-1.1384,0.90017,1.5682,0.48082,-0.78464
-1.0344,0.55656,0.35261,1.0344,0.66125,0.81976,-2.3302,-0.24434,2.5634,1.4348
1.3396,-0.49304,0.48029,0.10228,-0.45907,1.3092,0.88352,0.92239,-2.0654,0.47767
-0.96914,0.19602,-1.3385,1.3036,1.2299,0.87396,0.58402,-0.97626,-0.19062,1.1902
0.20872,0.51774,0.76569,1.0178,0.11232,-0.58367,0.19079,-0.70987,-0.26866,0.42971
-0.61859,1.1855,0.29224,0.16686,-0.15984,-0.97754,-0.39259,0.52735,1.3665,-2.0171
0.51202,-2.5714,1.1858,-0.46187,-0.42368,1.118,1.0446,0.3053,-0.9286,-1.2136
0.011354,-0.85399,1.0576,0.32226,-1.0279,-0.40262,2.8467,1.8786,-1.5071,-0.76026
-0.043989,1.3867,1.8521,-0.56389,1.0804,0.56172,0.36589,-0.75883,1.5242,0.24507
2.9491,0.65193,0.59277,-0.82175,1.9442,-0.62059,1.1381,-0.24534,-0.50418,-0.48007
-0.63005,0.21781,1.1966,1.6062,-0.023565,-0.67205,-0.43578,0.82655,-0.50996,-0.37018
-0.046879,0.52259,-0.59185,-0.43178,-0.037107,-1.6654,-1.8554,-1.715,0.20511,-2.1685
2.683,1.1833,1.3098,-1.1034,-1.4448,-0.076175,0.3537,1.2278,0.24143,1.6656
-1.1467,-0.94529,1.6359,-0.47056,-2.4252,-0.3523,-0.41348,0.78058,-1.0549,0.77938
0.553,0.41103,-0.61091,-0.532,-0.91353,-0.60422,0.25807,-0.54157,0.55924,-1.8082
-1.0765,-1.8809,-0.32071,-1.4197,-0.14023,0.57966,-0.055861,0.41843,-0.29186,-0.55508
1.0306,0.13209,1.873,-1.5744,1.7736,-1.3343,-1.3337,1.0415,-0.47382,0.68714
0.32753,0.096166,0.28766,1.3336,0.38495,0.007501,0.15813,0.4571,-0.60043,1.6725
0.65212,1.26,-2.3369,-0.31541,-1.7674,0.53182,0.34578,0.30235,0.63892,-0.67617
-0.27886,-0.73474,2.413,1.5667,-0.28037,-0.30408,-0.44285,0.78972,0.9525,0.42878
0.24519,0.54543,-0.62383,-0.1582,0.33306,-1.1015,0.52122,-0.50322,1.1407,0.35121
1.4725,0.95581,1.864,0.064202,-0.77013,-0.58384,0.57681,0.33163,-0.23984,-0.047252
-2.2751,-0.70671,-0.31401,-1.4646,1.172,-0.58342,-2.0425,0.046558,1.1258,-1.183
-1.6333,0.31163,0.56439,-0.15269,-0.36592,-0.8294,-0.36464,1.8798,0.67965,0.90259
0.41547,0.048762,1.7807,1.3587,0.78426,-0.63137,-1.6242,-1.085,0.79925,0.10055
-0.65477,-0.17382,-0.053303,-1.5775,1.8211,1.4449,0.60871,1.4282,0.099981,-0.80753
-0.29635,-0.49826,-2.3415,0.12382,0.39525,0.041089,0.48821,-0.71861,-0.10112,1.0089
-1.4969,-0.6623,-0.036152,1.425,0.43642,-0.68189,-0.52196,-0.15265,0.90624,-0.81188
-0.90483,-1.168,0.12963,0.26295,-0.49054,0.43616,-1.0753,-1.7196,1.8961,-1.6054
-0.40418,-0.46331,0.23987,0.98192,-1.0139,1.3056,1.39,0.031698,0.43513,-0.57668
-0.7258,-0.93004,0.24501,-2.1587,-0.80148,-0.10461,-1.1553,2.2461,-0.48381,1.3017
-0.86649,-0.046156,0.25459,0.43608,0.54167,0.83854,-0.37896,0.18164,1.9286,1.1376
-0.42185,1.565,-0.15579,-0.46658,-0.22287,0.31873,1.0033,-2.1532,-1.1889,-0.47348
-0.94267,-0.29627,-0.66748,1.0201,-1.1707,-1.5908,-0.49426,0.76693,0.14625,-0.59131
1.3419,0.97164,-1.5325,-0.19333,0.27942,0.63682,1.7782,0.29468,-0.23471,1.1959
-0.98843,0.48797,1.4099,-0.43314,-0.18728,0.18564,-0.60112,0.94737,-1.06,0.58989
1.8179,1.3505,-0.82473,-0.66712,0.8239,-0.6179,-0.054702,-0.60349,-0.35378,1.478
-0.37444,-0.0064776,-1.3154,-1.483,0.70525,0.61538,-1.2332,1.6337,-0.77387,-0.32062
-1.4517,-0.09942,0.83934,-1.6937,1.1274,-0.58375,0.71763,-0.75977,-0.44393,0.02866
-0.61868,-0.15129,-0.47133,-0.26682,1.0975,1.1434,-0.59128,-1.2618,-1.246,1.358
0.9345,-1.2175,1.1335,2.2399,-0.46947,1.671,-1.0172,1.5565,-1.2065,-0.1496
1.0559,2.0325,1.3528,0.38737,-1.1257,0.12736,-1.1706,-0.81793,-0.49502,-0.48043
0.16023,-1.427,-2.0338,-0.35525,-0.90154,0.75645,-0.34461,-0.85776,-0.12122,0.13934
0.2874,-0.12399,0.80948,-0.35311,1.1647,0.85866,-0.010519,-0.14272,0.21676,0.256
0.63291,-0.36647,1.5334,-0.042111,0.52973,-0.30964,0.92301,1.1117,-0.056431,0.13228
-1.459,0.073642,0.89878,0.40523,-0.93155,0.64174,-0.81264,-1.2536,1.4926,-1.5048
-0.58171,-1.4312,0.84045,-1.956,1.219,0.15285,-1.1362,-0.14195,-0.56038,-1.5523
-1.8301,0.77855,0.61234,-0.22508,1.5903,-0.82733,0.38945,-3.0175,0.49048,-0.33103
-0.4491,-0.04319,0.48764,1.4518,-1.2589,0.1257,-0.49188,1.7161,-1.9802,-0.42892
0.94927,-0.22897,1.3062,-0.078058,0.8173,-0.32145,0.99469,0.00034857,-0.58497,1.6774
0.71744,1.4218,0.21172,-1.3525,1.6242,0.12409,-0.06086,-0.26337,-2.2583,-2.0586
2.2878,0.67468,1.419,0.16184,-0.41255,-0.47086,1.0465,-0.66856,-1.3053,-0.43188
0.16673,1.7188,-0.9647,1.66,0.54887,0.97411,0.54997,-2.8103,-0.63229,-0.39253
-2.1565,1.3145,1.3133,-1.3007,-1.6065,-1.3356,-0.55152,1.4508,-0.56617,-1.0144
1.6894,-0.54716,-0.034649,0.23153,-0.3133,0.45987,1.849,0.96922,-0.24362,-3.2308
1.2823,-0.25585,1.6157,0.35011,-1.4369,-0.21114,-0.089244,0.32205,-1.3468,-0.40535
-0.58263,1.2472,-1.2163,0.52881,-1.5311,-0.058047,-0.27776,0.69463,-0.85848,-0.69436
0.22261,-0.41713,-0.42242,1.3288,2.5127,0.71301,-0.166,-2.0485,1.2377,-0.46569
0.77945,-0.075175,-1.0002,-1.2808,-0.34275,0.91057,1.4965,0.38666,-0.56032,2.6372
0.38471,-0.44897,0.060235,-1.3497,0.26319,-0.87037,-0.057629,-0.67651,-0.12145,0.31734
0.69637,0.41733,0.5871,0.093882,0.29141,0.2013,1.0379,-0.4973,0.49602,-1.0767
-0.11272,1.0753,-1.5865,-0.32752,-0.35292,1.324,0.15137,-0.71876,1.2351,0.85826
-0.038824,-0.60893,-1.281,0.090083,1.5058,-1.5352,1.7083,0.22112,-0.76156,-0.78764
0.088089,-0.50186,2.0239,0.51525,1.8923,1.5855,-1.173,-1.0264,-2.0124,-0.43427
-0.78966,0.95373,0.7078,-0.3664,-0.80274,0.82682,0.31148,-0.20142,-0.70286,-0.77786
1.423,1.7102,0.39008,1.7446,-0.10719,-0.97893,1.4219,0.14456,0.99452,-0.17465
0.0063317,0.95241,-1.7314,0.52274,0.67346,-0.60156,0.52848,-0.01241,0.13644,0.68842
0.68648,-1.3729,-1.1302,1.4736,-1.4624,1.1591,0.18368,2.2686,1.2552,1.0876
-0.85493,-0.068409,0.59095,0.20271,-1.4271,0.69524,0.33682,-0.52148,0.55116,-0.5603
-1.0752,0.31451,-0.28804,-1.906,-0.7792,-0.70497,1.6373,-1.3802,0.4256,-1.3698
-0.090967,0.072836,1.1066,-0.11993,0.52167,0.77131,-1.5903,2.1251,-0.98972,-1.172
-0.25277,-0.52894,1.8148,-0.049494,0.28335,0.47173,0.1677,0.30767,0.19614,-1.4159
1.1948,-1.7558,-2.5338,1.7273,-0.95344,-1.9823,0.58277,1.9553,-0.34834,1.3535
0.60606,1.2069,1.0783,0.12993,-1.504,0.45289,0.78638,0.40204,-0.32352,-0.13477
0.54051,1.0616,-0.31762,-1.968,0.13014,-1.3061,1.2382,1.5951,-0.46464,1.3895
-1.4449,0.72328,-0.78024,0.44033,0.14357,0.57344,-3.1524,1.4246,-0.18922,0.1302
-0.96769,-0.37779,1.1003,-0.60971,2.0094,-0.63345,1.0494,0.33806,0.095547,-1.0027
0.20205,-1.3145,-1.2395,-0.75351,-0.33117,0.37187,0.13467,-0.12465,0.93161,-0.15377
-0.34788,0.58354,-0.03883,0.08079,-0.71629,0.76419,-0.98797,-1.094,-0.51383,1.5856
1.2901,-0.86127,0.7596,0.18381,-0.83237,0.43755,1.9293,0.4921,-0.26617,-0.30977
1.3412,-0.23974,1.602,0.21122,1.5284,-0.33578,0.33813,-1.0193,0.38015,-1.1507
-0.5808,1.2497,0.7383,0.15108,-1.5378,2.0931,0.67896,-0.95182,0.88642,1.963
0.87514,0.96154,-0.77507,-1.5274,0.26732,0.90372,0.85109,0.1248,0.68419,1.8876
1.3954,-0.32912,1.8659,-0.20589,-0.1625,-1.0603,-1.5338,0.92466,0.012472,-0.032442
0.32099,0.36623,0.41367,-0.95866,-1.1468,-1.022,-1.5054,-0.96887,-0.70243,-0.52247
1.6234,-0.66281,0.37036,0.90832,-0.801,0.024623,0.85951,-1.8014,-1.2712,1.1267
1.0624,-0.7842,0.5056,0.53261,2.1417,0.85705,0.77287,-0.92001,-0.078967,-0.12454
0.21411,-0.1981,-1.3395,-0.18748,-1.0017,1.1104,0.59174,-0.16533,0.34968,0.89532
0.8768,-1.287,0.48358,0.37901,-0.50978,0.64197,-0.31549,-2.5416,1.3872,0.58057
0.19441,1.8883,1.9232,0.10282,-0.16206,0.7214,0.5675,-0.959,-0.049054,-0.92085
-0.41489,0.50386,1.1259,-0.97905,2.072,0.44759,0.11035,-0.48051,-0.32607,-2.3176
0.35846,-0.76236,-0.33316,-0.18155,-1.1006,0.64937,0.74302,-0.35083,-0.79541,0.1747
0.036223,-0.0069924,-0.58345,-0.20549,-0.3149,-0.55399,-0.064781,0.7752,1.0633,-1.4622
-0.36463,0.96047,-1.9969,-0.012569,1.6237,-0.063449,1.159,2.3597,0.082856,0.029728
1.771,-0.17377,0.83858,-0.40249,-0.37287,-0.87082,-0.54307,-0.52737,0.74265,-1.0677
0.22127,-0.22985,-0.60527,0.2426,0.58925,-0.75737,-1.2429,0.096201,1.1127,1.9725
2.7304,0.77779,-0.90524,1.0687,-0.04047,0.63394,0.26912,-0.45749,-0.0091896,0.86227
-0.29617,1.4765,0.70536,0.41178,0.02343,-1.2075,-1.2904,0.97298,-0.45147,0.21639
0.5643,0.86876,0.36671,-0.48325,-1.1336,0.20709,-0.49787,1.3129,-0.89066,-1.0803
1.5826,0.13579,0.029045,0.94648,-2.2792,1.6867,0.54882,-0.15085,-0.6794,-0.48855
2.7292,0.53053,0.81759,-0.61973,0.58352,0.33276,-0.8577,0.26563,-0.96655,-0.53834
0.30356,0.02322,0.6979,-1.0153,1.3147,-0.23763,0.96046,0.36674,-0.52224,0.82955
-0.79026,-0.44828,-0.95047,-1.808,0.48067,-0.9873,-0.62983,0.32476,0.1337,0.22036
0.80338,-0.65846,-1.3008,-0.51341,0.071895,-0.27515,-0.3637,-0.11719,0.11073,1.2526
-1.3199,-0.78519,-0.18686,0.41785,-0.034076,1.8052,-0.66885,0.12211,1.2644,-1.0342
-0.27385,-0.84703,1.3848,0.25461,-1.3562,0.54142,-1.2228,-0.43168,-0.46997,0.66893
0.27187,0.010875,0.36542,-1.6551,0.7572,-0.14423,-0.83611,0.85964,0.13755,0.73792
1.4896,-1.5884,-0.95256,0.86579,0.5923,0.41451,-0.36427,-0.66089,0.43555,-0.41819
1.4371,-0.12803,-0.30068,1.455,-1.1759,1.9735,-1.3124,1.2784,-1.1505,-0.53791
-0.027561,-1.5132,-2.3529,0.21396,0.066617,0.87943,2.2093,-0.41387,0.24808,-1.1354
0.92393,-0.26839,-0.45304,-1.1682,0.13641,-1.4074,2.428,-0.63774,1.6742,0.037592
-0.32128,-0.92027,-1.5063,-0.95789,-1.1251,-1.0567,-0.82506,2.1185,-0.65663,-0.32609
0.66112,0.14583,-0.3278,-0.6307,1.7901,-0.76894,0.0019414,0.57512,-0.94328,0.74661
1.9153,0.97315,-0.96185,1.3816,-1.6266,0.061719,-0.61668,0.35553,-0.32783,0.59706
0.15676,-1.68,-0.23293,1.988,-2.4511,-0.60114,-1.102,-0.89493,-1.2581,-1.9693
-0.30054,-0.74864,-1.4519,-0.49383,-1.9187,0.22044,-1.8883,0.94861,0.96168,0.30384
-0.50003,-0.749,-0.23268,1.0523,0.80186,1.0872,1.1728,0.36847,-0.019162,-1.5951
0.71647,-0.4607,-0.0879,-1.2788,0.28654,-1.0716,0.29774,1.0468,0.50979,0.06842
1.3373,-0.19382,-0.17213,0.60091,0.56287,1.0236,-0.13364,0.1306,-1.1936,0.67257
2.1257,-0.92903,-0.99271,-0.28529,-1.8224,0.37796,0.20208,-1.2078,-0.36132,-0.072995
0.054046,-0.25628,-0.66853,-1.3642,0.15964,-1.0321,-1.4406,0.84272,0.64043,-0.20403
0.16304,0.99326,0.80602,-1.2286,0.018436,0.60496,-1.3472,1.1503,0.34771,-1.0764
-0.63271,0.14404,0.27375,0.30332,1.1286,0.016063,-0.35328,-2.5655,-0.5081,-1.444
1.612,-0.49906,-1.2798,0.52461,0.034905,1.8587,0.86271,-0.22242,1.6762,-1.2633
-0.075449,0.30543,-0.49184,0.28806,0.32603,-1.5566,-0.89282,0.11104,1.1875,-1.1935
-0.47324,0.5439,0.34442,-0.9704,1.0922,0.59676,-0.2192,-0.79376,0.39969,0.29092
2.1842,-1.7766,0.093393,0.62255,0.7741,0.69455,-0.38788,0.36769,0.90191,0.071358
0.80988,-0.17485,2.3571,-1.3866,-0.75482,0.61132,-1.5745,-1.5808,-0.63803,2.2738
0.71634,1.9867,-1.2812,-0.52373,0.25051,-0.7907,0.26406,-0.55973,1.1075,-1.1709
-1.0056,0.057357,1.124,0.73369,1.0677,1.0271,0.88143,0.29413,-0.13628,-0.39107
0.43399,0.17478,-0.76876,-0.91031,0.46668,-0.73019,0.28422,-0.16875,0.17513,-0.46952
0.52014,1.5763,1.1979,1.4858,0.32049,-0.79464,-0.59965,0.03288,-0.015039,0.66472
-1.0922,-1.2049,1.4194,0.025335,0.74549,-1.164,-0.24927,0.038442,-0.8568,-2.5981
-0.22579,0.85306,-0.042376,-0.12168,0.26349,0.30909,1.0455,1.1113,-0.97371,-0.30713
-0.40492,-0.30732,-0.15463,-1.0413,-0.044814,-0.30433,-0.6385,-0.72285,0.11375,-1.2139
0.52786,0.24801,0.28562,1.5314,-0.28825,1.611,-0.28208,-0.64566,-0.20249,0.15152
-1.007,0.60266,1.8287,-0.49737,2.0339,1.9493,-0.58329,0.40363,0.0068744,0.71818
1.089,-0.20771,-1.0724,-0.97983,-0.279,-0.48296,-2.6152,0.2298,0.6299,0.86576
1.7849,-0.63601,0.77266,-0.56211,-0.38467,-0.93916,-0.38146,-0.97384,-0.46379,0.52586
-0.30375,0.64202,-0.6599,0.55438,-1.0022,0.78661,0.40423,0.30038,-1.412,-0.50568
-0.0086966,-0.12306,0.2751,1.281,-0.60553,-0.15754,-0.67299,-0.63731,-0.2145,-0.39403
0.50664,0.10869,-0.54298,-2.5069,1.561,-1.7023,0.13808,1.0889,-0.23006,0.32393
1.2033,0.59646,-0.72758,-0.22041,-0.39457,1.751,0.63725,0.79011,0.88907,-0.63605
0.52202,0.9013,-1.8453,0.82741,1.0627,-0.4099,0.46321,-1.7042,-2.4732,-1.3349
0.39705,-0.24823,1.4449,0.055674,-0.97683,-0.15705,-1.2289,-0.47314,-0.13333,-0.092294
-0.48281,-0.97326,-1.1193,0.60722,-0.23735,-0.83736,-1.3065,-0.38886,0.4787,0.94141
-0.2315,0.42613,0.86626,-0.35298,-1.0146,-0.49511,1.5288,1.2525,-1.266,-0.11853
0.61339,1.3106,-0.44042,-2.085,-0.062328,0.19716,-1.5768,-0.8152,0.48699,0.89961
1.6829,-0.61999,0.5249,-1.2882,-0.87762,0.25945,0.3645,0.081112,-0.86425,0.52125
0.56839,0.49944,0.4519,-0.75773,-0.20495,-1.0185,-0.55829,-0.17262,1.4628,1.3242
-1.206,1.4143,-1.2236,-0.72267,-0.44302,0.53173,-1.7969,0.51807,-0.25894,-1.3318
0.43306,-0.072819,-0.14112,-0.29132,0.54867,-2.0738,1.0114,0.93654,-0.45403,-0.1269
-0.092121,0.33056,-1.1675,-2.5858,-0.3197,-1.1054,-1.098,-1.3231,1.7909,-0.7479
-0.24405,-0.11028,-0.73056,-0.28568,-1.5567,-0.3579,0.75968,0.65926,0.08177,0.099384
-0.21919,-0.92475,0.17624,-1.8091,-0.44995,0.36749,1.5144,1.366,-0.28663,-0.017395
-0.87977,-0.80088,-0.69725,1.9563,-0.41482,0.73343,-0.52861,1.0314,-0.77508,1.2358
-0.3208,-1.2307,-1.0554,0.66283,-0.34953,-0.28727,0.49291,-0.25493,2.0879,-0.5494
-0.78442,-0.16812,-1.9519,-0.090014,-1.2212,-0.11445,0.50848,-1.5271,-0.29788,-0.11168
-0.36496,1.8029,-0.31755,1.6346,0.75954,-0.1941,-1.5313,-0.76308,-1.3277,0.67243
0.11727,0.23371,1.4285,-0.40078,-0.82598,-0.68091,-1.4384,0.33304,-1.7872,1.141
0.17434,1.6281,1.3406,0.58326,-0.28146,0.6756,0.034725,0.26078,0.1266,-1.6071
-0.21566,-0.89801,-0.22227,-0.39628,-0.46875,0.045228,2.1254,0.3947,0.97454,-0.063818
-0.15261,-0.49948,0.45247,-0.99705,1.0972,0.63841,-0.69829,-0.67496,0.57767,0.087966
0.033688,1.7343,-0.21466,0.24404,0.20771,-0.7308,-0.536,-1.7016,0.6718,-0.024158
0.45828,-1.359,-0.66096,-2.2663,-0.81474,-0.33268,-0.96269,0.45246,-0.23538,0.42893
1.2816,-1.3038,0.2699,1.4118,0.68557,0.34632,0.73145,0.044352,-0.34213,1.7528
0.62009,1.9966,-0.26624,0.62542,0.61312,0.87881,-2.1098,-0.6438,1.1444,0.7657
-0.28667,0.98456,0.69771,-0.265,-1.2439,-0.042663,-0.4085,0.56884,-1.6713,-0.86177
0.59802,0.23521,0.85012,-0.0011252,-0.5586,-1.2941,-0.36401,1.1136,-0.52202,-0.010775
-0.24553,0.063658,-0.26792,0.26885,0.10458,0.51978,-0.078528,-0.27407,0.58841,0.73405
-1.7807,1.1156,-0.64598,1.4849,1.257,0.084918,-2.1048,0.75259,1.0684,-0.41343
-2.3472,0.65007,-1.1766,0.034516,1.0333,-0.22407,0.4516,-2.3437,-0.48956,-0.70163
-1.7136,0.75206,0.43188,-1.8104,-0.51606,-1.7756,-0.45698,0.61995,-0.22873,-0.78899
-0.23713,1.4362,0.31548,0.88129,0.97582,0.2427,1.7438,0.81669,1.0341,-0.29402
-0.61963,1.2858,0.48891,-0.37601,-0.3483,0.81663,0.78304,-1.4257,0.34314,-0.99533
-0.72016,0.2396,1.6342,0.88346,-1.2574,0.76118,0.94733,-0.5637,-0.43537,-0.1474
0.040657,-1.3493,0.9627,0.17613,0.49424,0.42801,0.072157,0.37414,-1.3795,0.26948
-0.65898,1.3703,-0.57586,-0.46494,0.54291,0.0039194,0.17386,1.2714,-2.15,0.66466
-0.63052,-1.0015,0.53476,1.5138,-0.2021,-0.76754,0.88203,0.87067,-0.37945,0.90652
0.60963,-2.4932,0.63456,-1.2051,0.87505,1.3685,0.019351,-0.75748,-0.82237,0.94732
0.78233,0.38022,0.81702,-0.54664,-1.0371,-0.89587,2.2587,-0.65499,-0.94226,-0.75751
2.4366,0.14899,-0.0096745,-0.67698,-0.30361,-0.79093,0.58443,-0.33819,-1.4437,0.30963
0.30241,-0.58845,0.87779,0.99737,0.96399,1.2232,0.4519,0.6049,0.54289,-2.1778
0.05832,0.14918,0.16986,0.84651,0.10427,0.060255,0.79146,0.50265,0.8616,-0.069183
-0.57413,1.3853,-0.46641,0.75538,0.79037,-0.27715,-0.55432,0.19041,-0.1178,-0.015842
-0.19521,0.34488,1.0983,-0.74289,0.80041,-0.34184,-0.39605,-1.2977,-0.90794,-0.91953
-0.050531,-0.28751,-1.2286,-0.59286,-1.8776,-0.38901,1.9644,-0.36085,1.9563,-0.95789
-1.7558,0.1047,-1.3071,0.0047353,0.9813,-0.49984,0.56735,1.1244,-1.3726,1.5448
-0.25736,-1.659,0.39822,0.085248,0.77083,0.50169,-0.33647,0.54832,-1.4228,-0.039122
0.74954,-1.4889,-0.27265,-0.066414,-0.79709,-0.85175,-0.17595,2.4536,0.15076,-0.84585
-0.57076,-1.0692,0.28431,1.0321,-0.88145,0.77255,0.36969,0.60624,1.602,-0.35363
0.49423,-1.1443,0.11409,-0.47248,-0.55136,-1.021,-0.22079,-1.7119,-1.7555,1.2937
0.99144,2.2075,1.9519,-1.8835,0.54451,0.41679,-0.83668,0.99349,0.35215,1.6401
1.0771,0.57093,-1.4425,-1.0434,-1.1015,0.97083,-1.0169,-0.074734,-0.74816,1.6441
0.77684,0.98822,-1.224,1.0801,-0.77912,-0.091806,0.0097306,-0.22597,1.659,-1.6754
-2.2598,-0.2893,1.8499,1.4454,0.97971,0.48257,-0.0076844,-0.78585,-0.65345,-0.68079
-0.56438,-0.73184,-0.5479,0.75922,-1.1447,-1.1203,-0.21217,-0.30896,0.10847,1.3585
0.90149,0.79707,-0.51358,0.81972,-2.7945,-0.72468,1.7274,-0.14735,-0.23636,2.1191
0.39468,0.40944,0.10412,-1.2401,-2.0233,0.24573,-1.4528,0.39577,2.3175,-0.63048
0.0048544,-0.42417,0.55082,0.9657,-0.26967,0.079596,-0.027989,-1.494,0.24133,-1.6862
0.43692,-1.7927,-0.74195,0.28201,0.62717,0.39372,0.24477,-0.33624,-0.69908,1.5167
1.1301,2.0884,0.068046,-0.88347,-0.22601,-0.63524,0.2725,-1.5298,-0.18386,0.24818
0.15377,2.0204,-1.6188,1.0871,-0.44184,-1.9216,-0.098827,0.7234,2.5041,-0.40928
-0.75863,-1.0704,0.30324,0.49001,-0.025041,0.078519,1.2776,-0.11928,-0.7195,0.6403
-0.18016,1.2478,-0.54528,0.22203,-2.3143,-1.3706,0.4227,-0.19176,0.23761,-0.85762
-0.20779,-0.29473,-0.012195,0.018827,-0.43494,0.17831,1.015,-0.31581,-0.50952,-0.71498
0.89675,-0.61935,-0.1469,1.2182,-0.70673,-1.0787,0.55618,-0.19636,-2.0987,1.3977
0.41231,-1.0383,0.85024,-0.78131,1.6288,0.72922,0.84331,-0.52166,-1.5134,0.054261
0.54752,-0.45739,1.5809,0.88486,0.4654,-0.15669,1.3058,2.1276,0.03813,-0.44291
0.14784,0.16631,1.3944,-0.33521,0.33389,-1.0212,0.21219,-0.017189,0.79502,-1.0026
-0.36227,-1.4348,-0.66513,1.3361,0.81018,-0.75588,0.13038,-0.4134,-0.17169,-1.004
0.061141,0.11473,0.90211,-3.1926,0.040145,2.2727,0.38923,0.61369,-3.3336,-1.0162
0.21671,-1.5364,-0.54091,-0.16147,0.22914,0.52247,0.2811,0.24199,-1.4542,-0.74096
-1.3981,-0.1716,0.085711,-0.55601,0.71863,0.054689,-0.451,-1.4499,0.26689,-2.2108
0.17887,-0.95715,-1.6949,1.6026,-1.1803,-0.87219,-0.98988,-1.6053,0.94453,1.5743
0.92758,1.2551,-0.23874,-0.68352,0.4189,1.5619,-0.35158,-0.76161,0.70498,-0.090605
-0.11018,-0.70255,-0.47428,1.0053,0.46716,0.26722,-0.92387,0.033444,-0.85125,0.10238
1.5724,-0.22529,0.41058,0.76944,-0.93535,0.74114,-1.5259,1.2026,-0.89141,1.0834
0.56049,0.4275,-0.34445,0.67766,0.68078,-0.9486,1.2135,-0.60585,0.63511,0.29854
-0.42034,-0.20768,0.47264,-0.44305,-0.54563,-0.78998,0.65029,-0.13939,-0.91563,-1.8351
-0.15395,-0.5773,1.0701,0.71271,0.60432,0.036599,-1.4462,-0.72993,0.82311,-0.57528
-0.2752,-1.7659,0.94897,-0.32464,-0.33954,1.5558,0.29624,0.41594,-0.025788,0.62716
0.24112,-0.39408,0.1996,-1.2035,-1.9647,0.16316,-0.23501,-0.61646,-0.79834,2.0385
0.75469,1.141,0.49969,1.8997,0.46615,0.67074,0.28757,0.5163,-0.77901,0.71081
-0.29191,0.41882,-0.79356,-0.19088,0.55533,-1.3362,1.4144,-1.3456,1.4979,-0.29998
0.45845,-1.1594,-0.7832,0.3574,0.10055,-0.36079,-1.1001,0.37458,-0.012695,-1.9535
1.7553,0.95572,-1.5193,0.81648,0.27242,1.7868,-0.89681,-1.0975,-1.0758,0.39439
0.93149,-0.13826,0.35327,0.58009,-0.8213,0.64367,-0.77884,0.41133,0.6642,0.43559
0.82526,0.73981,-0.029115,-0.18853,0.036029,0.36125,1.5324,-0.018811,0.55185,-0.3855
-0.81481,0.15175,-0.44222,0.13134,0.5734,0.15037,1.1291,-0.47588,0.60946,0.095385
-0.5342,-2.32,0.065313,-1.261,0.1287,-0.45296,-0.7416,-0.58101,1.8997,1.5122
0.24255,-1.0664,-0.73941,0.064045,0.11338,1.6656,-0.17398,-0.92826,0.67402,-0.53803
-0.10065,1.5969,-1.4086,0.010521,-1.7723,-0.26602,-0.0075554,-0.11717,0.50624,0.00022316
-1.625,-0.19012,0.76142,0.26268,-1.0841,-1.3753,0.15959,-1.6771,-1.7822,0.96606
-1.5144,-0.61177,0.23194,0.58841,1.9305,-0.1014,0.80288,-1.7788,2.0788,0.45631
1.0262,0.27247,-0.29601,-0.38239,-1.4721,0.60092,-0.31182,-1.8704,0.35234,0.46013
-0.75813,0.57434,0.70358,2.0061,-1.2254,-1.041,-1.0765,1.3266,-0.62181,0.9799
2.0783,-0.72698,-2.0037,-0.43444,-0.42883,1.4582,0.33742,0.72592,-0.37959,-0.13785
-2.222,0.30599,0.33329,-0.87211,0.70847,-0.81626,0.90058,1.5189,-0.56253,-0.38492
0.44876,-1.2674,-0.012304,1.2914,-0.9788,-0.15184,-0.73391,0.34138,0.29943,-1.2396
0.00062612,-0.68335,-0.16863,-2.2843,-0.34447,-1.3062,0.21061,0.6988,1.6678,-0.63878
-0.75624,-0.62559,0.55652,1.0196,-0.88764,1.0123,0.084474,0.96483,0.10208,-1.1758
0.40432,0.18858,1.7035,1.8438,-0.050839,0.19298,-1.9545,0.78531,0.22345,-1.025
-0.79385,1.9166,0.73222,-0.90316,-0.25886,-0.14045,-0.57979,1.2141,0.78631,-0.44142
0.85978,0.59647,1.1868,-1.0326,-1.1798,-0.42274,-0.54736,0.057856,-0.8474,1.1545
0.066869,-0.91137,-1.3068,-1.1273,-1.0237,0.010371,0.79043,0.70293,0.2044,-0.85862
-1.6394,-1.6785,0.39032,-0.16082,1.4823,-0.047972,-0.058197,-0.96957,-0.95487,-0.42596
-2.4247,-0.78372,0.07004,-2.5724,0.059803,0.51878,0.74875,0.35378,-0.65706,-0.25045
-0.28383,1.4939,-0.17368,0.91523,-0.56257,-0.63054,-0.10222,-0.46394,-1.1045,0.21111
1.1458,0.52155,-0.29535,1.3614,-0.36945,1.2908,-2.2248,0.26525,0.98586,-0.19173
0.18117,-1.0874,0.50619,0.77228,-0.54361,0.13096,-0.68369,-1.2152,-0.93808,0.7434
0.05425,1.3327,0.6708,-0.96728,0.074286,-0.023921,-0.98761,0.26655,-0.75761,1.1161
0.68775,-0.84568,0.50837,0.67435,-0.15534,1.4982,-0.26725,-0.21107,-1.2171,-1.4011
-1.3934,-0.036572,0.6569,-1.9287,0.19536,-0.74353,0.85098,-1.0796,-0.037989,-0.23203
1.4254,-0.70178,0.26254,0.93918,-1.2531,0.97296,0.63721,0.78514,-0.43409,0.23382
-0.89385,-0.012914,-0.4108,-0.4465,0.43792,0.29385,-1.6951,-2.6206,1.0422,-0.47653
0.037765,-0.68554,-0.3401,0.27657,-0.86029,-0.86613,-0.78712,0.77603,-0.011112,1.0755
-0.36357,-0.74234,-0.055439,-0.89416,0.36821,0.40932,0.92608,1.3649,-0.5424,-0.93907
0.14956,-0.74257,-1.0273,-1.4948,1.3875,1.9169,-1.1381,-0.050294,0.28984,0.78769
-1.9445,2.0343,-0.25963,0.23987,0.51309,0.24115,1.3479,-0.8894,1.7141,0.65192
1.5239,-2.0059,0.25095,0.32623,0.12054,0.15943,0.40424,-1.093,0.92175,-2.8556
0.54581,1.0231,0.10814,0.1068,-0.5209,-1.4354,-1.0891,-0.15782,-1.0976,-0.88194
2.0099,-0.46327,-0.33131,1.7255,-0.53074,1.7081,-0.2582,0.69666,0.17991,0.90216
1.4167,0.55115,0.0663,-0.42002,0.41308,0.32923,0.97476,1.808,-0.54277,-1.5902
0.011481,1.0344,-0.50472,1.6639,2.0241,-0.65501,-0.51172,-0.70482,-0.7542,-0.24282
-0.93905,-1.4668,-0.49238,0.68366,-0.26458,-1.3102,-0.50301,0.51052,0.43217,-1.6246
-1.7389,0.74057,-0.046814,-0.79559,-0.58463,0.17963,-0.65712,0.094203,-0.93785,-1.2589
0.016971,-0.25473,0.13575,-0.68771,-0.92038,1.14,-1.5035,-0.94656,-1.3156,-0.535
0.21916,-1.0306,-0.27613,-1.5772,-2.5535,-0.53639,0.28552,-0.95355,1.4576,0.10071
1.0458,-0.031905,0.0075046,1.6873,0.81181,-1.2986,0.68727,-0.47847,1.7641,-1.3911
-0.95098,-0.092056,-0.26502,0.83353,-1.068,-0.66322,0.83945,1.7566,-0.34555,1.2011
0.7948,0.30797,-1.3546,-0.66009,0.72965,1.6266,1.3155,0.12163,1.1717,-0.050106
0.07143,0.40365,1.918,-0.060906,0.22555,-2.0078,-0.73475,-0.38751,-2.3647,-0.12069
-0.77369,-0.30542,-0.35206,-0.023922,-0.6754,0.50413,0.4443,-0.59096,1.2725,0.20618
0.77416,0.74838,0.4077,-0.76743,0.62529,-0.47703,-0.4081,-0.21892,0.59788,0.70773
0.26565,0.30778,0.30349,-0.30626,0.90007,-0.34397,-0.024476,0.69864,1.6342,-1.7093
-0.23511,1.2741,0.56205,0.47807,-0.4584,0.80735,-0.85026,-0.50842,-0.077703,0.54503
1.8773,1.4238,0.21346,-0.80368,-0.59839,-0.29635,0.31201,1.9315,-0.396,-0.27852
0.60924,-0.49056,0.45724,0.77463,-0.67435,-0.44369,0.93822,-0.5611,-0.5867,-1.4357
-0.11027,-0.2766,0.38255,1.1353,-1.2209,0.1491,0.44102,-0.35076,-1.2772,0.24145
0.27746,1.0701,-0.12905,2.4549,0.69021,1.0944,0.5856,0.43544,-0.69644,1.0313
0.087046,2.0273,-1.4449,0.17602,0.69845,-0.85361,1.0138,-0.5588,0.032584,-1.9607
0.17359,1.2974,-1.0578,-0.23414,1.148,-0.60125,-0.29333,-0.23878,0.32772,0.954
0.45359,-0.00092372,-0.24232,1.5069,-0.58322,0.1445,0.82857,1.4717,1.2417,0.29299
-0.60352,0.21166,1.5777,-0.88601,-0.62784,-2.2665,-0.43793,1.0583,-0.23077,-1.5335
-0.79702,1.6095,0.83842,-0.077313,-2.5398,1.0907,0.12165,2.9075,0.47723,-1.4512
0.36065,-1.1226,0.45156,-1.5259,-0.74768,-0.57345,-0.0095533,0.48132,0.24344,2.3008
1.8851,-0.24594,0.11237,-1.9758,-0.15643,1.5637,-0.45335,-0.29125,1.1542,-0.14965
-0.30682,-0.79185,0.51638,-0.256,-1.4229,0.23409,1.1448,-0.96679,-1.0006,0.21207
-1.0127,1.3971,0.20925,-0.031248,1.3678,0.0065214,-0.75927,-0.36165,-1.6445,1.7607
-0.23855,-1.2504,0.68021,0.96384,0.75036,0.35901,-0.43922,1.0401,-0.13855,0.0036962
-0.48401,-0.5212,-2.0398,0.083756,0.86484,-0.78113,0.016144,0.17573,-0.72225,0.56987
-0.32734,0.060456,-0.58913,1.6017,-0.60024,-1.7242,0.8525,-0.55607,-0.89166,-0.50111
0.47552,0.33019,0.41118,1.3772,-0.15669,-0.46941,-0.94014,-0.93263,-1.0493,-0.20622
-0.13,-0.39698,-0.42203,1.9163,-0.066002,0.28174,-0.21726,-0.38817,-0.5322,0.074102
-0.59435,-1.0163,0.27268,-1.1842,-0.4471,0.0010078,-0.21669,0.032259,0.55414,-0.1149
-0.44377,-0.3312,1.2773,1.8519,-1.3826,-0.46556,0.49467,0.0069953,-1.3496,-0.88451
-1.3225,-0.32577,-0.81815,-1.0421,0.27942,-0.84589,1.1651,0.30402,0.077758,0.49544
-0.85952,-1.1851,1.2491,-1.0356,0.12503,-1.7366,1.9865,-0.22168,-0.75347,0.42333
-1.413,-1.3382,0.57024,1.8026,0.25741,-0.61097,0.87557,1.1604,-0.35252,-1.9075
-0.51599,0.20391,-0.24074,-0.18765,1.0999,-0.49349,1.2135,1.3265,-0.91188,-0.55516
-1.0851,0.69458,-0.20895,-1.7958,0.10934,-0.1679,-0.72873,-0.069373,0.02521,-0.87019
-0.70716,0.53374,-2.1546,1.6553,-0.47719,1.1652,0.60678,-0.57913,-0.36036,0.011494
-0.30165,-0.00013663,0.80227,-1.397,-0.23993,-0.31764,-0.41399,-1.8122,-0.31621,1.6394
-1.2004,-0.62646,1.4769,1.6173,2.9368,-1.0036,0.95777,0.7118,2.8089,-1.003
-0.019362,-1.6588,0.84006,1.6254,0.31049,0.45355,-0.62668,-0.99974,-0.15421,-1.2519
0.34037,-1.0092,-1.1139,-0.33024,-0.87527,0.71999,-0.22879,-1.1913,0.30702,1.1375
-0.96323,-0.62125,-0.49548,0.28255,1.0552,-0.050877,0.041399,-2.6427,-0.52569,0.86361
1.1139,-0.29753,-0.97253,-0.14655,0.4431,-1.1018,0.34416,-0.38585,0.43728,-0.82456
-1.5861,0.24311,-1.5006,-1.3285,1.7151,1.0588,-1.4511,0.65165,-0.77072,-1.3276
-0.39179,0.22073,-0.67847,1.0091,0.29636,-0.20956,0.0090688,-0.40929,-1.5245,-0.56483
-1.4847,0.81848,1.1175,-1.458,-0.36922,-0.51741,-0.79204,0.29138,-0.24274,-0.24883
-0.34463,0.34045,0.19649,0.70339,0.0087021,-1.0768,0.92163,-0.6861,-0.0073073,0.48283
-1.3239,-1.4011,-0.42088,0.44018,1.0502,-1.5165,0.76417,-0.10437,1.4633,-1.4969
-0.57483,0.77681,1.1339,-0.32966,-0.92179,-0.28138,-2.2164,0.37999,0.11421,-0.60397
-0.74071,-1.084,-0.67052,0.16175,0.21049,1.1671,-1.0078,0.79642,0.46459,0.79011
-1.185,-0.48276,0.94068,0.86298,0.95405,-0.44288,2.2157,1.8597,-0.53728,0.67739
-2.0649,-0.7493,-0.75038,-0.4444,-0.77604,3.2712,1.092,-0.452,-0.15043,0.63491
0.56506,0.61808,0.22858,-0.084478,-0.44351,1.8702,0.038804,-1.2818,0.74258,0.98904
2.0001,-1.7789,0.74733,0.0049456,-1.0784,1.4823,-1.5787,-0.57943,1.1453,0.53289
2.2233,0.57518,-0.70114,-1.5612,0.0095321,-0.0070421,-0.76762,1.6323,0.47444,-0.64709
-0.49218,-0.76473,1.1187,0.17907,1.5469,-0.41164,-0.063619,1.1557,-0.026216,1.1919
-0.046003,-0.88944,1.2507,-0.10411,-0.92637,-1.5548,1.5355,-1.8949,-2.4214,-1.4506
-0.46575,-1.3675,0.66043,-0.87848,2.9992,1.4848,-0.56519,0.93763,0.56959,-1.599
0.075947,-0.86962,-0.48931,-1.5028,-0.51378,-0.47929,0.45592,-1.2848,-0.94848,0.3766
-0.91877,-1.2722,0.29235,-0.47143,0.16427,2.2126,-1.2705,0.65163,-1.5361,0.14464
-1.9195,-0.94877,1.412,0.50988,-1.6118,-0.21563,0.88178,0.4743,1.5564,-0.79648
-0.036443,1.1317,-0.016446,0.16951,-1.0278,-0.72127,-1.0412,-0.23013,0.46092,1.0982
-1.2251,-0.23552,-1.4426,-1.0828,-1.0923,1.3428,-0.081761,-0.75328,1.0111,0.65747
-1.9024,-1.1074,-0.09446,0.62275,-0.4954,0.98739,0.057489,0.68582,0.73266,0.25649
2.3742,1.1354,-0.9711,-0.08769,-2.1494,0.91996,-0.10567,0.61916,0.5518,-0.34137
-0.23335,0.56084,0.73488,1.1731,1.2544,0.25207,-0.90156,-0.46599,-0.68598,-0.16785
0.40388,0.33534,0.037359,-0.82613,1.3396,-0.12555,-1.5646,-0.37113,0.17739,-2.0554
1.1925,-0.59189,-1.5452,-0.33875,0.20925,-1.5341,0.48974,0.96598,-0.86805,-0.2385
-1.6848,0.62645,-0.21623,0.82882,0.62779,0.30623,0.35093,-0.947,-1.8324,-0.89119
0.41315,-0.69294,1.3481,1.6588,-1.9132,-1.0887,-0.098857,1.1766,0.34802,-0.16827
0.50175,-0.83188,0.76246,-0.12445,-0.95697,1.1156,-1.5519,1.5078,0.21347,-0.70663
0.083064,-0.65208,0.55326,-0.66367,0.31306,0.19536,0.090119,-0.1885,-0.52441,-0.16973
0.1578,-0.5001,-1.591,0.95142,0.40611,0.7546,-0.031093,-1.0302,-0.11268,1.197
-0.52794,0.48254,-0.61379,-1.2556,1.3127,0.42162,1.0888,-1.1286,0.76795,-0.13801
0.72306,0.86026,1.0644,-0.5987,0.91346,0.20519,0.27562,1.1309,0.67066,0.84329
-0.84994,-2.0417,0.51905,2.1924,-0.4186,0.1445,-0.65693,1.2617,-1.1828,1.187
-0.79638,-0.50331,-0.12821,-1.2374,0.56514,-0.40673,0.8935,-0.93631,0.36895,2.4367
0.72534,-1.486,0.59266,0.97593,-1.0649,-0.24294,-2.3185,0.90683,0.74636,0.91152
1.6865,1.1639,0.39712,-1.6192,0.18794,-1.909,0.69438,0.5572,-1.1262,-1.6836
-0.38639,1.5667,-1.0621,0.72954,-0.63963,0.80641,0.8515,-0.50159,1.7651,-1.284
-0.50508,-0.68922,-0.42682,0.1639,0.62822,0.66121,-0.22701,0.28101,0.22855,-1.5345
0.40807,0.83134,-2.1567,-0.80114,-0.43525,-0.050325,-1.4715,-1.7287,0.76595,-0.84292
1.0724,0.51721,1.5765,-0.45961,0.15629,0.33639,-0.15035,0.20361,1.3728,0.71915
0.96798,0.35481,-1.2608,-0.51943,0.37044,0.12968,-2.0277,-1.8683,-0.57307,-0.43035
0.27015,0.88905,-0.67943,-0.2503,-0.39389,0.53824,-1.1268,-0.80665,-1.2312,-0.0096678
-0.63441,0.72024,0.46132,-0.38872,-1.8375,2.442,1.6742,1.7707,-0.1431,0.57255
0.62976,0.20601,-0.79893,-0.60921,0.80892,0.35484,-0.14983,0.93534,-0.73368,2.8964
-0.079234,-0.76012,0.051549,1.6671,-1.1302,0.34279,-0.33109,-1.2241,0.18883,0.80859
1.3769,1.4885,-0.734,-0.66012,1.0086,0.065106,0.71867,-1.2362,0.42234,-0.686
-1.4082,-1.0252,0.13607,2.8833,0.1654,2.1132,0.85689,-0.35993,-1.4454,-1.0612
0.14123,-0.10616,-0.064577,1.1313,-0.83451,0.68144,-0.38766,2.3419,-0.39579,-0.71223
1.2897,-0.36329,1.2169,0.27994,-0.32249,0.87368,0.059328,1.1189,0.58992,0.13352
-0.49494,0.99012,-0.88362,0.31091,-1.0427,-1.4435,0.5656,-0.14105,0.2126,0.592
-0.62482,1.1782,1.1687,-0.26756,-1.2093,-0.28242,0.82154,-0.12208,-0.85006,-1.1832
-0.93363,1.2877,-0.1966,-0.037408,0.47575,2.1775,-2.5909,-2.385,-0.18283,0.32669
-0.27872,1.4026,1.2001,-0.015243,-0.36838,-0.53121,-0.22697,0.93811,-1.7454,-1.0171
-0.20052,-1.4228,-0.29662,1.0933,-1.3632,-0.67184,-1.1658,0.34402,-1.1233,-0.49195
0.13674,0.36053,1.6654,-0.1799,-0.37697,0.5779,1.048,1.0856,-1.4767,0.62685
-0.88335,0.0087903,-0.056466,0.41247,0.18834,1.0025,0.5181,-0.83975,-0.77274,-0.58285
0.082538,-0.6313,0.12665,0.53486,0.11103,0.27408,-0.92118,-0.21206,-1.0466,0.63559
-0.60387,0.18194,-1.4687,0.03849,-0.18106,-0.13852,1.5369,-0.077427,0.58115,-0.51626
-0.36873,-0.31566,0.15271,-0.21175,-0.27407,-0.67923,-0.8125,-1.3364,-0.61836,-0.26444
-0.83817,-1.2398,-0.90501,0.71524,-1.0291,1.5922,1.7542,2.0522,1.4108,0.8344
-0.28248,-0.8065,0.68109,-0.27605,1.3754,-2.2325,-0.097026,-0.30086,0.17139,0.22985
3.5699,-0.96659,0.071521,-0.56104,0.48268,-1.2871,-0.20588,-1.0951,-0.39581,1.2278
3.4075,-0.9006,-0.53034,0.73963,0.84086,1.9045,-0.87592,-1.7965,-0.017557,1.1884
1.1469,-0.13428,1.5852,-1.3415,-0.78208,0.98127,-0.31067,1.2236,-0.66953,-0.042061
0.78726,0.19687,-0.27029,-0.35265,-1.2434,-0.46166,0.19156,1.1791,-1.5644,0.4708
-1.2781,-0.98418,-0.78676,-0.59354,-0.76802,0.84332,-0.2287,-1.9097,1.2619,1.583
-0.58459,-1.554,-0.12429,-0.14367,-0.23214,1.6036,0.94867,0.16767,-0.46996,-0.47467
-0.61941,-1.0568,0.2099,0.67769,-1.0843,-1.0207,0.094588,-0.68158,-1.0253,-0.18997
0.5353,0.60531,-0.74888,0.78743,1.1647,-1.0645,-1.1154,-0.51082,0.66556,0.10723
0.48299,0.86152,-1.0707,0.28638,0.57876,0.17358,-1.1006,1.6793,0.74476,1.3336
0.10848,-1.4255,-1.4211,-1.2774,-1.6662,0.86684,-0.31163,0.27045,-0.011542,0.87303
-0.34028,0.3479,-0.11835,-0.37766,-1.5058,-0.062217,0.18022,-0.64137,-0.00069991,1.8573
-0.92585,-0.45616,-0.85173,-0.13331,-2.9596,0.0083329,0.3792,-0.97623,-1.5085,0.94176
0.0053217,-0.93592,-0.33627,0.66595,-0.16511,0.62772,-0.19388,0.78799,-0.54301,-0.50148
1.1391,0.27957,0.28621,-0.0021106,-1.0081,-0.98849,-0.33858,0.11355,-1.1928,0.23979
0.42736,-1.3941,1.0634,-0.54319,0.2652,-0.48235,-0.38406,1.1732,0.17858,0.56866
0.18103,-1.3818,1.1998,0.8136,0.42737,-1.4923,1.7968,1.3227,-1.6595,0.22127
0.65748,-0.3869,-0.063314,-0.65058,1.7256,-1.5775,0.31541,1.1413,-0.65092,-0.55996
0.58425,-2.3249,0.63895,-1.0436,-0.029075,-0.02525,-0.025633,-2.3289,1.5237,-0.59226
-1.6165,-0.81693,-1.8252,0.98167,0.47003,-0.82604,0.055364,0.2839,1.1301,1.2383
0.018774,-1.347,0.48795,-0.158,-0.0034394,-0.88974,-0.92391,0.41323,1.0506,-0.013231
-0.42596,-1.7899,0.26346,1.6673,-0.37323,-2.1117,-1.4113,1.1968,-1.7101,2.9095
-2.034,-0.89314,-0.3563,0.34841,-0.75205,-1.1028,-0.34769,2.1734,0.3677,-1.1421
-1.3286,0.033786,0.80419,0.8798,-1.3089,-1.2602,0.65146,0.71533,0.36957,0.2047
-0.31989,-0.32267,-0.9486,-0.59654,1.4758,-0.0040345,-0.62376,-0.98081,-1.3718,0.54555
0.82543,2.1905,0.50906,-0.24686,-0.3388,0.7951,0.10575,1.8582,0.088342,-1.2444
-0.22929,-0.17976,-0.39176,0.69716,-0.022918,-0.39223,-0.16399,0.58247,-0.40912,0.10172
0.26225,-0.89705,-1.8265,-0.12945,1.0966,1.015,1.0554,-0.12882,-0.5122,0.26594
-0.89798,0.70042,0.71354,-1.5726,-1.2471,0.58984,0.93349,0.22773,-0.23468,0.92608
-2.1573,0.61082,0.091789,0.71844,-0.74905,-0.47,1.6034,-0.14793,-0.6797,-0.63463
0.093917,-0.9522,-1.255,0.15035,1.7687,0.57117,-0.052095,0.82218,-2.451,-0.65337
-0.95118,-0.12563,-0.20372,0.036769,-0.29108,1.592,-0.075698,0.78026,0.66863,0.064386
1.1726,-1.1838,-0.012599,-0.27067,0.086205,1.3665,-0.13403,0.87229,0.14289,-1.4416
1.7351,-0.3809,-0.14698,-1.4547,-0.52094,0.46942,0.9084,-0.85219,-0.33779,-0.27403
-0.3717,-0.33015,0.83481,-0.5444,0.12974,-1.7404,-1.2447,0.53808,0.029927,-0.87346
1.1929,2.0961,-0.51214,2.5233,-0.14011,-0.96482,3.1027,0.38302,-0.40573,-0.33766
0.95365,0.67052,1.157,-0.69864,0.86189,-0.11305,-0.13812,0.37697,0.66171,-0.31086
-1.415,-1.19,0.92738,1.9625,0.71771,-1.6112,0.60834,-0.12966,-0.8522,-1.4556
-0.033356,-1.4534,-0.87295,0.86456,0.17354,-0.01413,-0.89562,0.69923,-0.56641,0.23564
0.26112,-0.72292,0.040251,-1.3001,0.68674,-0.97149,0.63388,0.57602,0.07891,-1.1013
0.52299,0.33605,-0.030252,0.7042,-1.7913,0.44129,2.5041,-0.60734,0.54353,-0.57345
0.67679,1.8658,-0.80073,-0.35011,-0.93492,0.36415,1.0939,-0.57262,0.057267,-0.14284
0.6744,-0.622,-0.097139,-1.1089,1.709,-0.26956,-0.1305,-0.2681,0.57525,0.72839
0.6784,-0.18037,-0.20762,0.77902,0.98386,-0.11878,-0.34091,0.10019,0.8463,-0.99827
-0.31258,-1.5947,-1.3749,0.66383,0.87603,0.4666,-1.4869,-0.80674,-1.2629,1.5148
0.37924,1.2009,2.3209,0.79647,1.0709,-0.72666,-0.09798,1.716,-0.18084,-1.7045
-2.2529,0.58541,0.36364,0.58195,0.78225,0.51012,0.22965,0.65514,0.61017,-0.98166
-1.1684,0.87505,0.055103,-0.28848,1.0491,-0.92361,-0.020182,1.8326,-2.3853,1.6568
1.202,0.72894,1.0042,-0.8451,0.70186,-0.52859,0.92704,-0.53296,0.7354,-1.9421
-0.66074,-2.091,-1.9244,1.9835,-0.46869,-0.23992,-0.33212,-1.1367,-0.037749,-0.42919
0.32756,1.1185,1.8628,-1.3272,1.6364,-0.16052,-1.039,-0.046801,0.0026359,0.49412
1.5081,-0.069784,-3.0943,-1.52,1.116,-1.383,-0.19793,0.6241,-1.4533,-0.065551
-0.88891,-0.61889,-0.82135,0.12309,1.3228,-2.0396,0.33319,-1.7227,-0.34195,0.81783
-0.95928,-0.46386,-0.00056042,1.2606,1.5626,-0.44266,-2.7292,0.31877,0.017493,2.2828
-0.49272,1.0848,-1.8679,0.49144,-0.1886,1.7494,0.78018,0.10184,0.38876,-0.54172
0.44106,1.9005,-0.74431,0.09016,-0.025342,0.85925,-0.65119,0.51167,-2.4101,-0.49261
-0.20476,1.0135,1.3606,-0.98428,-0.14781,-0.082387,-0.54122,0.90984,1.4009,-1.1746
-0.97781,1.8091,0.099073,0.43382,-2.0563,0.23568,0.063355,0.12343,-1.6823,0.087639
-1.5729,-0.54576,0.4532,0.51212,1.7989,-1.1064,-0.14609,-1.0976,-0.66474,0.68291
-0.37026,-1.5293,0.10509,0.72095,0.72375,-0.90716,-0.8391,-0.14437,-0.17684,-0.23414
-0.22115,-0.39498,0.73987,1.32,1.8445,-0.44175,-0.33647,1.3259,0.2299,-0.92945
-0.53521,-1.0836,-0.22891,-0.97952,0.045551,0.65268,1.3401,-1.4698,-0.69679,-1.0544
-0.26197,-1.1119,-1.4063,-0.54368,1.6491,0.15287,0.57842,-0.20334,0.74931,0.57231
-1.0954,-0.37991,0.75032,0.10919,0.5575,2.7517,-0.14231,0.28706,1.3213,0.075819
0.54923,-1.5025,-0.77466,0.921,-0.94067,1.1983,0.36952,-3.7334,-0.6183,0.2189
-2.1746,-0.90923,-0.85703,-1.2293,0.26957,0.2494,0.72657,0.96936,-1.4714,-0.79395
0.14461,-0.11387,-1.5976,0.82612,1.0478,0.038556,-0.20179,0.9951,-0.018123,-2.3213
0.66903,0.10907,-0.24249,-1.8178,1.0924,-1.3129,-0.2033,-0.04994,-0.28381,1.144
-0.84883,-0.79517,1.976,-0.4455,-0.31302,-2.4924,0.19154,-0.2852,-0.23446,0.96776
-0.05709,-0.26887,0.085307,-0.47325,2.1697,-2.2839,-0.99358,1.4285,0.69129,1.2052
0.29179,-0.032803,-1.1567,1.1763,0.26049,1.0275,1.1882,0.097741,0.015146,-0.87908
-0.61462,-0.36175,-0.4562,-1.2014,-0.90911,-0.72852,-0.1503,-1.3989,1.0786,-0.37969
-0.013643,0.69917,-0.02279,0.58244,1.2369,-1.7803,0.017528,0.81763,-1.0921,1.7289
0.41211,-0.90928,0.5903,1.2001,-0.18223,-1.0485,0.74808,-0.52734,-1.5365,-1.1596
-0.93715,0.45296,-1.2596,-0.58946,-0.94699,-0.31829,1.8059,1.3878,0.049399,-0.95148
0.83516,1.5014,0.20947,1.2177,-0.37397,0.8056,0.15262,-0.47807,0.98038,0.043697
1.0945,1.6691,2.9549,1.8543,1.3358,1.4276,-2.0829,0.7424,-0.98271,0.5112
0.32118,-0.52492,-0.21908,-0.092614,-0.93756,0.6675,0.92724,-0.072043,-0.53955,-0.0043642
0.015113,0.50016,0.0089936,-0.18272,-0.1162,0.73171,0.3752,-1.4966,-0.55728,-1.1456
-1.1645,-0.98001,-0.38302,-1.9813,0.14663,-0.40235,1.8267,0.13169,0.023255,0.98209
0.49484,0.46844,-1.0098,-0.32768,1.0659,0.15672,-0.2127,0.42299,-0.83127,-0.23298
-1.2158,-1.6721,0.59128,-0.6015,0.82621,0.98354,0.42742,0.44313,-2.6206,-1.6658
1.5908,-1.7253,0.47991,1.2647,0.056518,0.84947,0.29529,0.52898,0.67625,0.76267
0.52648,-0.92075,-0.22855,-0.54217,-0.97449,0.11346,-0.47587,-0.20703,-1.1635,-0.18348
0.26482,-1.835,0.38216,-1.2775,0.23201,-0.26574,1.1288,-1.3687,-0.35785,0.1979
-0.3936,0.50021,-0.49314,1.4089,-0.33679,-1.2214,0.32007,0.23596,-0.11619,1.0571
-2.1763,0.070654,-0.53417,-0.33439,1.0645,1.3598,1.8625,-0.88841,0.45003,1.5308
-1.1957,0.98812,0.23693,0.10596,0.78604,-0.55019,-1.6667,0.90517,-0.51417,-0.55829
0.36533,0.30716,-1.8448,1.6847,-1.1573,-0.74738,0.67036,-0.32613,2.1493,0.13474
2.4124,0.65028,1.5002,-1.3122,0.16842,0.49309,-0.16829,-0.99275,1.4938,1.258
0.74025,-0.98695,0.69529,-0.54401,-0.409,-0.95546,0.97747,-0.56302,-1.9179,-0.11745
0.30975,0.86739,-0.33286,-0.94715,-0.34724,-0.43136,0.15757,0.99591,-0.85105,-1.4204
-0.54199,-0.027671,-0.80165,1.1126,-1.1177,-0.64674,-0.67887,-0.31403,1.1356,0.07253
0.12228,-0.65801,0.32631,-1.8291,-1.6728,-0.43114,-1.8703,0.082608,0.26686,0.077935
0.96228,1.1382,2.1855,-0.025434,-0.036956,-0.051775,0.1538,-0.2679,0.39619,-1.2663
-0.25397,0.74583,0.33226,0.43133,-0.74072,1.0266,0.43748,-0.054356,-0.92875,0.35301
1.8918,-0.18758,-1.1998,0.42881,-0.62912,0.85273,-0.38296,-0.14976,0.83055,-0.80935
-1.2203,0.27661,1.6903,-0.46341,1.3084,0.046252,1.0527,-0.43344,0.55666,-0.84052
-0.37624,-0.37608,-0.76443,-0.67319,0.62149,1.4821,0.26333,1.3938,0.65964,-0.078134
0.052429,-0.84693,-0.87758,0.0035627,1.4962,0.61892,1.093,0.54001,-1.1271,0.94893
-1.9539,0.20944,-0.2586,-1.0934,-0.050803,-0.0354,2.058,0.60557,-1.2835,0.7286
0.56542,-0.27138,-0.35231,-0.37803,1.5046,-0.077796,-0.79912,1.3062,0.62086,1.0775
0.077794,-0.38993,-0.32189,0.25041,0.57682,0.31062,-0.49711,0.87092,0.69881,-1.1003
0.080701,0.36217,-0.67749,-3.3585,-0.05706,0.30812,-0.34495,-0.33127,0.6875,0.57976
0.79471,-0.47702,-1.3507,0.88969,-1.1483,1.117,-0.77494,0.94806,0.43696,-1.6598
1.0437,-0.32699,0.46829,0.50212,0.69332,1.1935,0.8282,-0.52458,-0.32095,2.2295
0.80218,1.6667,0.31438,-0.36851,-0.36544,-0.59232,-0.64596,0.84724,-0.33014,1.4631
-0.46882,-2.2719,-0.47379,-2.372,-1.0012,0.40303,0.41458,-0.0024673,-0.13159,-0.051972
-0.046592,-0.76603,0.88634,-0.34425,0.81229,0.039236,-0.35397,0.021263,-0.27013,-0.59967
0.35345,-1.27,2.5671,-2.0494,0.15563,1.1084,-0.63552,-0.75265,1.424,0.29857
-1.2568,2.0369,-0.11985,-1.1183,1.069,-0.30154,-0.40045,0.46727,0.46112,-0.50917
-1.036,-0.25658,-1.2089,-0.27509,-0.74638,1.9436,0.13919,-1.5939,0.41349,0.35901
-0.42696,1.6377,0.29089,1.5243,0.50346,0.29071,0.57345,0.40646,1.1274,-0.022319
0.077669,0.17853,1.5045,0.17326,0.21447,-0.019587,0.52243,0.70834,-1.7832,-0.26765
1.7909,0.061727,1.5917,-0.2804,-1.8669,0.82769,0.22353,0.54471,0.82185,2.8945
0.79726,-1.1775,0.38198,0.0046335,0.42642,-0.55403,-0.074043,-0.17001,0.63804,0.15373
-0.4425,-1.0733,-0.17534,-0.48464,-0.93105,-1.5993,0.066478,-0.039658,0.11915,-1.9892
-0.62909,-0.070851,-2.0299,-1.2372,0.38542,0.31774,-0.49785,-0.23942,0.5373,1.4418
1.5338,-0.62323,2.0068,0.039994,1.3103,0.78181,-0.2303,-0.64804,-1.0361,0.020949
2.7335,2.0675,0.11054,-0.31753,-0.75649,0.63173,0.1931,0.67723,1.9803,0.4455
0.16744,-1.1426,-0.41201,0.33602,1.2476,-0.34744,0.43174,0.8887,-0.56818,-0.51195
-0.47887,1.3913,0.18584,-0.34846,0.6906,-0.00031247,-0.53395,0.91985,-1.1035,-0.77202
-1.4127,0.42484,1.2335,-1.2501,-1.713,-0.95361,-1.4748,-0.31196,0.28567,0.33995
0.97499,-0.34078,-0.069713,-1.934,-0.62183,0.68982,1.0706,0.25356,-0.80463,0.19065
0.28972,-1.0344,0.35694,-1.2388,-0.67568,1.7423,1.1321,-0.085335,-0.81566,-0.54445
1.1654,-0.74786,1.2348,0.027542,-0.87422,-0.043625,0.7717,0.13877,0.70489,-0.19586
-0.90871,-0.67844,-1.0525,-1.294,-0.045292,-0.68815,-0.25422,-0.26239,-1.6989,-0.27612
0.24058,-1.3501,-0.54138,-0.18829,1.1425,1.1824,-0.4485,-0.40937,0.0072876,-0.42333
-0.65405,1.5247,-0.04023,1.6547,0.95071,-1.1126,1.1681,-1.4162,0.086509,-1.3509
1.275,-0.81449,0.75953,1.0533,-0.2831,-0.35254,-1.4235,0.24887,-0.41768,-0.92877
-0.55119,-1.2172,-0.28981,1.4599,-0.51112,0.1573,-0.51643,-0.14635,-1.3323,2.2226
-0.087409,0.016934,-1.2741,1.5754,1.0813,-1.1133,0.40069,0.49393,3.4178,-0.74369
-0.34782,0.02007,1.2235,-1.2454,-0.11474,1.1996,0.17425,-0.33422,0.64987,-2.3448
0.99396,-1.3834,-0.71675,-0.91599,-0.01027,0.37161,0.27097,0.3193,2.6102,-0.84331
0.42844,-0.47451,-0.48082,1.0719,-0.1449,-1.2448,1.4529,-1.2915,0.47931,-1.0084
-1.0042,0.24329,1.2039,-2.2058,-0.025427,-0.41841,-1.0634,-0.16766,-0.50685,-1.0623
-0.63269,1.2867,0.97084,0.55122,-1.7968,-0.6755,0.97786,0.56032,0.31052,0.51665
-1.0457,-0.35106,0.23371,0.84035,1.0645,-0.04004,-0.43028,0.98338,0.38826,0.59023
0.50571,0.92196,-0.013924,-0.52176,-0.20314,-0.61633,-0.68403,-0.011942,-2.1793,0.20501
0.33195,-1.6188,-1.7227,-0.4794,-0.77541,-0.85985,0.28696,-0.29642,-0.5183,0.24109
-1.6354,-0.40626,-0.78033,-1.2974,-0.5433,-1.4152,-0.24861,-0.30395,0.41169,-0.53024
-1.9068,0.172,-0.13363,0.40497,1.96,-0.17591,-0.137,0.40102,-0.72542,0.10137
-0.040399,-2.4184,0.025133,-0.83399,-0.39688,0.21019,-1.1263,2.3582,0.16776,-0.026092
0.69719,0.22457,0.26907,0.94471,0.26759,-1.2194,-0.65652,1.193,-0.59772,-0.3159
0.1688,-0.62363,-0.05503,-0.79495,-1.4683,-0.18896,-1.1163,-0.39949,0.58362,0.13292
-1.5438,-1.1117,-0.18795,-0.081767,-0.46805,-0.51766,-0.27436,0.81913,-0.84076,0.62904
-1.5518,1.1753,0.016668,1.4865,0.64884,1.6728,0.8506,1.3015,-1.4402,1.9224
0.86708,0.29438,-0.95254,-0.025612,0.092823,0.30092,0.80615,-1.8826,-0.16901,0.023563
-0.14537,-0.75326,-0.14746,0.010912,0.50993,1.8639,-0.17633,1.0213,-0.63232,0.24381
-0.38624,-0.36824,-0.97619,0.53134,-0.6096,-0.40662,-1.1145,-0.34949,1.1217,0.67641
1.3162,-1.4414,0.43841,-1.5259,-0.38292,1.3298,-0.076109,1.6553,0.2039,1.2105
-0.79646,-1.053,0.17325,1.0196,0.20605,0.95247,0.22503,-0.10756,-1.1587,-0.83181
0.13544,1.3656,-1.3119,1.674,0.13321,0.31581,-0.27361,0.67358,0.47026,0.20467
0.41781,2.0058,-0.55105,0.93547,-1.1559,-1.6365,-0.43717,-0.25794,0.4959,0.15625
0.81988,0.75906,1.0858,0.56007,0.8985,-1.1473,0.016932,0.95893,-1.6751,-0.10615
-0.85435,-0.737,-0.97348,0.50272,3.2872,0.16285,1.9296,0.9878,-1.521,0.083718
0.35732,0.34343,1.7497,2.2836,-0.62035,1.3908,0.53497,0.26633,-0.70711,1.2426
2.7485,-0.54262,0.63985,1.4717,0.75074,0.87295,0.30135,0.44756,0.88673,0.68503
-1.513,-0.70489,-1.316,-0.8568,-2.2036,0.63417,0.565,-0.53262,-1.2426,0.7234
0.43398,0.98831,1.6183,0.84061,0.75428,0.60358,1.7166,0.33426,-0.53904,0.46892
-0.22977,1.9935,-1.9886,1.0335,1.1514,-0.011346,-0.11094,-0.29044,0.56596,-0.33605
-0.82709,0.27561,0.90787,-0.066075,-0.28534,-1.1798,0.81015,-1.1342,-0.81847,-1.7911
-0.83198,0.98281,0.48179,2.1732,0.30823,0.53731,0.013518,-1.4725,-0.40785,0.11389
0.4979,-0.69619,0.45298,0.072553,0.43405,-1.1997,3.1199,-0.093686,1.0033,1.1334
2.3156,-0.26797,1.9349,0.91317,1.4898,-0.7962,-0.032212,0.80203,0.59945,-2.7563
-0.79383,-0.33881,-0.82343,0.49946,0.84806,-0.16485,0.57671,-1.8393,0.67434,-0.24538
0.54096,1.3264,0.38674,1.9818,1.071,-1.8658,-0.66741,-0.36575,0.33896,0.94232
-0.55906,-0.44757,-0.047628,0.77866,-0.057219,-0.66613,-0.17948,-1.0331,-2.4744,-0.019998
1.9766,0.023475,-0.60759,0.46157,-0.91136,-0.084398,0.18564,-0.52967,0.11678,-0.90901
0.54466,0.6044,-1.7181,-0.56338,-0.097639,-0.9705,-0.56641,0.98,1.7615,-1.5689
-0.13791,-0.42998,1.1349,1.7011,-0.46799,-1.0721,0.83356,-0.074792,0.80408,-1.1132
0.61988,-0.92808,0.46917,-1.1843,0.47324,0.48343,-0.062304,0.068196,0.081914,0.9517
-0.0055828,-0.22063,0.53325,-0.24608,2.1364,1.2076,-2.558,0.44491,0.18393,-1.2094
1.1072,-0.71745,1.0783,0.88546,0.39958,0.39842,-0.90189,0.35612,-0.3967,-0.53334
-0.18559,-0.54361,-0.24864,0.63167,0.30342,0.38657,-0.12242,0.34175,-0.72993,0.80395
-1.1214,0.87436,0.35713,0.03829,0.2645,-1.1236,0.9727,1.6018,-0.93068,1.9402
0.24645,-0.11148,0.74754,1.888,-0.37933,-0.65015,1.3798,0.2503,-1.2805,0.9423
1.561,0.82124,0.22968,-1.4811,-1.7612,0.095031,0.28769,0.71711,0.44157,0.2817
-1.1966,-1.3621,1.4233,1.0353,1.706,-0.91033,0.453,0.32115,2.2994,1.7409
-0.24235,-0.097424,-1.2779,0.27233,-0.53491,0.77492,0.22395,-2.1504,-3.3526,0.29932
1.0048,-1.2432,0.35539,-0.55875,0.32626,-1.0089,-1.6492,-1.3111,0.84882,2.3238
-1.9201,-0.013219,-1.0209,-1.2698,0.36829,-0.21235,0.90944,-0.5769,-0.025328,0.24926
0.62545,-1.1741,-1.2441,2.0669,-1.1392,0.66305,0.99202,0.74071,-0.73308,-0.41426
0.75296,0.32167,-0.8472,-0.6885,1.0162,-0.28074,0.54889,0.63592,0.93677,-0.21413
0.21348,0.83026,0.70543,-0.93418,0.033522,-0.82005,0.09046,0.54616,1.1992,0.20447
-0.77023,-0.42721,-1.2262,0.11746,-0.81742,-0.3097,1.1133,-2.3535,-0.61758,0.54639
-0.0071347,0.16484,1.1366,-0.27105,0.36982,-0.34426,-0.53894,0.5042,2.0035,-2.693
0.093187,0.85748,0.24376,0.1009,-1.384,0.98099,-0.69299,0.47575,1.8262,-0.36732
0.93525,0.65508,-0.83041,0.98546,0.29841,0.122,0.054412,0.28507,1.7436,-0.49623
0.66352,0.046492,1.1042,-0.70893,0.20433,-0.89641,-0.23319,0.43066,1.1493,-0.5374
-0.35023,-1.6558,-0.57571,-2.0262,-0.35387,-0.79057,-0.63841,0.20386,0.73308,2.3879
1.6199,-0.4487,-0.38057,-0.37365,-0.99437,-0.31495,0.6795,-0.93668,1.7597,1.3981
-0.050833,-1.9911,0.31853,0.39928,0.52697,-0.67028,-0.10995,0.28512,-0.30841,1.042
-0.8127,-0.37508,-0.084619,-0.98198,0.55564,-0.037673,0.66737,0.65397,0.38905,-0.40331
-0.43842,0.8817,1.676,-1.4104,0.7938,0.10611,0.3489,0.41146,1.1618,-0.15198
0.85861,0.4737,-0.5451,0.058946,0.53901,1.7912,-0.0393,-2.5651,-2.35,-0.83218
0.19522,2.4266,1.4441,-0.31991,0.12149,-0.57202,-1.2954,-1.0599,1.5635,-1.0608
0.88886,-0.1929,0.44707,0.57174,-0.47518,0.13143,1.5662,0.49402,-0.80784,-0.009663
0.069222,0.70748,0.53639,0.20373,0.27534,0.058903,-0.007358,-0.084956,0.91797,0.70216
2.4868,0.10872,-0.34855,0.71374,-0.25515,-2.0578,-0.0013309,-1.2328,-2.9816,2.1311
-1.6656,-0.93745,1.1841,0.28264,-1.59,-1.3128,0.42855,0.45215,-1.5484,1.9273
-0.41593,0.031253,0.20583,-1.8519,0.63375,2.0676,-0.46682,-0.12668,1.3372,1.4668
-0.084225,-0.57013,0.13243,-0.18965,0.89332,0.72,-0.53663,-0.030829,-0.99974,-0.91532
0.089252,-0.92209,-0.52289,-0.6985,0.26727,0.88958,-0.2236,0.021549,-0.83799,-0.19193
1.4561,-0.60285,0.93983,1.243,2.5397,0.11779,-1.5795,-1.2553,-0.27178,0.72004
0.21945,-0.20052,-1.3621,-0.37352,-1.9304,-1.9838,0.077372,-0.039013,-0.050857,-0.35022
-0.11488,2.6436,-0.79187,-1.1726,-0.49918,0.24452,0.79321,0.29353,0.56193,-0.028608
0.068602,-0.52887,0.66297,-0.74988,-0.099999,-0.4023,0.16497,1.1584,-2.0244,2.401
0.75149,-0.69176,0.58548,-0.46031,-0.8569,0.13079,-0.92492,0.03079,0.28694,-0.96914
-0.68943,-0.72368,-0.21699,-0.25615,2.0187,0.929,0.95194,0.44287,-0.69811,1.8431
0.45081,-0.0013246,-0.6958,-2.3799,-0.22965,1.1262,-1.2528,0.07734,0.040305,0.16804
-1.565,1.1477,-1.5452,0.62769,0.82207,-0.21371,1.4726,0.30293,-0.60971,1.4471
-0.078796,-1.1609,3.6435,0.1259,1.5291,-0.61557,0.27953,1.1536,-0.9422,-0.4641
-0.94179,-2.4546,-0.76845,1.2706,-1.0166,-0.31317,-1.2496,0.12583,-0.82672,0.53311
-0.65286,-0.085614,-0.21146,0.059472,1.0998,0.52376,-0.58993,0.24944,-0.8189,-0.3289
0.28253,0.99641,-0.75043,-0.52391,1.1875,-0.39993,0.51974,-0.34408,-1.754,-0.73076
-1.1251,-2.4145,0.19789,-1.5762,-2.1212,-1.7356,0.92079,-0.49402,-0.31451,-0.17525
-0.98897,0.77076,-0.14531,1.9002,0.63536,-0.20152,-0.55572,0.53727,-1.3449,-1.17
-1.5159,1.2507,-1.7468,1.1767,0.58863,-1.1876,-0.096642,-0.95533,0.64997,-0.14216
-2.2285,0.17425,-1.56,-0.21844,-1.3757,0.88285,-1.7014,0.47351,0.39069,-0.63756
-0.15152,-1.9597,-0.58329,-0.56562,1.2265,-0.58405,-0.42316,-0.0034154,0.31306,2.1307
1.1627,0.020023,1.5295,-0.64525,0.73829,0.54616,0.63066,-1.1514,-1.5793,-0.045675
-0.18194,0.56429,-0.45388,-0.11809,0.41845,-0.74755,-0.33757,0.22047,-0.28234,-0.60567
-0.23395,0.83192,0.57067,-2.5048,-0.23313,0.58897,0.60953,1.1014,-1.4696,0.52807
-1.0467,0.70899,0.68014,0.89934,0.91746,-0.18835,-0.65951,0.78787,1.1889,0.80292
1.5833,0.73331,1.2012,-1.2619,2.1123,1.2135,-0.2548,-0.94612,-0.31318,1.0976
-0.24941,1.1254,0.82607,1.6247,0.8388,0.040424,0.46031,-0.40916,0.75018,0.32383
1.294,-1.1984,0.62032,1.6527,-0.01705,0.28963,1.6194,0.38782,-0.094927,-0.0050075
0.36198,1.0345,0.5665,-1.1731,0.33242,-0.10662,1.1589,0.018024,2.6307,0.8101
-0.26305,-1.7571,0.2261,-0.89807,-0.41067,-0.18063,1.216,1.2127,-0.66677,-0.44604
1.0821,0.053415,2.3395,-0.24912,1.6267,0.13849,0.14669,0.85385,-0.28846,-0.46102
0.98243,0.32688,0.58515,0.97465,0.67961,-0.39398,-0.49907,-1.6511,0.020029,-0.017681
-0.11144,1.0957,-0.24908,0.29463,0.26851,-0.75878,-1.648,-0.15339,-0.52193,1.5846
1.296,-0.97833,-0.35854,1.3733,0.91712,0.30687,0.92884,0.95693,0.59333,-0.28212
1.7813,0.18191,1.3465,0.29402,-0.23234,0.72013,-3.0638,-0.49056,-0.7728,-0.22288
-0.065615,1.3352,0.80137,-0.7239,0.22866,-1.0714,-0.038278,0.24171,0.21773,1.3995
-0.25568,0.39371,-0.5453,0.45916,-1.1996,-0.45139,-1.3025,-0.29881,-0.0085468,-0.67835
0.40464,0.75557,-0.20003,-0.055945,-0.92771,1.3602,-1.2521,0.0056028,0.058049,-1.3703
0.35176,-0.031743,-0.91904,0.38636,-0.28857,0.15449,-0.16791,-0.67678,0.97409,-0.55441
0.80751,-0.59536,-0.4133,-0.87762,-1.9423,1.6162,0.069284,-0.91574,0.075731,-2.46
-0.25559,1.0071,0.16448,-1.2589,0.83813,-0.071917,1.7573,-0.19924,-1.5972,-0.61699
0.71511,0.60564,-0.6377,-1.788,-0.39828,-1.5463,1.8789,-0.51405,-0.28435,-1.3612
1.0486,1.0884,-0.57836,0.33763,-0.03268,0.19506,0.82544,0.59147,0.69996,0.35263
0.17755,-0.45374,-1.0576,0.45522,-0.13855,0.41941,-0.08308,0.042672,0.63699,-1.6601
0.1533,0.054718,0.37279,-0.16671,0.52993,0.27855,-0.57057,1.2084,0.046379,-1.8105
-1.2543,1.0458,-0.20145,0.74213,-0.58476,-0.68706,0.31495,-1.165,-0.3348,-0.18936
-1.1728,-1.0649,-1.4553,-0.9613,0.45385,-0.89597,0.18298,-1.1161,-0.46102,-0.78736
-1.4614,0.56607,0.47037,-2.0673,0.37796,-0.10781,-1.6763,1.0774,1.9657,-1.5088
-1.2443,0.47366,0.85459,-0.89639,1.9511,-0.26374,-0.025463,-0.70651,0.40485,-0.13574
-0.1551,1.5526,-1.3692,-1.0792,-1.17,1.8494,0.19582,0.49164,0.40617,0.34598
-1.6149,1.9682,-0.9763,0.4141,1.6835,-2.1237,-1.8516,-0.50663,0.0086143,0.3563
2.2461,1.3092,-0.71573,1.3645,-1.4236,0.31105,0.12144,-1.2968,0.3617,-0.38208
0.73928,-1.1254,-2.9517,-1.261,-0.67179,0.49396,-0.61357,-0.7204,1.3185,-0.17054
-2.0676,-1.6365,0.16445,0.34017,0.091171,0.40714,-1.3801,-0.16883,0.083649,1.1866
-1.1546,-1.3418,0.69217,-1.5884,-1.8887,-0.73307,-0.1856,0.89118,-2.0624,-0.90662
-0.10719,0.72469,1.268,0.29742,-1.9115,-1.4983,0.19199,-2.5509,-0.39648,1.2178
-1.7129,-0.52971,1.8018,0.13106,1.1636,1.2398,1.0255,0.83455,-0.81321,0.75114
-0.45989,-1.0719,-0.8065,-0.34096,1.2561,-0.75549,0.033379,-0.51184,-0.27489,0.52278
1.091,-0.18815,-1.3779,0.4357,-0.29747,0.5283,2.5629,-0.3023,1.4067,1.866
-0.16388,-0.10433,-0.67736,-0.13074,-1.3676,-0.3628,0.71502,0.24855,1.0119,-0.74204
-0.06724,-1.3617,1.2947,0.13669,0.58565,-0.29097,0.30046,-1.0645,-0.52017,-0.85654
-1.0016,0.024954,0.42076,-0.10841,0.9269,-0.9294,1.7214,0.47607,-0.95888,0.44485
-0.55566,-1.0899,-0.6595,-0.56936,-0.15775,0.0071334,-1.2512,-1.8935,1.5,1.0832
-1.3516,-0.83546,-1.5647,0.30832,0.58991,-1.0843,-1.203,-0.23844,-0.77391,0.1831
0.36421,0.90289,0.84923,-0.1174,2.2215,-0.36732,1.2882,0.71048,0.15538,0.20212
-0.45221,-0.53523,-0.26097,-1.1632,-0.72218,-1.7433,2.2607,1.0938,0.21897,2.5882
0.78337,-0.69855,-1.1252,-0.56306,0.30048,-0.67638,0.5809,0.32058,1.2624,1.3079
1.2372,1.5,0.37896,-0.24689,3.0374,-0.1782,0.30758,0.4197,1.2315,-2.0862
1.0772,1.0277,-0.43683,-1.0173,-0.74471,0.36177,-1.6293,0.92985,0.84569,-0.97266
-0.034841,0.43486,0.45748,0.36589,-0.36961,-0.078352,0.72316,0.25078,-1.5814,-1.0209
-0.50399,0.31187,-0.85036,-0.99352,0.69381,0.49814,-0.056686,-1.345,1.5543,0.26455
-1.224,-0.90757,1.1152,-1.5759,0.9797,0.73817,1.1957,0.49414,-0.5961,0.091298
0.11851,-0.68134,-0.81696,0.73278,2.3175,1.8107,1.78,1.0064,0.86204,-0.48237
0.95947,0.78529,0.11583,0.88743,-0.21292,0.32893,1.8963,1.5882,-0.89649,-0.095334
-0.34093,0.060228,-0.56456,-0.25977,-0.051165,-1.4797,1.3014,0.62267,0.095833,-0.88888
-0.17332,-0.54112,0.84006,2.0852,-0.032234,0.53161,1.0567,-0.071755,-1.8134,0.065009
0.6163,2.0707,-0.43746,0.30124,-0.30664,-0.78498,1.7175,-0.30218,0.51808,-1.1365
0.86392,-0.58961,1.3352,-0.27279,0.9916,-0.20298,-0.13795,0.83838,0.019925,-0.26746
-1.4169,-0.66816,-1.0496,0.31382,-0.3466,1.0051,-2.876,1.3759,-0.31375,-0.10126
0.19995,-0.49467,1.3555,0.63184,-0.34427,1.106,-0.59148,1.0492,0.51057,-0.89744
0.19583,-2.3861,0.26589,0.059351,0.02094,0.02061,2.7048,-0.16558,0.33965,0.34331
-0.15113,0.5232,0.368,-1.4876,-0.64249,0.42216,-1.1132,0.022164,-0.70777,1.5938
0.89278,1.0573,-1.054,-1.6796,0.80605,-0.034824,0.27246,0.27044,-1.8965,-1.3033
-0.36419,0.53696,0.31478,-0.88861,0.53656,-0.56118,1.5628,1.8984,-1.7874,-0.20108
-0.82619,-1.2017,1.7846,0.96395,-0.8579,-1.9794,-0.43917,-1.1517,-0.44047,-0.75543
0.27601,-1.2442,0.94128,0.39792,-0.91222,0.68701,-1.8461,-0.66771,-0.26408,0.23366
0.4598,0.87199,-0.39573,0.76223,-2.2747,-0.12381,0.1134,0.49649,1.9051,0.6391
-0.21751,-0.63855,0.71836,0.51729,0.43604,1.3523,1.0076,0.43695,0.41189,0.88426
0.79612,1.1542,-0.64875,0.97342,1.2304,0.17481,0.61908,-1.5552,-0.28092,0.94139
-1.518,-1.1342,-0.17787,0.52068,0.30891,-0.86233,-1.2707,-0.38115,0.0016793,-1.1677
-1.0749,0.53668,1.1034,-1.2756,0.14686,-2.0709,-0.61168,-0.37997,0.49729,2.383
-3.0722,-0.96348,0.044717,-0.63395,0.11848,-0.99797,0.61739,-0.72655,0.7633,-0.74136
0.52141,-0.53445,0.8674,-0.31046,0.76095,1.1926,-1.4382,-0.14361,-0.010499,-1.1507
-0.99102,-0.67754,-0.39625,-0.42067,-1.5205,0.49999,1.9526,0.47145,-0.81019,-2.9889
-0.25313,1.2523,-0.53913,2.7121,-0.87752,-1.126,0.79737,1.5457,-1.6875,-1.0471
1.0093,0.80071,1.3182,-2.6752,0.59826,-0.11675,0.34116,0.85826,-2.3349,-1.4095
0.051012,0.19404,-0.51912,0.70855,2.1533,0.58072,0.25816,-0.78571,-0.17777,0.67525
-0.44043,1.2876,-0.0072144,0.0044669,-1.444,0.94418,-0.23927,-0.48931,0.79804,1.1632
-0.84847,-0.95794,0.47634,0.055237,0.40886,0.40663,0.024512,0.39214,1.2303,0.61725
-0.24037,-1.7154,-0.31419,-0.073626,0.46792,-0.48509,-1.7547,1.3682,-0.35926,-2.3324
0.60293,0.43612,-0.92013,0.692,0.166,-0.28277,1.4167,1.5877,0.56862,0.19623
-1.5163,0.060673,-0.90705,-0.086099,-0.12729,-2.0287,0.73074,0.9949,0.099114,-0.065816
-0.068349,0.068095,-1.5293,0.54787,-0.35682,-0.12424,-0.52535,0.55125,0.035666,-0.025256
0.78239,-0.92561,-0.18324,-0.16799,0.34003,-1.3325,-2.3252,-1.9478,1.1403,-0.16298
-1.4207,0.70795,-0.4726,-1.8759,0.16811,-0.66199,-0.43129,0.18207,2.4761,2.0562
0.66937,0.4988,-0.44258,-0.39834,0.40128,-0.33807,0.052984,0.45698,-0.93923,-1.5763
0.68324,-1.3223,0.13167,0.098034,-0.88492,0.81136,0.66489,1.4787,-0.58818,-0.24996
-0.88214,-0.04417,0.1988,0.8369,-1.4835,-0.89539,-0.54993,-2.9362,-0.38691,-0.17577
-1.5045,1.2088,0.4107,-1.3884,-1.1362,0.055931,0.47034,0.75589,0.9725,0.0014899
0.43314,-0.092549,-2.4137,-0.88756,-0.63593,-0.35696,0.26512,0.59626,-0.071186,-0.50785
0.80826,2.0257,-0.89631,1.6685,0.094906,0.025841,0.72907,-0.50183,-1.542,0.61131
0.57894,0.071908,0.23405,-0.12466,-0.91718,0.63609,0.34164,-2.0804,-0.88886,0.13485
0.76285,-0.24647,1.6107,-0.10816,-0.11127,-0.91578,-0.41669,-0.1487,0.032167,-0.56877
-1.1821,-1.2817,1.0573,-0.25542,1.0234,-1.1302,-0.11757,-0.75155,-0.40521,-2.0679
0.58385,0.02076,0.085894,0.19047,-0.29286,-1.1221,-1.4138,1.5465,-0.80846,-1.3725
-0.58001,0.59738,-0.86015,-0.11044,0.46783,-0.4097,1.2535,-0.81264,0.14027,-0.29401
-0.56137,1.8868,1.0104,-1.068,-0.19383,1.4731,-1.4051,-0.41598,0.80494,-1.2512
-1.5559,-0.81036,0.25412,1.1917,1.2394,-0.70477,-0.82565,0.11816,0.077935,0.10591
1.1002,-0.21022,1.0925,0.38637,-1.4676,-0.39016,-0.98296,-1.2005,-2.1794,0.16611
0.17506,0.077486,-0.027613,-0.26698,1.9158,-0.3255,-1.6331,1.4021,-0.6194,-0.58067
1.0036,0.33538,-0.40049,-0.47268,0.2497,-0.12644,-0.53985,-0.8037,-1.088,-0.21872
1.511,0.4301,0.27497,-0.15767,-0.48897,-0.61396,-0.95549,-0.87627,0.85497,1.2538
-1.1372,1.4799,-0.28743,-0.81573,-0.76669,-0.71995,1.1712,2.3192,-0.73893,-0.24513
0.64302,0.71091,2.152,-0.80336,-0.04898,-0.75913,0.11599,0.49465,0.55741,-1.1004
-0.01276,-0.55985,-0.20307,1.4836,-0.92467,-1.2381,-0.95897,-0.50069,1.7581,1.9198
0.91426,2.4032,-0.50247,0.82517,0.55646,-0.36073,0.85094,2.0525,-1.3367,3.0215
1.1077,-0.5507,-1.2,-1.1582,-0.51862,1.4372,-1.1455,0.34081,-0.30578,-0.28812
0.82047,0.42464,0.085867,1.8216,-0.032111,0.29114,0.28312,0.78726,-1.3059,-0.89638
-0.81761,1.4923,-1.7294,0.61361,-0.73118,0.63056,0.30567,1.8127,-0.81343,2.0921
-0.12649,1.56,1.4865,0.40781,0.12486,-1.1875,-2.1798,-0.74634,0.20556,1.3684
0.26414,-1.0089,1.115,-1.2832,0.24423,-0.46106,-0.17375,-1.0583,-0.55646,0.3897
3.1585,-0.1718,-0.11765,1.0954,-0.33536,-0.60184,1.0264,-1.4676,1.48,0.088833
1.2266,-0.77399,-0.99284,0.095521,1.0927,1.2832,-0.19209,0.60409,0.10103,0.47634
2.3206,-0.13939,1.2777,-1.6237,-2.0727,-0.080278,-1.0587,1.7751,-1.1438,-2.0825
0.4145,-0.15501,-0.82122,0.90523,1.0535,-0.88107,0.66439,-0.49936,0.35549,0.63478
0.21183,-1.2728,0.11102,1.3622,2.1239,0.16871,-1.2663,-0.55892,-1.0127,1.8456
0.61317,0.379,0.20352,0.20266,0.061504,0.93475,-1.3043,-0.81038,1.4745,-0.45217
-0.52778,0.42021,-0.6005,-1.1015,0.40351,0.74467,-0.73921,-0.075116,0.70589,1.0766
1.2416,-0.19461,-0.46228,0.3438,-0.0096031,1.0059,-0.30432,-0.63114,1.1165,-0.45023
-0.15763,-0.44589,0.83382,-0.5871,-1.1774,0.48084,1.73,-1.4608,-0.53468,-2.0589
-1.3736,-0.33822,0.2313,-0.78618,0.44184,-0.18543,0.3439,0.60092,1.4396,0.58893
0.87084,-2.2165,1.1897,0.30523,-0.46423,-0.66061,0.2607,1.2618,0.12735,-0.22046
-1.5685,-1.1735,0.31245,-0.71669,2.7525,2.1048,0.4507,0.14611,-0.097433,-1.0673
-1.8443,-0.91077,-1.8399,-0.79805,-1.0838,0.25583,0.83182,-2.5335,-2.3377,-1.7405
0.28841,0.15156,-1.2756,0.61601,0.5724,0.759,-1.3823,-0.82475,-0.32511,1.9334
-0.95091,0.22306,-0.074541,0.11367,-1.1289,-0.045832,-0.62131,1.2462,-0.70008,0.11292
-0.91073,-0.41955,1.2069,-0.54656,-0.63958,0.077267,-0.15482,0.48787,1.2192,0.31934
-0.16195,0.58405,0.73998,0.95987,0.055153,-0.48122,-0.6346,1.6154,1.1133,-1.831
-0.4889,0.25234,-0.97123,-1.4004,-0.53614,0.43925,0.43898,-0.71791,0.039216,1.2852
-0.22278,0.85368,-0.028077,-0.78868,-1.5306,-0.10935,-0.30522,-1.2417,-0.59202,-1.2376
0.27207,-0.03961,-1.0807,-2.2041,1.0564,0.26673,0.23602,-0.53054,0.35146,1.1362
-1.1685,0.094451,-0.95618,-0.48386,0.98049,-1.6797,0.11126,0.58555,0.099364,-0.78941
-1.2242,0.62095,0.39141,0.83881,-0.51472,-0.40301,0.45019,-0.74258,0.11254,1.5329
-2.0995,0.030637,-0.44877,-1.184,0.48874,0.10094,-0.55655,0.67714,1.0254,-0.29297
-0.39024,1.0699,-0.77911,0.29354,-0.064552,-1.2961,-0.81951,-0.37474,1.3615,0.73356
0.66428,-0.622,-1.326,-0.59643,0.040557,0.48643,-1.9924,0.15132,1.6545,0.35142
-0.70226,0.45927,2.3853,0.86564,-0.54133,1.1923,2.201,-0.019852,0.54284,-0.6737
0.50133,-0.15005,-0.36142,0.049894,-0.3825,0.3946,0.1641,2.3599,-0.20642,0.39747
0.54031,0.43459,0.75127,-1.209,0.058012,1.0947,-0.72506,0.60403,-0.97789,1.3132
0.99075,-0.83596,0.41903,0.80935,0.17468,0.82966,-1.1289,-0.50579,-0.2131,0.94659
0.98938,0.79827,1.5631,0.5661,1.824,0.69138,-1.422,-0.30161,-1.0288,0.19646
-0.68884,-2.4072,0.96688,-0.7225,0.81047,0.41967,0.4269,-0.29035,1.3935,-1.0795
-0.85684,-0.69243,0.096638,0.45795,0.84796,0.045713,0.05694,-1.6353,0.45942,0.81938
0.04839,2.1643,-0.95703,0.40587,-1.3501,-0.15019,-0.41398,1.407,-0.5058,0.60439
-0.66485,1.6554,1.4706,0.39558,2.055,0.69796,-0.27601,0.24465,-0.67878,-0.32454
1.4527,0.06896,0.80337,0.29489,-1.0432,-0.47241,-0.11063,1.4167,-0.70689,1.3419
1.3798,-1.009,-1.5371,-2.1042,-0.2348,-1.0383,1.9108,0.53207,1.2261,0.88898
0.095136,-0.58308,-1.274,-0.2052,-0.44293,0.064308,-0.23571,-1.0914,1.1884,-1.7583
-0.42713,-0.68382,0.60452,1.1604,0.46963,-1.369,-0.76654,0.77602,0.18777,-0.94923
0.51081,0.56092,-0.2536,0.57001,1.1897,1.7971,0.28292,1.1812,-0.10481,0.3314
-0.65627,1.6452,-1.4776,1.3128,0.20522,-0.049214,0.87727,0.085921,0.34984,-0.4372
-0.12502,-0.13551,0.43954,2.0324,-1.0338,0.19579,1.8842,-0.76922,1.1867,0.098743
-0.53047,-0.052942,-0.82122,0.15634,0.46617,-1.3461,-1.4688,0.71592,-1.1245,1.3146
0.10559,-0.15903,-0.77115,-0.14012,0.10183,-0.86596,0.43445,1.4451,0.69815,0.42442
1.1284,1.2492,-0.4376,1.5123,1.6831,-0.14724,1.0369,0.22591,-0.30125,0.61532
0.74248,-0.2796,-1.9143,0.31086,0.54086,-0.9612,-0.34355,-0.3134,-0.53052,0.32056
1.1436,0.31557,-0.10849,-0.68368,0.054931,-0.34514,-0.80761,-1.5756,-0.78728,0.077894
-0.91471,-1.0032,-1.079,-0.084015,-0.115,-1.287,0.16367,-0.087977,0.39243,-1.1311
0.1798,0.73607,0.49833,0.094302,1.1946,-0.62683,-0.25605,-0.24366,0.070994,0.48727
-0.98335,-1.2447,0.24712,-0.9296,0.77256,0.46071,0.013209,-1.9874,-1.5787,-0.42857
0.38483,0.45706,0.14341,-0.09963,0.11293,0.32073,-1.084,-0.55537,1.0381,0.033044
0.3257,-0.93726,0.16658,-1.0115,-1.3171,0.80057,-0.86024,0.022854,1.4061,0.84782
1.2963,3.1217,-0.11412,0.20312,-1.0282,-2.1075,0.3387,-0.59338,-1.1933,-1.3865
1.0992,0.24966,-0.18748,1.0069,-0.1298,0.23805,0.64406,-1.703,-1.1276,-1.8448
0.65322,-0.81187,-0.65155,0.40434,-0.1149,0.093051,-0.13849,2.2714,-0.18307,-1.4756
-0.50507,-0.20055,1.6672,-0.82397,0.75201,0.97486,0.14283,0.39155,-1.2121,-0.96549
-0.47599,1.2755,1.291,0.64927,1.3818,0.44342,-0.04283,1.0337,-0.59328,-0.94089
-2.0516,0.015694,1.3667,0.61063,0.62435,1.15,-2.0606,-1.9334,-0.59945,-0.68735
-0.4483,-1.562,0.43594,-0.95916,0.66642,-1.2527,-0.96419,0.21889,-0.29778,-0.19982
-1.5512,0.80513,-0.97332,0.56138,-0.24902,1.2269,-0.51013,-0.4675,0.068378,0.0065885
0.92983,-0.19861,-0.55748,-2.0804,1.0495,-1.9891,1.8368,1.3841,1.0625,0.16228
0.90194,-0.94142,-0.095194,1.0398,1.2408,-0.49315,-1.0441,-0.091103,-1.0787,-0.25448
0.13829,1.4032,0.16574,0.45738,0.8326,-1.6019,1.3905,-1.0046,0.17604,-1.3475
-0.37841,0.19682,0.34688,-1.5761,0.56858,-0.90563,0.67711,1.3662,-0.099076,-1.044
0.14306,-1.0662,-0.8008,-0.76365,0.62876,-1.0598,-0.0257,2.6485,-1.8536,-0.27867
1.605,1.6529,0.30953,-1.2005,-1.3686,-0.25974,-0.61521,-0.010281,-0.74631,1.4149
1.3491,1.1106,-0.63065,-0.51902,0.56736,0.11562,-1.558,-1.7703,-2.024,-0.40907
-0.44844,-1.3146,-0.25914,1.8326,-0.39901,-0.79765,0.19915,0.017995,0.54812,-0.13566
0.16841,0.2281,1.0643,0.9751,-0.46533,-1.8745,-1.1338,-1.133,0.47969,-0.89558
-1.1205,0.78106,0.47038,1.2551,0.99092,-0.81822,-1.623,-1.1797,0.41708,-0.10482
0.40073,-0.75943,-0.2532,1.6831,-0.19166,0.68352,-0.013,1.8591,-1.8249,0.52661
0.73906,0.40617,-1.8766,0.24585,1.1838,0.73173,0.76902,-0.78903,0.84001,-1.4804
0.90004,-0.12089,-0.45612,0.33253,1.4364,-0.095994,-0.54058,-0.37043,-0.38127,-0.66352
-1.5312,-0.21325,-0.67633,-0.0070288,1.1314,1.0233,0.38223,0.061217,0.30214,0.42719
0.50462,-1.037,-0.45181,2.7456,-0.8947,-0.80109,0.16773,-2.7826,-1.1801,-0.39397
-0.86421,1.3459,0.49373,0.41575,2.3181,1.1375,2.2456,0.18357,-0.99713,1.1367
-0.37655,0.48086,0.84669,-0.56157,0.81854,-1.0728,1.174,-0.26661,-0.79075,-1.6799
0.78801,-0.040482,-2.3125,-1.15,-0.083966,-0.75829,-1.1789,-0.22524,0.26621,0.038001
0.29821,0.20035,1.7414,0.57309,0.64478,0.33707,-0.13017,-0.94882,0.65262,-1.5332
-0.16374,1.4204,0.72167,0.049636,-0.34006,0.8721,-0.29619,-0.37682,-0.40335,-0.052195
0.60673,-0.22953,-1.6706,0.080764,0.032258,0.64398,-0.6865,-1.0841,1.1756,0.12533
1.6345,-0.69031,0.48477,1.5568,0.12971,0.81506,0.15688,1.4743,1.699,-2.528
-0.62349,0.40252,1.0003,0.36752,0.18227,0.066103,0.47694,-1.2264,-0.085255,-0.36258
-1.3501,0.9057,1.124,1.8104,-2.1302,-1.1686,3.1401,-0.080729,-1.0568,-0.29894
-1.1622,-0.38413,0.1853,-0.056844,-1.1986,1.3424,0.3303,-1.1426,-0.047581,0.75349
-0.94428,-1.2835,0.20657,-1.2064,0.60148,0.77157,-0.98961,0.49788,0.077776,0.51406
-0.67121,-1.7139,0.85323,-0.73293,-1.0866,0.71979,-0.37833,-1.5203,0.89168,0.40766
0.57668,-1.1322,3.0933,0.35916,0.66025,0.81719,0.83587,-1.022,0.63163,-0.54041
-2.0858,1.5351,-0.30354,1.723,-0.23619,0.96687,-1.1385,1.0026,0.20558,0.18225
0.23596,0.98975,0.5836,1.4374,1.1552,-1.9561,-0.18244,1.0634,-1.2871,0.3111
-0.77842,-1.1704,-2.1886,0.14024,0.44841,0.50186,0.78477,-1.9103,0.46361,-0.87929
1.0996,-0.18841,0.91239,-0.83958,0.46909,-1.0319,-0.15154,0.43807,-0.42625,1.1673
-0.85556,0.31064,0.47629,-0.66483,1.6196,1.5131,0.67433,2.3665,1.8929,-1.4776
0.0075576,-0.66145,-0.24664,0.99319,0.51502,-0.46593,-0.72212,-1.0411,0.96135,-0.46594
-0.93759,0.33039,1.043,-0.81601,0.30056,1.1037,-0.32459,1.1247,-1.8246,0.41328
-0.68156,-0.71696,-0.14605,-0.14614,0.83137,-1.7473,-1.5897,0.53676,1.0335,0.33317
-0.26014,-1.1122,2.1809,-0.49604,-0.2145,-1.3229,0.1955,0.32156,0.60223,-1.0103
-0.2288,-0.96001,-0.057287,-0.24049,1.527,-0.51461,1.0436,0.77698,-1.6667,0.057258
-0.52481,0.61209,0.052585,0.9044,-2.1095,-0.053447,0.27009,0.87015,-1.1378,1.5067
1.1283,-0.43193,-1.3825,-1.3404,-2.6226,-1.5972,1.1347,-0.16867,0.56517,-0.031589
0.55014,-0.38387,-0.50144,-1.3216,0.98699,-0.69257,-0.57104,-0.1408,1.0287,-0.18264
1.8551,-0.037188,0.61334,1.9932,1.0591,0.4749,0.019102,1.0606,-0.20968,-0.77519
-0.2773,-0.97571,-1.3832,0.94199,-0.10764,-0.53866,0.92613,-1.6056,-0.76869,-0.52991
1.0666,-0.53891,-0.32766,1.337,-0.61009,-0.34523,-1.6753,-0.49409,0.99581,-0.039257
-2.0992,0.65584,0.72855,-0.84399,-0.76939,-1.0536,0.153,-1.1134,1.4475,0.49785
0.63848,0.99358,-0.05449,-0.91464,-1.4437,0.63489,-1.3369,-0.44755,1.0046,-0.63948
0.37147,-0.030286,-1.5449,0.81119,0.59051,0.24646,1.0566,-1.2861,0.46915,0.66854
-0.37418,0.22979,0.38523,0.19306,0.40776,1.8074,0.21974,1.4203,0.29284,0.7073
0.69535,-0.77458,-0.9986,0.31637,-0.65307,0.39846,-0.29965,0.16271,0.15983,-0.022477
0.87763,-0.48116,-0.74564,1.2869,0.47233,1.6063,-0.65416,-0.887,0.026486,-0.19874
1.0336,-0.40645,-0.87579,0.018447,-0.79886,1.5881,-0.1874,0.96486,0.72054,0.17901
0.41979,0.52373,0.11469,1.4381,-0.62104,-0.42361,0.64111,0.031793,2.4384,-0.075719
0.60107,-0.2477,0.29675,0.68148,0.31525,1.3141,2.5063,0.58781,0.98874,0.99741
-0.67402,1.1456,-1.7243,0.52529,-0.15932,-0.61933,-1.4368,0.19676,0.8951,1.707
-1.0952,-1.0216,-1.4207,0.50115,-0.29237,-0.95671,0.41275,2.5144,-1.9623,-0.66827
-0.26762,0.30227,-0.33699,-0.69086,1.1087,-0.68651,0.085642,0.87107,0.14465,-0.14929
0.18655,-0.64605,-1.4113,1.586,-0.094962,1.0554,2.2524,-0.46695,1.2209,-0.63544
0.95094,0.026423,1.9071,0.9814,-0.072042,0.066762,0.74925,-0.30475,-0.44668,-0.53271
-0.79052,0.12096,0.97122,0.65125,1.5598,-0.46314,-0.95749,0.039332,0.40844,0.13647
-0.48948,-2.1459,-0.16697,-0.74388,-0.05413,-0.31922,0.76008,0.22159,-0.88455,0.18881
2.9745,-0.20796,-0.94527,-1.6633,-1.8156,0.60514,-1.0403,-0.55616,0.87282,0.034529
-0.62259,-0.69304,0.019245,-0.35336,1.3746,0.69236,0.84969,0.045979,0.99207,1.38
1.9203,1.9678,1.0782,0.44141,-1.6696,0.27136,-1.7901,0.52382,-0.6417,-0.18797
0.96115,1.0464,0.25016,-0.3782,-0.18945,-0.28564,-0.4148,1.1622,0.85749,0.024426
-0.5578,-0.16534,0.58614,-0.93044,0.016196,-0.91716,0.034612,0.31551,-1.6728,0.27702
-0.10656,-0.57983,-0.071762,1.0704,0.0013355,-1.8814,1.0764,-0.058061,0.75873,-2.1341
-0.21516,-0.21719,0.47423,2.3714,0.3776,-1.1146,-1.2887,-1.3258,-1.0026,-0.38341
0.47349,0.2401,-0.51649,1.549,0.81986,0.63598,0.36917,-0.82951,0.97639,-0.92411
1.3656,1.0212,-2.6034,-0.014002,-1.6664,-0.72202,0.13294,0.85227,0.078867,1.0737
-1.6378,-0.090248,-0.0062465,1.1225,1.059,1.9278,1.2939,-0.62795,0.59969,-1.5521
2.0237,0.83927,-1.6653,0.15726,-1.0421,-0.63129,-1.3511,1.6111,-0.08298,1.2789
0.77779,-0.29735,2.9201,1.4043,-0.58304,-0.41425,-0.19291,0.076747,-2.3723,1.2262
-0.5489,1.155,0.83302,-0.69789,0.59922,-2.4755,-0.58413,-0.0022574,-0.16845,0.58327
-0.12601,-0.44526,0.37282,0.53573,-0.070578,1.6203,-0.81248,0.043531,1.7144,1.6274
0.29958,-1.1094,-0.39382,0.9898,-1.5006,-1.8361,-0.12672,2.8106,0.10063,0.24592
