0.29617,1.1408,1.3482,0.38744,1.8,0.87577,-0.37549,-0.12714,-0.56509,-2.2014
1.2008,0.93307,0.10238,-1.2884,1.3103,-1.1638,0.086283,-0.81172,2.0318,-0.067396
1.0902,-0.52065,1.5714,1.3851,-0.55571,-1.7722,0.075551,-0.75998,-2.1378,0.13601
-0.3587,-0.58971,-0.2371,-0.25079,1.0074,-0.37099,-0.32092,1.9659,1.1562,0.91397
-0.12993,1.3814,-0.35996,-0.61524,-0.88782,0.58164,-0.22629,-2.6059,-0.54748,-0.8881
0.73374,-0.30433,0.65545,-0.080011,-0.30788,-1.4432,0.37073,0.29158,0.47288,0.90282
0.12033,0.19543,0.96165,-0.51194,0.066108,-1.6204,1.9938,0.69367,1.4747,-0.47937
1.1363,1.1588,-0.33128,0.25129,-0.70267,-1.666,-0.41551,1.8964,-1.5797,-0.48277
-0.68677,0.032976,1.1629,1.3413,2.2052,0.25594,1.3946,0.73468,-0.68542,0.066259
0.47168,-0.95516,0.024756,1.1484,-0.11409,0.77664,-0.48526,-0.48386,-1.643,0.57799
0.28834,-0.27311,-0.23338,0.84347,-0.080788,-0.54196,0.8531,-0.0085659,0.3815,-0.59526
1.3919,1.1578,-0.42714,0.053316,-0.46564,0.30328,0.88042,-0.035999,-0.45519,1.0905
-1.3455,-0.70379,0.87435,0.025609,-0.6536,-0.57759,-1.1305,-0.91787,-1.9749,-0.014885
0.00074741,1.1412,1.1573,0.10316,1.0783,-0.72793,-0.87558,0.91904,0.04718,-0.043095
0.053495,-0.15813,1.0837,2.0521,0.15019,-2.3054,-0.7841,-1.5501,0.2124,-1.1082
-2.3419,-0.96847,-0.039845,1.5778,-1.0221,0.75185,-0.58623,-1.6773,0.059515,1.1962
1.2481,-0.8927,-0.25221,-1.6523,-0.6022,-0.072068,-0.22104,-0.41952,1.7141,0.77474
2.8092,0.90946,1.0987,-0.52322,-0.34189,0.98687,-2.296,-0.21749,-0.77174,0.35596
-0.23218,0.33234,-0.37219,-0.21691,-0.57485,-0.27701,0.80036,-1.5078,-0.20031,-0.74691
0.28703,0.27076,-0.71236,0.98548,1.4827,-0.67846,-0.23419,0.29374,-0.0098283,-1.0481
-0.4646,-1.4823,-0.99189,0.52946,1.3922,-0.94348,-1.6408,0.20114,0.53737,0.2974
0.38432,1.1944,1.2105,-0.33841,-0.43117,1.6326,0.86655,-0.28691,0.65583,0.54083
-0.37983,-0.13116,1.2197,-0.42107,-2.5946,1.6659,-0.57036,1.7772,0.85843,-1.1941
-0.10178,0.41605,-0.0094769,-0.78601,-0.087401,0.18506,-1.4881,0.52541,1.96,-1.7243
1.6182,1.3425,-0.29236,-0.11608,-0.82263,-1.5961,1.4034,0.40492,-0.29809,-0.52073
-0.84723,-1.1639,0.59951,1.6589,0.32503,0.024172,1.4781,-0.63297,-0.00063162,-0.62407
-0.57588,0.42856,-0.59582,1.474,-1.2287,0.94138,0.11619,0.058584,0.88562,0.4184
-0.075913,-1.3293,-0.37079,0.16264,-1.0694,0.34034,-1.3996,0.66054,0.95314,-0.58456
-0.13247,-1.9229,-0.1305,0.84808,0.96202,1.8305,0.01422,1.5701,-0.77433,-0.58834
1.4393,1.29,-0.45056,0.90541,0.78106,-0.54322,-0.060516,-1.1663,-1.5809,0.64621
2.0313,0.076565,-0.70505,-0.84209,0.60882,-0.27884,-1.5022,-1.2697,-0.96268,0.45938
-0.9782,0.43113,1.36,-0.87973,-1.1512,-2.9033,1.1712,-0.12173,1.4414,-0.58976
-0.64102,-1.0052,1.5702,-1.1275,0.268,1.5721,-0.3959,0.43334,0.79025,0.59216
0.52048,0.354,-2.152,0.77691,0.033745,2.3445,0.73829,0.95677,-0.90429,-0.55362
-0.3807,-0.78851,0.39912,-0.33333,-1.735,1.3896,0.20202,-1.6089,-1.2403,0.59124
1.9929,0.48382,-0.35329,0.59597,1.2061,0.22226,0.83938,0.35022,-1.5286,-0.93876
1.6359,-0.8637,-1.6633,1.7783,1.4913,1.1481,-0.4475,0.45461,-0.83581,1.1633
0.55902,0.37491,-0.22281,1.1745,-0.96021,0.12476,-1.1454,-0.083823,-0.7424,0.78614
0.56364,2.7224,-1.0338,-0.44473,-0.31096,-0.85744,0.75527,-0.3076,1.0116,0.16653
-0.3384,0.83216,0.059031,-1.5367,0.37221,-0.57604,-1.693,0.5788,1.2957,-0.49741
0.76365,-0.46905,0.16494,0.87819,-0.14768,-1.117,-1.0659,-0.32164,-0.47044,-0.2122
1.1274,-0.23507,0.49521,0.4095,-1.5301,0.18852,-0.15473,0.14798,-0.70362,-0.0034782
0.14157,-1.5172,1.877,0.13007,0.65714,-1.0205,-0.75246,0.46052,0.19813,-0.92209
1.9281,0.10934,-1.2166,1.0397,1.1382,-0.81599,-0.17041,0.39152,0.30214,-1.8113
0.67064,1.0577,0.29608,0.26478,0.11412,-0.047221,0.77375,-0.739,-1.278,0.80527
-0.11011,1.1568,2.1983,1.1154,1.9094,0.64011,-1.458,-0.083016,0.83321,0.13615
0.37096,-0.63555,1.8897,0.87424,-1.1869,-1.3964,-0.25418,0.45605,-1.1637,-0.33376
1.0966,0.36759,-0.20659,-0.80464,-0.91546,0.68722,0.14847,-1.8638,1.5099,-0.84661
-0.39816,0.30639,-0.87975,-1.2394,-0.66492,-1.2775,0.98671,-1.1677,0.83078,1.3059
-0.085463,0.056086,1.6445,-1.2718,0.99717,0.94437,-0.60423,0.10747,-0.68008,-0.8353
2.3733,-0.70547,-0.049567,1.287,1.9975,1.5757,0.2872,0.16407,-0.59805,-0.069152
-0.47392,-0.72407,-0.26375,-0.060913,-0.0033109,3.2743,0.61496,1.3648,-0.85907,-0.67085
0.94634,0.0043539,-0.24739,0.40477,0.55058,-0.72611,1.0918,-0.48729,-1.7364,0.30458
0.81816,-0.41874,-0.69931,-0.53657,-0.17992,1.6469,0.9792,-1.1519,1.6363,-0.14308
1.589,-0.42779,0.011649,0.78231,-1.4215,1.1481,-0.028773,0.86182,1.5568,0.48476
0.52601,0.53202,-1.2068,0.43256,-0.27739,0.8456,1.2801,-0.5749,-0.50061,-0.15924
-2.4652,0.71441,-1.0875,0.27886,2.6056,0.25399,1.255,2.6412,-0.071582,0.022128
-0.85253,-0.055571,-0.70314,0.46151,0.64706,0.57143,-0.84076,-0.071647,2.1656,-0.95289
0.51174,0.31058,0.77526,-0.64151,-0.43663,0.16061,0.30259,-0.88229,-0.1102,0.24427
0.25777,1.2482,-0.42515,1.272,1.382,1.8007,0.7931,-0.0873,-0.42875,1.4259
1.9624,-0.58424,0.0044654,-0.24543,0.43403,-1.8005,-0.04953,-1.4106,-0.84944,2.1087
1.4063,0.37062,0.56953,1.7206,0.89705,-2.3606,1.3871,-1.1841,-0.45899,-0.99706
0.49683,0.50083,-1.4597,0.68255,-1.7046,1.4435,0.2795,-0.72394,0.84736,-0.087171
0.082831,-0.24446,-0.40949,-0.09347,-0.72863,-1.2295,-1.4177,-0.96537,-1.1426,-0.93649
-1.5485,-0.23526,0.55638,0.76546,-0.096928,1.0524,0.74203,-0.89115,-1.1536,1.1411
1.8632,-0.019596,0.65272,-0.27304,1.6334,1.7904,0.45505,0.10011,0.4741,-0.048688
0.13403,-0.75555,-1.0723,-0.42458,0.093525,-0.5875,0.99001,0.073123,1.2769,0.8201
-1.546,1.4726,-0.020836,1.3519,-0.67206,-0.19532,-0.64368,-0.65945,-0.063678,0.26886
0.43328,0.0051468,0.43634,-0.44016,-0.12106,-0.66028,0.66826,1.0203,1.3095,0.61957
0.10295,-0.7644,1.7355,0.6992,-0.75622,-0.6932,-0.88815,0.68146,-0.90471,0.21673
-0.57035,-0.32286,0.58466,1.1895,0.32059,-0.12773,-0.43323,-1.0929,1.2489,0.35349
0.49306,1.4578,0.70609,-1.147,0.099452,2.2026,-0.19451,-0.076286,0.2543,1.2568
-0.70751,-1.7849,0.20794,-0.51249,0.50553,-0.74514,0.45724,0.41273,-1.0505,0.039892
-1.348,0.52172,-2.6417,1.6592,-0.91898,0.44425,-2.0819,-0.02413,-0.58327,0.78571
-1.7543,0.85151,-0.76005,0.025464,1.3232,0.15824,-1.9901,0.46788,-1.1259,1.356
-0.36381,0.7453,2.4309,-0.17513,-1.3879,0.21766,1.2457,1.8696,-0.49951,1.6195
-0.62709,-1.3728,-0.14852,-0.34731,-0.31888,-0.93629,-0.2272,0.82333,0.55565,-0.44521
0.44015,1.792,1.5752,0.51638,-0.78299,0.60063,-0.90527,1.27,0.69737,0.7229
-1.5026,-0.30494,1.8383,-1.2114,0.88268,2.0178,-0.093,-0.8046,-0.35734,-0.44744
-0.20824,0.28987,0.69125,-0.70135,-0.29801,1.7249,0.63553,0.92278,1.1869,-0.63809
-1.5051,-0.6192,0.83505,2.73,-0.26583,-0.55227,-0.17974,0.056903,0.75235,-1.8778
1.8097,-0.048662,2.3399,1.293,1.1297,-0.51922,0.22053,-0.86971,0.34766,0.029842
-0.11697,-1.3718,0.5066,-0.1939,-0.40697,-1.4305,-1.1351,-0.95993,-0.3885,-1.1112
1.2262,-0.36529,0.53359,-0.60282,0.49831,-0.81943,1.8339,-0.25403,0.0050534,1.4095
0.49494,-0.80359,-0.38408,-0.28204,-0.58225,-1.2799,0.76951,2.4125,-0.20606,0.023068
0.90859,-0.2733,-0.42509,0.2317,-0.799,1.4917,-1.5878,1.017,-0.58852,0.58431
-1.1542,0.34009,-0.87863,0.19604,-0.058209,0.52492,1.089,-0.51777,-0.097607,-0.94565
1.2576,0.06008,-0.27882,-0.53689,0.95772,1.2419,-0.24439,-1.3672,0.056212,0.11295
1.4525,0.95158,1.6892,-0.43338,-0.25291,0.29197,-1.2629,-1.2,1.7322,-0.69088
-2.0768,0.10734,-0.65936,-1.227,-0.39609,-0.1082,-1.7657,0.2378,1.4862,-0.79356
-0.17649,-2.7269,1.345,-0.12642,0.59643,-1.2544,-0.50676,1.5906,-0.7341,-0.14404
-0.65208,-0.49235,-0.84265,1.3075,0.15324,-0.90398,0.49483,0.034438,-1.3113,-1.102
0.15653,1.1179,-0.80022,-0.70927,-1.6221,-0.341,1.0228,0.34334,0.64833,-0.46105
-0.85023,1.0498,-0.039948,-0.23741,0.6217,-1.0294,1.2743,-1.4859,0.92021,-1.251
0.27905,1.9844,1.4085,-0.83305,-0.14934,-0.9622,1.2244,-0.20693,0.077569,-0.57063
0.59709,-0.74187,-1.1562,0.71267,1.0817,-0.20151,0.57134,0.014013,0.2504,0.74771
0.24472,1.3398,-2.4533,0.14335,-0.70216,0.49002,-0.060573,0.82205,-0.15901,-0.19757
-0.11835,0.17058,-0.47822,1.0624,0.76148,-0.17289,-0.62506,-2.0855,1.0941,-0.23387
-1.2894,0.70697,-0.18844,-1.3258,-1.2001,-0.86441,-0.71638,1.3079,-1.8315,-0.72855
0.057564,0.31672,-1.2985,0.98818,1.5724,0.41667,0.7496,0.14032,-1.3371,0.98286
-0.52093,0.43207,-0.51163,-0.4455,-2.1121,1.5193,-1.7015,0.20658,1.5254,0.45913
-1.279,0.2269,-0.71374,0.81515,-0.43953,2.1204,-0.98785,0.86453,0.13705,-0.6477
-0.056227,-0.43989,0.79024,-0.28889,0.41971,1.0288,0.29248,0.026166,0.15209,-1.0345
-0.20968,-2.3778,0.24734,1.116,1.2648,0.11029,-1.0563,0.76597,-0.65445,0.15683
0.1921,-1.2391,1.139,-0.12967,0.79258,-2.1403,1.3793,0.34863,0.2604,-0.43877
0.99233,-1.5459,-0.88213,0.60842,0.58549,-1.3768,0.36842,-0.0050877,-1.303,-0.078685
0.57624,-0.47894,0.04883,-0.63597,1.168,-2.9609,-0.41508,1.2949,-0.59344,0.33421
1.3058,-2.4639,-1.3539,1.085,-0.32111,-1.2612,-2.1401,0.61708,-0.66988,-0.16777
-0.72931,0.34914,-0.2958,0.27696,-0.095015,-1.4399,0.68455,-0.28821,0.11261,0.12926
-0.86457,0.9713,-0.088315,0.66418,0.41661,0.24466,-0.22364,-0.6889,-0.3825,-0.50441
-0.094921,-1.4914,-0.57332,-1.2217,-1.385,1.0292,1.9093,1.0375,-0.75175,0.33274
1.3832,-0.12022,0.78951,-0.25014,-2.5024,0.59558,0.03066,-0.67808,-1.4054,1.7352
1.3037,-0.50988,0.79375,0.13911,1.3991,0.25068,0.48556,0.17519,2.0175,0.88383
-0.12581,-0.47444,0.39728,0.091817,-0.20405,0.77507,-0.93626,-0.1647,0.76496,1.2089
-0.59687,0.80088,0.78695,2.1402,0.43669,1.2144,0.66531,0.44439,0.55873,0.75179
-1.5206,-0.22533,0.46586,0.19175,-1.6999,-0.8206,2.5069,1.0199,0.4486,-0.7936
0.67184,-0.57257,0.090504,0.0037743,1.1094,-0.012828,-1.394,1.3618,0.20823,0.9446
0.022844,-1.1012,0.63169,-1.0004,-1.6106,-0.46829,0.059313,-1.5075,0.22958,-0.16345
-1.1778,0.10493,0.25012,-0.35686,0.4667,-2.5188,-0.92733,-0.44822,-0.8534,-0.16175
-0.33458,0.29299,1.285,1.2503,1.5088,0.82708,0.56478,-0.32768,-1.4049,0.13818
-1.8295,0.10629,1.1173,0.056985,1.3489,1.1115,-0.24618,0.10814,0.63848,-0.2649
0.42999,0.3532,-0.58626,0.27256,-0.27346,-1.2999,0.38416,-0.76191,0.56725,-1.4145
-0.17399,0.7323,-0.77741,0.36888,0.9672,-0.10917,-0.46763,0.21511,-0.2812,-1.5033
1.6312,1.028,-0.24764,0.47734,-0.064106,0.99639,-0.5495,0.66701,-0.96725,-0.40318
-1.3594,-0.58927,-0.46093,2.1934,-0.49364,0.77845,-1.2347,-0.7708,-0.74018,0.1372
0.97051,0.087843,-1.1574,0.99033,-0.68039,1.7578,2.1848,-0.13401,0.50693,0.19646
0.14364,0.45694,-1.0427,0.3524,-2.0457,-1.4714,0.41527,-0.2398,-0.072563,0.30695
0.082604,0.053186,1.9413,0.37313,-1.5199,0.76137,-1.117,1.8416,0.75942,-0.3265
0.71666,0.3431,1.3342,0.34016,0.17561,-1.4793,-0.32149,-1.0597,1.4143,-0.5724
1.1935,-1.0225,0.52359,0.62637,-1.5202,1.9184,0.0036142,0.64605,-0.76181,0.78491
-1.0711,0.62415,-1.0539,0.89594,-0.63155,2.0998,0.1144,0.86501,0.37913,0.38485
1.3189,-0.48416,0.30288,0.43039,0.93455,-1.1796,0.75838,-0.25846,0.78444,-0.26131
-1.21,-0.17939,-0.97887,-0.78846,0.22432,1.9668,-0.96028,0.076783,-0.16859,-0.48471
-1.0741,1.9482,-0.074587,1.8217,-0.3372,0.38534,0.53963,-0.50846,0.61674,1.1426
-0.67256,-0.082283,1.2735,0.89541,0.38349,0.32291,-1.3423,-1.1467,1.857,-1.8634
0.73646,0.3045,-0.99738,0.2345,-1.9974,0.67727,0.39869,0.28572,0.13044,-0.80941
-1.07,-2.4733,0.41504,-1.7384,0.21679,0.12778,0.66922,0.30295,0.041804,1.1827
0.33472,0.88766,0.62897,0.49788,0.11718,0.75743,-0.32164,-1.1782,3.6734,-0.57109
0.41188,1.6041,0.2337,0.34092,-1.746,2.028,1.2735,0.37933,-1.7833,-0.45222
0.15412,-1.1558,-1.1182,0.50983,1.3007,0.32453,-1.1651,0.016456,-0.97598,0.83002
0.55457,-0.22356,0.25408,-1.6627,-1.5679,-0.67433,0.21529,-0.35689,-0.58924,-0.0822
-1.1728,-0.74201,0.60294,-0.43795,0.76487,-0.47467,-1.5843,0.38064,1.0412,0.74477
1.0076,-2.0064,0.79928,0.62697,-0.34783,-0.56083,-0.4026,-1.5337,-0.61184,1.2253
0.11352,-1.3584,-0.75255,0.69126,-0.52666,0.23742,0.63285,0.34417,0.23229,-0.14114
0.73005,-0.044083,-0.60799,1.5897,-0.56104,0.38044,1.2923,1.0806,1.1756,0.82253
-0.98351,0.021041,-0.36612,-0.11043,-0.45237,0.58144,-1.132,-0.59408,0.55624,-1.9481
0.052032,0.69108,1.4312,-0.67846,-1.1146,-0.35115,0.28702,-0.57791,-0.22138,-0.2409
0.8776,-0.3424,-0.23253,-0.016395,-0.85907,-0.26912,-0.11191,-0.4502,1.5721,-1.5855
1.0141,-0.33312,1.9967,-1.3878,-0.73062,1.2231,1.5732,0.31546,-0.94058,-0.25761
-0.084348,1.5547,0.93965,0.58664,0.70979,-0.81996,-0.55122,-0.13544,-0.077842,-0.37036
-1.8535,-0.72945,-0.51347,-0.7291,-1.255,-0.52258,-0.0032679,0.094139,0.51735,0.26104
-1.0968,-0.80834,-0.57329,0.55629,0.044242,-0.46689,-1.3781,-0.0093039,-0.033303,-0.13406
0.21863,0.50563,0.6835,-0.76397,0.28533,1.3814,2.3077,-0.33963,-0.30687,0.68715
0.79425,0.55876,1.5309,-0.28841,-1.446,-0.15514,0.56863,-2.2291,0.78034,-1.2354
0.46312,-0.033789,-1.5098,0.67433,1.529,1.3555,-0.032088,-0.35333,-0.084879,-1.5912
-0.61263,0.018102,0.8538,0.25939,-1.957,-1.3183,-0.77978,0.35957,-0.2766,0.077178
2.2444,-0.6814,-1.2714,-0.014513,-0.01601,-1.6836,0.2095,-1.8701,0.98864,1.4591
0.072348,1.2242,0.071893,0.28215,-1.4589,0.85019,1.3656,0.11205,-0.10639,0.29701
0.86551,0.20756,0.77313,-1.2487,0.031421,-0.95231,0.4433,0.047004,1.3983,0.57443
-0.4157,0.75267,-0.8733,-1.1567,-0.42022,-0.10232,-0.38307,-0.35522,0.053796,-0.83011
-1.1149,1.1217,-2.3174,-0.40243,-0.46731,-0.32268,0.6219,-1.8682,0.98015,1.4006
0.68525,0.70992,0.84218,0.050845,-0.80672,0.14723,1.6983,0.76074,0.74592,1.2869
1.0377,-2.0729,-2.0379,-0.57218,0.35047,-0.17575,-0.95717,1.9258,-0.10391,0.81063
1.8222,1.0785,0.79319,-1.3275,-0.49217,0.30651,0.87652,1.7419,0.072105,-0.15898
-0.52899,-0.53862,-0.6963,0.8386,-0.35852,-0.85063,0.11024,-1.2637,0.50297,-0.21384
-1.628,0.097973,-0.15421,-1.3145,1.0365,0.54968,-1.1718,-0.28415,-0.16393,0.25476
1.6173,0.17032,-0.84985,-0.8549,1.2242,0.28914,-0.17448,-1.4206,-1.0863,1.5818
0.26414,-1.712,1.0704,-0.48082,0.6883,-1.9027,-1.2691,-0.20205,0.022353,-1.405
-1.1271,1.5189,-1.4631,0.86696,-0.23866,0.37664,-2.0667,1.1882,-1.144,0.72137
-0.55918,0.30934,-0.089095,-1.6606,0.37434,1.3449,0.37914,0.44598,-0.66958,2.1953
-0.80885,0.69909,2.748,-1.4853,-0.77851,0.017875,0.46242,0.84182,-0.41443,-0.56109
1.161,-0.13953,-0.47853,-1.2325,-0.48477,-0.11333,0.37429,0.66288,0.0041057,0.04695
0.59211,0.52184,-0.40262,-0.41176,-1.2685,-1.7205,0.28188,-0.30358,-0.32981,2.3276
0.24275,-0.03325,1.5512,0.86154,-0.68009,0.36159,-0.13652,-0.1178,-0.55558,0.83463
0.24048,-0.27115,1.6785,-1.9812,-1.0075,-0.36221,-0.43096,-0.43662,0.73464,-0.89276
-0.8215,1.0639,-1.2255,0.83591,-1.1331,0.27167,0.97506,-0.38081,-0.96681,0.55564
0.99311,-0.065588,0.091812,-0.69016,-0.2481,-1.6562,1.5304,-0.88874,0.79451,0.092707
0.34639,-1.093,0.53384,0.342,1.273,0.12835,0.90717,1.5046,0.99817,0.5738
-0.26113,0.56819,-0.3714,-1.7712,-0.46714,-1.3704,2.1696,1.0787,-0.26678,0.86205
-0.18471,-0.77202,-0.56304,-0.81784,1.1292,-0.19178,0.99463,-0.47369,-0.89397,0.069765
-0.10173,-0.61474,-1.6146,0.0045394,0.47446,0.98515,-0.061203,-2.3241,0.63857,-0.022223
-0.88704,-0.55048,0.35051,-0.54485,0.043725,-0.2227,-0.050245,0.09864,2.3312,-0.25108
0.74138,1.1158,1.1327,1.4764,-0.24695,0.41712,0.011986,1.0894,0.11603,0.30278
1.3922,0.14128,0.36811,-2.6539,-0.015492,-1.3,-1.546,-0.89965,-1.5512,0.089176
2.4739,-1.1101,0.33418,0.40793,3.4827,0.011824,0.38566,1.5127,-1.5224,-0.11974
0.50392,-0.32548,2.0437,-0.5023,1.0937,0.60271,-0.48367,1.9279,-0.42396,0.69056
-0.82248,0.59381,-0.54172,0.56955,0.70182,-1.221,0.14193,0.67536,0.049871,0.60089
0.20098,-0.1786,-1.0906,0.74488,1.0736,-1.1819,-0.070359,1.4826,-2.1694,-0.10917
-1.0071,-0.48629,-0.024952,-1.3497,-0.13994,0.95965,-0.90291,-0.19103,-1.4388,0.52002
-0.61317,-2.1426,-1.4347,-0.44761,1.548,0.80182,0.08854,0.48955,1.2959,1.8361
-0.65896,-1.1954,-0.51365,-0.38928,0.59281,-0.58952,1.6003,1.6063,2.1055,-2.0136
-0.83323,-0.013347,1.5975,0.54531,0.19977,0.73883,0.43279,0.037702,0.70879,0.81261
0.37818,-1.8087,-0.75808,-1.003,-1.1051,0.51063,-0.29333,-1.7518,-0.31733,0.41261
-1.1153,-0.47847,-2.2414,1.7867,-0.70231,-1.0683,0.56206,-0.71935,-0.37134,-0.89702
0.66724,-0.51357,-1.1364,0.0153,-0.14365,-0.78584,-0.14049,-1.1778,-0.42314,-0.064577
0.79533,-0.6857,-1.4126,0.29479,-0.60843,-0.49885,0.24589,-0.60661,0.34896,1.3599
1.0375,-0.94152,0.28266,0.096814,-0.86235,0.077945,-0.41156,0.059179,-0.73778,-0.51133
-0.020431,0.84331,-0.016449,-0.23262,-0.13386,1.1056,2.1411,0.36102,0.15283,-2.9809
0.61895,-1.6926,-0.015053,-0.41275,2.5177,-0.67475,0.98674,1.0427,0.84462,0.38693
1.8031,0.72568,0.63266,-0.72706,-0.090112,0.53372,0.38156,0.92524,0.14697,0.19996
0.052993,-0.29749,1.4546,-0.67022,1.8965,0.94308,-0.79056,0.019735,0.20759,-0.12697
-0.17789,-0.2715,-0.84332,0.17287,-0.24563,-1.2548,-1.0409,-0.14479,-1.3427,0.079348
1.7725,0.63104,1.0472,1.1007,0.070232,0.4196,0.52559,1.0462,1.1601,0.40763
-2.5088,0.49178,0.53672,-1.9286,-0.29545,0.0063293,-2.5334,0.83274,1.4259,0.15283
-0.45659,3.1224,-0.60224,-0.12867,0.95427,1.4019,-1.7639,-0.15538,1.0008,0.26972
2.4304,-1.3988,0.70681,-0.23638,0.99341,1.0245,-0.82998,0.85135,0.43033,1.3667
-0.47145,0.78866,1.5719,-1.2944,0.22854,-1.0531,-0.24249,0.57173,0.80806,-1.2284
-0.56033,1.0954,1.845,-1.2296,2.2855,-0.52638,-1.8102,-0.37683,1.9727,-0.76279
-1.2265,0.68404,-1.0106,-0.081629,2.0922,-0.63178,-0.36737,2.1425,-1.7678,1.7582
0.79295,0.20654,-1.3876,-0.29084,-0.21496,0.51199,-0.66523,-0.39395,0.95282,-0.28013
-2.1099,0.62315,-0.49898,-0.38293,1.301,0.59618,1.1277,-0.64603,-1.1492,0.46944
-0.7994,-2.7818,-0.62805,0.4596,0.87133,-0.16495,-0.187,-0.11632,-0.27755,-1.0456
0.56698,0.7912,-0.74151,0.27618,-1.239,0.18888,0.32157,0.61534,-0.2503,0.10106
-0.0014429,0.37521,-0.85094,-0.21632,-0.11932,-0.17588,0.3699,-0.36241,0.016124,1.5623
0.62392,0.93806,-0.54217,-0.65008,0.80855,-0.23587,1.4932,-0.63973,-1.4226,-0.44228
0.12644,-0.33371,2.014,-0.8375,1.4366,1.4116,1.6057,-0.11231,-0.96829,0.15666
0.68087,0.063804,0.39028,-0.1584,-0.56985,0.43968,-0.31671,0.12728,-1.5173,1.0789
-1.2874,-0.080437,-0.98873,-0.39443,-0.95718,0.84434,0.42462,0.95408,0.91776,-0.98864
0.21808,-1.4728,1.0827,-0.41814,-1.5498,0.20808,-0.77087,-0.48242,-2.3088,-0.87257
-1.5666,1.6244,0.78472,-0.29177,-0.46798,-0.5661,0.18042,-0.30285,-0.28985,1.0901
0.78328,-2.0498,0.56912,-0.94902,-0.96444,0.43534,0.60574,-0.65427,0.42219,1.3221
-0.31057,0.043365,0.098849,-0.80811,-0.0036459,-1.2615,-0.35123,0.25219,-0.79201,1.4261
0.65532,-0.74902,-0.44291,-0.89142,-0.45281,0.99772,1.2026,0.0065179,1.14,0.95213
-0.53747,0.74114,-0.50025,0.06935,0.86571,-0.66452,0.82203,-0.90109,-0.26034,0.44582
0.32864,0.074343,-0.92734,1.1525,0.18241,1.6918,0.7538,0.94076,-0.66302,0.26706
1.0541,-2.1719,-0.79116,1.6707,0.6026,0.20271,-0.46,-1.8696,-0.44163,-0.28919
-1.9797,1.3769,-2.2057,0.57214,-1.1724,-0.82883,-0.60229,0.0022562,1.3109,-0.49815
-1.8674,-0.75404,0.65022,-1.8338,-0.34498,0.11012,0.48745,0.42926,1.1817,-1.8839
-1.8324,-1.4436,-0.75972,-1.227,-0.1828,0.33342,-1.1614,1.4296,-1.5109,-0.91387
0.84859,-0.77273,0.15915,0.32633,-0.80105,0.5849,-0.60178,0.56309,0.38689,0.15635
0.40519,0.60411,-0.69371,-0.66969,-0.16084,1.3532,0.4125,0.89715,0.79782,-0.26521
-0.70246,-0.35282,0.087749,0.69301,0.28891,-2.0778,-0.089077,0.080661,1.3133,0.43987
1.499,-2.7857,0.74234,0.23901,0.0003893,-1.4404,0.35749,2.0707,0.3968,0.30057
0.13779,1.4464,0.33195,0.81612,1.2741,-2.3521,-0.8671,0.31753,0.26453,-1.2806
-1.5868,-0.33708,-0.18451,0.19974,-0.71349,-1.6309,-0.77745,-0.89652,0.56754,-0.010945
-1.0191,0.99101,-1.8373,1.3641,-0.29525,-0.20671,1.2508,0.85805,-0.35286,-0.70522
-1.3852,1.0842,-0.13862,-1.04,-0.11661,-1.43,0.58725,-1.826,0.41795,1.8116
0.95489,0.46144,0.21557,1.2636,0.69071,-0.78979,-0.29335,0.5139,-1.6213,-0.8398
-0.60112,0.096456,-0.79956,-0.3406,0.41541,1.8299,-0.24325,0.18227,0.02333,-0.14521
-1.1719,1.4293,-1.2578,1.4301,-1.5489,0.20085,1.1552,-1.0439,0.43879,0.6136
-0.57711,-1.4351,0.11031,-1.3009,-1.2147,-1.3308,0.44707,0.21618,-0.49221,1.876
-0.83643,-0.65771,1.8946,0.68653,0.36903,0.42434,1.0515,0.74046,-0.78891,-0.024059
0.85297,-1.2865,-0.5216,-0.91209,0.38039,0.17426,1.4123,-1.16,0.60552,0.52691
0.47733,-0.4715,2.1681,-1.2152,0.46668,1.3411,0.16523,0.28934,1.1035,-0.068258
0.30232,-1.485,0.41747,-0.59429,-0.057372,0.098676,-1.2867,0.50101,0.47329,-0.48974
0.41578,1.3223,-0.22984,-0.65661,1.4929,0.99367,0.73319,-0.2513,-0.94468,-0.56092
0.042975,0.17078,-0.26855,-0.37882,0.71474,2.0284,-0.4118,0.40039,1.5403,-1.1773
-0.94885,0.53653,-0.35778,0.72519,-2.2397,1.3661,-1.6423,0.29729,-0.26695,0.71102
0.54161,0.60134,0.101,-0.18595,-2.6121,-0.35135,-1.0079,-0.71359,-0.58109,0.5585
-0.82113,1.6858,-1.377,0.81141,-1.0318,-0.41757,0.31666,0.57768,0.0069838,-0.39164
-1.0719,-0.65851,-0.84989,1.084,0.81844,-0.66971,-1.5027,0.98656,1.4271,-0.58751
-1.0741,-1.389,-1.2825,-0.53727,0.21423,-0.37964,0.53298,-1.1841,0.098277,1.5391
0.86955,-1.1166,-0.13474,0.96787,-0.21842,0.96084,0.7478,-0.94436,2.731,-0.014848
0.98105,0.549,-0.073221,-1.339,0.72344,1.8497,-0.5335,-1.9298,-0.44337,0.89098
-1.7588,0.17293,0.43378,-1.2185,1.6847,-0.32403,0.008901,-0.59001,0.1743,-0.028397
-0.1481,0.27966,-0.27997,-2.5424,-0.092679,1.1968,-1.0648,-1.6591,-0.97569,-0.30272
0.25194,0.22348,-0.34675,-0.24209,3.1045,-1.4415,0.11011,1.1009,-1.1048,-0.50466
-0.61038,-0.29774,-1.9397,1.3103,0.32135,0.42082,0.64576,-0.23324,0.085155,-0.74007
0.76098,-1.7205,1.356,0.67557,0.59157,-0.57816,-1.3718,-0.22411,0.79739,-0.043335
0.25443,0.19875,-2.0512,-0.028008,-0.88068,-0.17246,0.61799,1.1056,-2.0012,-0.86078
-0.15283,1.6043,2.1685,-0.4189,0.14886,0.96415,1.6427,-0.012653,-0.86204,0.23286
-0.55741,-1.1846,-0.65921,0.73816,0.59513,0.97425,1.8093,-1.1477,-0.50383,1.3647
0.67702,1.0107,-1.1394,-0.60852,-0.7732,0.81152,0.26103,-1.21,1.5574,-0.062161
0.8493,1.3774,0.56303,-0.57719,-0.13156,0.11104,0.66311,0.065354,-0.42523,-1.1861
0.46931,-0.84085,1.3155,1.6956,0.9366,-0.25073,-0.76299,0.2557,-0.50378,-1.5038
-0.23978,-0.02661,0.97915,-1.0587,-0.038955,-0.57066,-0.7131,0.031963,-0.03307,-0.10164
0.92099,0.26223,0.46517,1.2046,0.82098,-0.49421,0.75407,-0.15214,-1.4181,1.5788
-0.90688,1.0995,-0.048089,-0.57569,0.50019,-2.3534,0.2307,0.074885,0.053021,1.3598
0.14444,1.0953,-0.7541,-1.5935,-0.27168,-0.75803,-1.8447,-1.6322,0.81973,-1.7157
1.3964,0.12853,-0.092105,1.3979,0.71904,1.1936,0.92626,-0.01043,-0.61999,-1.2377
-0.1897,0.13606,-0.03474,1.3883,-0.82417,-0.075438,-0.87046,0.95486,-0.97595,-0.013339
-0.84384,-0.54297,0.060179,-2.7846,-0.8478,-0.095922,0.16237,-1.2455,-0.40677,0.72091
1.9434,0.18983,0.85488,1.5601,-1.3168,-0.84372,0.30847,0.77238,0.97161,-0.55922
-0.24692,-1.7681,-0.59713,-1.2594,-0.5241,-0.3077,-0.42639,-0.20135,-2.0397,0.38733
0.44162,0.52608,1.1013,-0.78507,0.42889,0.80368,-1.207,0.054454,-0.53107,-0.83859
-0.80361,2.3039,0.14985,-0.81211,-0.70377,1.4381,0.84356,0.15252,0.60475,0.34758
0.28761,1.126,-1.3539,0.40938,-0.77543,0.44427,-0.84538,0.030916,-0.085407,0.1177
0.46702,-1.4911,0.63326,-0.45347,0.21529,1.9459,1.5298,0.15287,0.49799,2.3732
0.0045616,1.2994,0.9449,-1.0979,-0.54584,-0.16582,-0.53541,-0.01294,-1.2771,-1.0612
0.32609,-1.6641,-1.4125,0.2317,-0.84106,-0.06054,-0.76813,-0.46913,-0.20653,-0.72742
1.2046,1.2682,-0.16949,0.24149,-0.83445,1.136,-0.68309,0.6807,0.16054,0.017371
-1.4041,0.055618,0.87227,-0.89709,-1.2982,0.41442,-0.79244,1.1046,-2.3979,1.2513
0.20556,-1.4916,-0.71926,0.17932,0.59018,1.1511,-1.1772,-0.81365,1.933,0.50362
-1.9912,-1.0987,-0.016566,1.0381,-2.3636,0.5114,1.5757,-1.7844,0.085808,-1.4349
0.028409,0.20006,-0.64207,1.4793,-0.047839,0.21624,-0.38169,-0.30877,-0.66874,1.3716
1.9305,0.96109,-1.1795,-1.1075,0.078917,0.72137,-1.8765,0.66848,1.7176,0.86454
0.94114,-0.77276,-0.13743,0.60658,0.81983,0.18882,-1.0541,1.0414,0.32016,1.6996
-0.0069245,-1.1264,-1.699,-0.088209,0.35723,-0.46156,1.4119,-0.76871,-0.21361,-0.54206
-0.33824,-0.66665,-0.42256,-0.32841,0.32019,1.3414,-0.99437,-0.53234,0.70479,0.11506
0.52827,0.73842,-0.021636,0.76292,1.4321,-1.2185,1.9826,0.38292,-0.89444,0.1973
1.0569,0.89438,-0.14446,0.075546,-1.6708,0.19482,-0.70913,0.90889,1.342,-0.78348
0.014741,0.07821,0.3365,-0.72814,-0.94141,0.17522,-0.89755,-0.10779,1.9286,-2.9323
1.6148,1.4508,-0.77538,-0.90147,-1.0691,0.273,0.34367,0.56584,-0.099833,0.25693
-0.81585,-0.11966,1.3397,-1.1398,-0.536,0.6727,-0.67923,0.025575,1.4698,-0.022667
-1.9978,0.62591,0.21274,-0.85949,-1.2715,-0.5098,-0.70806,-0.54819,0.096486,-0.50916
-0.74819,-0.94637,1.6033,-0.42187,1.0722,-0.12097,0.98909,0.17331,-0.64591,0.44467
-0.1993,0.28119,-2.142,1.8036,0.035234,0.71994,0.53465,0.30572,-0.12563,-0.80745
-0.37276,0.23434,-0.94838,-0.1448,-0.0041591,-0.2136,-1.0473,2.3883,1.1272,-0.051312
-0.84737,-0.45681,0.21661,-0.14854,0.31392,1.3316,0.37462,-0.30718,1.6341,0.19569
1.3372,-0.35958,-1.0956,0.20835,-0.66679,-0.81934,0.69999,-0.9478,1.4724,0.28462
-1.6163,0.6613,0.84556,-1.5039,-1.8307,-1.1493,-0.67818,-1.4935,-1.7865,-2.0097
-0.49182,0.90557,-2.4986,-0.76365,-0.27197,-2.4584,0.91658,0.4073,1.0679,-0.17209
-0.9693,-1.1705,-0.84191,-0.36227,-0.093158,0.68119,0.93802,0.35834,0.66395,-0.23277
-0.47411,-0.53917,1.0882,2.0632,-0.42855,0.45052,-0.43221,-0.95654,0.56811,-0.96763
-0.66616,1.3765,-1.1628,-1.5214,2.7615,0.76944,-0.10924,0.039413,-0.40033,0.67097
0.47837,0.60575,0.35196,1.0425,-0.025097,-0.049013,0.41568,0.17623,-1.4324,-0.083469
-1.0411,2.0284,1.0256,0.0048009,-0.49717,1.1109,1.337,-1.5859,0.17793,-1.0261
-0.82066,-0.35223,1.6149,-0.86827,1.808,-0.73583,0.082993,2.1165,0.10975,1.1544
0.10113,-0.17656,-0.36369,-0.74554,-0.06152,-0.036304,-1.2634,0.44943,1.7092,-0.094616
1.084,-0.20423,2.2659,0.36684,0.96859,-0.51258,-1.6356,-1.8075,0.58962,1.1141
-1.8545,-0.15902,-0.47846,-2.0612,0.15708,-0.34142,-0.14797,-0.68452,0.15996,-0.89979
1.7998,1.1525,1.6073,-1.9687,-0.92005,-0.21368,0.99032,-0.43844,-0.56617,-0.95681
-0.87837,1.036,-1.7325,-1.1164,1.5317,0.063971,0.59177,0.42575,0.44985,0.89741
0.64773,4.0904,-1.2062,-2.3972,-0.21793,0.69751,-0.61686,0.058072,-0.37445,0.30667
1.0496,1.3457,-1.5472,-2.3389,0.37592,-1.1892,1.0351,-0.87541,1.0929,-0.24802
1.3231,-2.1185,-2.2929,0.62978,-1.7099,-1.5971,1.2084,-1.1146,-1.3309,-0.22895
-0.51736,-0.66414,0.52901,0.73522,1.7435,0.060186,1.4198,1.1089,-0.20074,1.8447
0.024315,0.2704,0.4345,0.17157,0.58235,1.0766,-0.19551,-1.2625,0.88397,0.26209
-0.16237,-0.70796,0.30137,-0.68692,1.8427,-0.40751,-1.7543,-0.25781,-0.28028,-1.0496
-0.60566,-0.3273,0.21945,-1.1496,-0.16383,0.85202,-0.53367,0.64155,-0.49175,-0.28942
0.27171,-0.090454,-1.9567,-1.6242,0.23458,-0.21264,-0.40613,1.2233,-0.59178,-0.20291
0.35864,-0.44546,1.2046,-0.63743,-1.3468,0.70664,1.2259,0.34063,-0.050379,2.6152
-0.35232,-1.8116,-0.89648,0.24598,-0.034144,0.014352,-1.2005,0.96538,-1.5074,1.4598
0.13236,0.023864,0.41025,-0.58298,-0.88371,0.23908,0.89154,1.1912,1.353,0.70563
2.6736,-0.98346,0.54669,0.99926,-0.26063,0.80652,-0.24075,-0.016366,0.7069,-2.2013
-0.0075661,0.30077,0.20342,-0.08797,-0.80906,-0.11858,-1.3259,-0.079198,0.89683,-0.014497
0.7103,-2.5101,0.72807,-0.46349,0.045009,0.6944,0.68053,0.36586,-0.36835,-1.1337
-0.46254,0.14376,0.126,-0.45956,1.0132,-0.74461,1.5106,0.57299,-0.75909,0.50349
-0.52788,-0.17419,0.48197,0.29832,0.91582,-0.82541,1.1956,-1.9816,-0.063726,-1.3146
-0.34579,0.36401,-0.80206,1.5654,-1.0384,-0.72087,1.1355,-0.82712,1.0739,-1.8066
0.56456,-0.53292,-1.2165,0.52742,0.3458,-0.040915,-0.88869,0.4552,0.30391,-0.81792
-0.80154,-1.0925,-0.4629,0.78883,-3.535,0.77726,0.39305,-0.58565,0.38092,0.72452
-1.8529,-0.16343,-0.97841,-2.1497,-0.28661,-1.0265,-1.4888,-0.078693,0.48063,-0.53357
0.053216,0.2272,0.43723,1.5571,0.37751,-0.51186,-0.37908,0.18752,-0.7708,0.93453
-0.43642,-0.89331,-0.34136,0.39764,0.08075,-0.14774,0.68204,-0.7753,-1.1559,-1.413
0.28001,-1.095,0.20248,0.76734,1.9308,0.75772,-0.81342,-0.32589,-0.7964,1.8444
0.084606,-0.4417,0.44072,-1.758,1.3403,0.2866,-0.011293,0.10267,-0.3942,0.28688
0.72912,-1.7034,0.5893,1.1395,1.2071,-0.27549,-0.82513,0.35502,0.66344,0.097138
0.90075,-1.8292,0.11666,-1.3471,-0.44835,-0.53954,0.1473,1.6086,-1.0017,0.8172
-1.3256,-1.8859,-0.17339,1.5307,-1.162,1.6181,-0.18351,-1.3163,-0.22358,1.5212
-1.5246,0.32048,-0.52827,-0.59819,0.1883,-0.85771,-0.12927,0.71226,2.6057,-0.39686
0.50243,0.17285,-1.6447,0.64534,0.27163,0.97098,-0.17729,0.4374,-1.0977,-1.1127
0.30639,0.059127,-0.069039,-1.1193,-0.29329,-2.0218,-0.37203,0.55426,0.62523,1.2244
-0.93916,3.2289,-0.48749,0.22149,1.1624,-0.52346,-1.1202,-0.83202,-0.29019,-0.96994
1.2374,0.45062,0.41702,-0.86888,-0.13894,0.78352,1.1372,0.30486,-0.34872,-0.82195
0.033012,0.63582,0.61846,-1.3134,0.65927,0.92733,-0.35618,0.72485,0.60433,0.017646
0.12357,-0.19033,-0.524,1.2515,2.5874,0.28002,-0.29922,1.3643,-0.23226,0.90648
0.27394,-1.6229,-1.1312,1.0183,-0.047566,0.87246,0.18529,-1.5345,-0.48104,-1.7998
0.75417,1.3093,0.46529,-0.4183,0.25326,0.21333,1.143,-0.59377,0.17581,-1.3182
1.5245,1.165,-0.23182,-0.78801,-0.9391,-0.88013,0.71813,-1.0603,-0.0098222,-0.61362
-0.26198,0.452,1.3695,-0.41924,0.37149,-0.20798,0.7423,-0.11351,-0.013539,-1.5706
-1.7307,-2.0372,0.93504,-0.20312,-0.028501,-1.9329,-0.66903,-2.2042,1.5262,1.9879
1.0135,0.68679,-0.10429,-0.2874,0.59873,0.1614,0.094575,1.1426,0.13186,-0.10107
-0.92774,0.3365,-1.6939,-2.0977,0.58017,-0.74492,1.0398,-2.258,-0.13291,-0.13147
1.2437,2.133,0.24652,-0.76138,-0.80807,0.016313,0.44579,0.22909,-2.737,0.8836
-0.58949,0.063399,-0.6812,0.18425,-0.22187,1.8488,0.6383,-1.4478,1.3967,-0.43717
1.4915,-0.69169,-0.43715,-0.95597,0.53046,-0.1099,-0.28528,-0.061614,0.054138,0.86719
-0.80598,-0.93832,-0.57191,-1.5411,-1.4343,-0.64599,-0.72557,0.11282,0.48192,0.50954
-1.1126,-0.3039,-0.91316,-1.0377,0.14217,-2.5278,-1.5539,0.49238,0.47122,0.56332
0.95694,-0.43785,-1.3055,0.16873,-0.34869,-0.071738,1.2731,-1.3187,1.3402,-0.92538
-1.3631,1.0777,-0.028472,-0.40963,-0.17646,-1.507,1.6335,0.21819,0.93546,1.2287
0.68058,2.2628,-0.23466,-1.0832,-0.11132,1.0197,-0.18988,-0.63997,0.68724,1.2195
0.43782,-1.2263,1.523,1.6462,-1.6323,-0.99418,-0.56968,1.2575,0.65785,-0.73042
-0.14327,-0.19007,-0.61516,1.3488,-0.44493,0.015095,0.17065,-0.764,1.1199,0.83471
-0.34153,-0.21289,-0.77766,0.30563,0.9804,1.0034,-0.072607,-1.3281,0.42209,2.2282
2.0578,-1.787,0.18422,-0.45192,-1.8611,-0.71234,-0.5849,0.044881,0.67116,-1.1158
-0.37454,0.17542,0.85429,0.29583,0.75081,0.23268,0.039686,-0.31324,-0.43928,-1.0478
-0.1902,-0.5045,1.298,0.72714,1.8281,-0.73394,0.30905,1.4193,0.82804,1.1783
-0.93873,-0.61123,-0.51193,-0.39939,-0.39948,-0.83114,0.96235,0.79691,1.4124,0.85242
-0.81346,1.1819,-0.31608,-1.2009,0.68696,-1.8346,-0.88746,-0.42884,-1.4913,-1.1674
-0.58362,0.65947,0.30343,0.13749,-2.0725,-0.43114,-0.00054531,-1.05,-0.2293,0.10386
1.7095,-0.72722,-0.023642,1.7362,0.99099,1.1665,0.80253,-0.78323,-1.6617,-1.4641
-0.39042,0.86758,-0.56784,-0.49622,-1.5066,-0.63284,-0.99236,-1.773,-1.6264,-0.2588
-0.69007,-0.36959,0.66427,-0.73479,0.31715,0.31944,0.18397,0.15576,-1.4097,-0.11139
-0.44822,-0.61921,0.12296,-0.85498,-0.3693,-0.046658,0.29952,0.72836,0.81359,-0.40686
0.71438,-0.015689,0.80918,1.9888,-0.24874,0.14317,-0.28953,0.77183,-1.0201,0.54205
-1.3157,-1.0152,-0.20862,-0.025617,1.5256,0.38174,-0.14698,1.0931,0.52584,-0.71045
0.62712,-0.40515,0.7496,-1.3465,1.744,-0.62431,0.15901,-1.0733,0.83566,0.36375
-1.3313,-0.51677,0.72106,-0.31941,0.52295,-0.96303,-0.23274,-0.057037,-1.2552,-1.1534
-0.13085,-0.28293,-0.25001,1.4016,-0.14814,-0.35091,-2.4907,1.2487,-0.63338,-0.94804
-1.8269,-0.12086,-1.3107,1.0384,-0.28722,-0.28486,0.11248,0.43003,0.77861,-0.56972
0.53592,1.9737,0.44758,-0.022763,0.13518,1.2296,0.84025,-0.63,0.5537,0.0035731
0.69286,0.77157,-0.070283,0.92926,-1.9632,0.059717,0.087764,0.44109,-0.17293,0.72271
-0.68755,-0.49099,1.19,0.37059,-0.34543,-1.5291,-0.39472,1.5265,-0.83776,-0.31351
0.31758,0.94105,-0.25428,-0.9302,2.1132,-0.11669,1.3068,0.36021,-0.61601,-0.30046
0.16284,0.82352,0.38844,0.89571,-1.3338,-0.51995,0.48524,-0.50783,-0.12272,1.3396
1.1591,0.9537,-0.062135,-1.4314,1.4309,2.3207,0.47589,0.094554,0.55982,-0.16057
0.12839,0.049566,-0.57997,1.3096,1.2795,1.242,-2.6127,0.16977,0.28561,1.0699
1.0395,-1.3431,-0.02424,0.60861,0.30645,0.68215,-0.62949,0.59625,1.1379,0.43371
-0.11677,0.62056,0.45955,0.57787,-0.28801,0.97085,0.16902,-0.60156,1.027,0.14769
-0.6483,0.36449,-0.26982,-0.88906,0.51187,-0.41561,0.98504,-0.27768,-0.40236,-0.43627
-0.037981,-0.99716,-0.5232,-0.23065,2.2596,0.33316,-1.2078,0.5694,-0.74882,-0.48925
-0.19932,1.8722,0.65044,0.45161,-0.18935,0.059172,-0.23527,-0.023284,-0.74186,-0.58702
0.88167,-0.34648,-0.90495,2.3303,1.8473,0.46784,0.89708,1.6348,0.74355,0.23465
-0.056144,0.83477,-1.3795,-0.42709,0.4823,0.84613,0.58815,1.0554,0.58969,-1.6579
-0.84124,-1.0161,0.11075,-0.96705,-0.044254,0.2128,-0.77496,0.51478,-2.4062,-0.036673
-0.15484,1.4072,-1.1644,1.212,1.5567,-0.040609,0.30047,-0.45072,-0.049462,0.37254
1.1886,-0.26977,-1.5274,-1.1943,-0.72387,-0.58624,0.67557,0.25937,-0.16367,0.37346
-0.41491,-0.53087,0.10408,-1.8431,-0.04088,1.0356,-1.7229,0.082822,0.00392,2.0651
-0.65862,0.85077,0.55504,0.81674,0.18054,-1.1088,0.83288,-0.49152,-0.60105,-1.3255
0.98399,-0.23422,-0.59023,-0.12832,0.089945,-0.058618,1.466,0.66396,0.29517,-1.2433
0.10123,1.7029,0.43521,-0.12464,1.3251,-0.10961,0.28552,0.72044,0.16378,0.93493
-0.36271,1.8353,-1.3541,0.69403,0.59009,0.86597,0.80308,-1.2797,-0.11075,-0.60381
-0.73883,0.12133,0.0019172,-0.94248,-0.22616,0.22407,1.0324,-0.45928,1.5765,1.2833
-1.4798,2.4802,-1.1599,-2.7283,-1.0541,-0.39575,1.2016,0.11078,-0.37394,-0.33453
0.15337,-0.59771,-0.94383,1.3034,-0.73672,-0.33687,0.37146,0.32413,0.63072,-0.45315
-0.31702,-0.83716,-0.92061,0.26638,0.91531,-0.57074,-1.0907,0.63778,0.68682,0.12949
0.31892,-1.2762,-2.2984,0.68978,1.1886,-0.072845,0.65184,-0.12085,-2.7595,0.77629
-1.4565,-1.241,0.72442,1.155,1.5915,0.35817,-0.70185,0.76698,-0.1388,-0.40454
1.3218,0.42166,-1.7436,0.097742,-0.53682,0.15011,0.26335,0.67056,-1.1627,-0.10797
0.4872,-0.41228,-0.030054,-0.23273,-0.79541,1.186,1.622,0.20133,-0.29779,-1.0842
-1.5666,0.76077,0.32528,-1.4177,1.2869,0.60959,-1.0478,0.58506,-0.78013,0.51753
1.0571,0.30573,-0.91757,-0.51107,-0.51964,-1.1123,-0.031198,-1.2337,0.97133,-0.88135
-0.58758,-0.63257,-0.036071,-1.0147,1.242,0.85735,1.2884,-0.15087,-1.0222,-1.5124
0.30222,-0.4451,2.1649,-1.825,-3.0429,0.44421,-0.53236,-0.21015,-1.4852,0.96574
0.21946,-0.85646,1.0151,0.37458,0.22927,1.3941,0.97303,0.40996,1.2988,0.098525
-0.8782,0.20987,-0.4319,1.84,0.58503,-0.84995,-0.5346,1.0897,-0.16511,-0.34752
-2.8614,-0.23887,-0.7229,1.1466,-0.040003,-0.1941,-1.8586,0.66947,1.5696,-0.36277
0.53556,0.82729,-0.27877,-1.9501,-1.1523,1.6432,1.3792,-0.36745,0.80633,-0.69081
-0.34204,-3.0285,-0.95863,1.6815,-0.22881,0.53833,0.34118,1.7922,-2.0077,1.0553
-0.59786,1.8293,0.50808,-0.95184,0.48555,0.29398,0.098146,0.1854,0.64822,0.73309
0.41891,-1.1241,-0.35892,0.63807,-0.30815,-0.66869,-1.9247,-0.61453,1.1271,0.28075
-0.68968,0.82835,-2.4747,-0.78182,0.76688,0.2478,0.50082,0.42669,0.2736,-0.47447
0.67119,-1.8573,1.3628,0.94938,0.70932,0.2742,0.25174,-1.0513,-1.4649,1.1923
0.1509,0.66031,0.1859,0.06984,0.39169,0.78361,1.6513,0.8346,2.2813,-0.62392
-0.99132,-1.2074,0.85711,-0.023612,-0.096409,0.33853,0.42289,1.0379,-0.29133,0.39983
0.83683,2.3407,-0.26419,-0.12467,-0.66635,0.021525,0.66066,1.4506,-1.4641,-1.0112
0.47451,0.03636,-0.52679,-0.41071,-0.65702,-3.061,-1.9201,-1.6793,0.38862,-0.40967
1.2522,0.099737,-0.57986,-0.6017,1.9022,0.025583,0.15784,-0.77255,-1.0998,-0.46848
-0.89262,-0.79474,-2.3985,-0.27193,-1.399,0.29938,1.2865,-1.5177,0.23049,0.72835
-0.89527,-0.38212,0.55895,0.504,-0.97025,1.1647,-0.38872,0.11577,-0.50548,0.22885
0.31333,0.033224,2.3921,-1.4698,-0.48179,-1.8347,-1.1044,-0.54339,0.36478,-0.2545
0.66703,0.023796,0.09533,-0.53127,1.1398,0.60903,-0.69438,-0.45324,-0.53667,-0.65204
0.82812,-0.17341,0.57391,0.38569,-0.53197,0.50285,-0.82664,0.44155,1.1566,-0.6532
0.0065093,-1.3335,1.1799,0.0013338,-1.0208,0.95466,-0.29129,0.20877,1.1402,0.52658
-0.23589,-1.1703,0.30674,1.7727,-1.014,-0.39914,3.2466,0.50539,-0.89135,-1.0317
0.65282,0.43207,1.068,-0.59312,0.74261,-0.20689,2.1892,0.29341,1.0866,-1.7513
1.9645,0.42805,1.3596,-0.60701,0.91437,1.2038,-0.93604,0.067406,-0.13321,-0.69256
0.88458,-0.84329,-1.1179,1.7288,-0.41791,-0.28702,-0.20567,0.18477,0.13989,1.7815
0.084537,1.7296,0.56999,1.1394,0.99745,-2.0134,-1.3441,0.29193,-1.3558,1.3138
-0.57451,0.024254,1.1466,0.74591,-0.070235,0.68972,0.83698,-0.84129,-0.20216,0.8224
0.49975,1.4636,0.055245,-1.6269,0.94822,2.09,-1.054,0.49568,-0.66909,-0.33751
-0.4841,-0.69701,0.32561,-0.31744,-0.6585,-1.6701,1.4494,-0.64724,1.3142,-0.1184
0.23845,1.6024,0.87903,0.48684,2.1211,-1.2369,0.88012,0.57527,1.0448,-0.19282
0.77825,0.25764,1.1449,0.89257,0.60028,-1.5051,1.4172,-0.38367,-0.7165,0.9793
0.92427,0.65421,0.11826,-0.3847,-0.023597,-0.22097,-0.30633,-0.32365,-0.87954,-0.75978
0.58814,-1.2757,0.57975,0.26767,0.24028,-0.13994,0.77747,-0.30116,0.3823,0.23692
1.3779,0.084527,-1.6529,0.50859,-0.94425,-0.87184,-0.1062,-0.68132,0.30174,1.9641
1.8512,1.8804,0.59905,0.68081,-1.2509,0.24607,-1.6778,0.91714,0.063287,-0.65624
-1.8977,0.023982,-1.5651,0.2098,-1.5017,1.5443,-0.16553,2.6267,-1.5098,0.51505
-1.7787,0.08181,0.29863,-0.04123,-2.9136,-0.2669,-0.2094,-0.89677,-1.2395,-1.2269
-0.92264,0.94125,0.04745,0.35274,0.20846,-0.0064738,-0.1566,-1.9327,1.4793,0.58349
-1.9979,0.70479,-0.57542,0.96623,1.9562,0.40668,0.27514,-0.9023,-1.5667,0.67374
-0.3571,-0.08741,0.3418,-0.14436,-0.88186,2.2308,0.24995,-0.32823,-3.0072,0.97693
-0.3364,0.2993,0.91435,0.29177,-0.031245,-0.6339,-0.4988,-0.99974,-0.31551,0.73105
0.25043,0.7397,0.20463,0.97812,-0.85979,0.7835,-0.2417,-2.5202,2.1488,0.98032
0.28616,0.0061653,-0.60356,-1.0168,-0.41781,-0.65967,0.58902,-0.068833,-0.91276,-0.84683
-0.68617,-1.0205,-1.1734,-0.20123,0.57764,-0.037764,0.80567,-0.27772,-1.3583,0.92442
-0.81331,1.1393,0.38565,0.0098825,0.63715,2.2258,1.3934,-1.0014,0.44488,-1.0398
0.7934,0.22764,-1.2126,-0.41199,1.4229,2.2195,-2.0433,1.5585,1.4901,-1.6293
-0.38195,0.069239,-0.90426,-0.15978,-1.6007,0.77662,-0.93776,-1.264,-1.9672,0.34051
-1.3712,1.1372,0.033609,0.2485,0.50203,0.64497,-0.038517,-1.0605,-0.39866,-1.6433
0.010307,-1.7859,-1.8875,0.48182,1.194,0.41269,1.0523,1.9712,-0.14835,0.31577
0.20413,1.2093,-0.15335,-0.44499,-0.47236,-0.76098,-0.78938,1.3687,0.41363,-1.4456
-0.41103,0.17076,-1.8861,-1.3843,0.95672,1.1577,-0.67976,-0.15265,2.4229,0.41472
0.66356,0.5052,1.7777,0.24157,-0.71271,-1.1894,1.7215,0.78188,0.44736,-0.90011
0.22578,0.95463,0.16214,0.16041,0.86064,-1.8447,-0.71834,-0.76948,-1.3972,-0.17064
-0.21284,-1.5938,0.2358,-0.24552,-0.66179,-0.3976,-1.0751,0.41724,0.18401,1.2644
-0.044035,1.9272,0.0801,1.5355,-1.0651,-0.56077,-0.37731,0.54303,0.29304,-1.051
0.45818,-0.1346,1.3927,-0.021778,0.44926,-0.41405,-0.50174,1.0558,0.36046,-0.56867
-0.44142,-2.2719,0.043476,-0.054669,1.8604,-0.91503,0.10291,1.2659,-1.3887,-0.012583
-1.0549,-1.6415,1.1868,1.8386,0.25871,-2.2457,-0.50138,-0.98928,0.4063,-0.34383
-0.15558,1.2727,0.8408,-0.57588,1.9504,-2.3475,-0.7326,0.7094,0.62173,-0.23602
0.12915,0.1801,-2.0492,-0.45176,2.2082,-0.25658,-0.32725,-1.2158,1.1776,0.66564
0.50943,-0.053922,-0.14229,0.9976,-0.061244,0.6103,0.56304,-0.66313,-0.82452,0.28406
-0.030124,0.31131,-0.64346,0.70147,0.37529,0.73962,-0.21849,-0.2642,-0.94225,-0.54124
-0.45736,-0.97602,1.6842,0.81227,2.2635,1.657,0.28303,-0.68709,-0.2159,-1.9798
0.59634,0.36503,-1.2947,0.2758,-0.50165,0.62788,0.50632,0.25023,1.1443,0.6229
-0.11353,-0.51014,0.47095,2.4503,0.56234,1.5906,0.27912,-0.72266,-0.93734,-0.26402
0.80702,0.26156,-0.44661,-0.67552,0.17919,0.36704,-0.43617,-1.2261,1.5389,-0.21063
-0.089803,1.6005,-0.92887,0.9099,0.13485,1.0295,-0.2014,-0.46582,0.56808,1.6406
-0.0062921,0.63145,0.17953,-0.29566,-1.4253,1.3507,0.93947,3.2101,-1.0899,0.6192
-0.091861,1.4041,-1.4246,-0.95305,0.084875,0.77807,-1.3234,-1.7804,0.34383,-0.31743
-0.92124,1.1783,-0.75564,-0.72077,0.14256,-0.38298,-0.82878,-0.14017,0.8976,0.058091
-0.92695,0.10029,1.6062,2.2457,-0.33721,0.50844,2.5009,0.15945,0.48935,0.6811
-0.96122,-0.17067,-0.50918,-0.37217,1.1371,-0.72594,0.10318,0.42288,-1.1057,1.023
1.7848,0.71091,-0.453,0.87769,-2.0512,0.79365,0.38741,-0.23677,-0.21391,-1.3258
-0.20019,-1.1679,-0.55412,-0.8043,-0.5038,-1.1505,-0.48281,0.57473,-1.1887,0.9485
0.94041,-0.12987,1.3322,0.55969,0.69806,-0.96015,-1.3204,-0.39429,2.4133,-1.6134
0.34916,0.54162,2.065,0.3095,1.5354,-0.98004,0.50048,-0.89975,0.70149,-0.57504
1.8593,0.55676,-1.1003,0.39924,0.20906,-0.20362,-0.13566,0.81171,2.0629,-1.7035
0.92707,-0.60848,-0.54487,0.57923,0.72578,0.35428,0.43979,-1.9173,-0.41922,0.6434
-1.227,0.22786,2.3096,-0.89437,0.22166,1.0881,-0.69558,-1.6813,-2.9263,0.022742
-0.32724,0.0075719,-0.33538,-1.0953,0.20786,-1.1494,0.83287,0.26631,0.52537,-0.22085
0.89165,-1.1566,-1.8162,0.43004,0.54653,1.01,-0.57848,-0.56822,0.60373,-0.88535
0.28819,-0.91691,0.35935,0.044261,-1.297,0.12992,-1.1096,-0.36864,0.53772,0.15948
2.2652,-0.43372,-0.90357,0.31785,-0.39055,-0.069168,1.3005,1.4271,-0.59075,1.7724
-0.04789,1.0683,-2.1022,1.3968,-0.039669,-0.063335,0.0060576,-2.1147,0.47842,-1.2119
-1.5519,0.72501,0.13052,-0.40087,-0.88098,-1.2236,1.8424,-0.57489,-0.95921,0.77795
0.44408,1.3243,0.52874,-0.2257,0.90666,0.33877,0.70305,-1.6952,-0.1181,-0.34148
-0.91182,0.88053,-1.0279,1.0489,0.099936,0.12643,-0.1731,0.68005,1.4129,-1.8389
0.049435,0.33612,-1.7553,-0.58624,-1.123,1.8785,-1.2408,0.55016,1.0672,-1.4047
1.078,0.031712,-2.0968,0.42221,-1.1531,-0.84956,-0.83831,-0.33878,0.86225,-0.54789
0.30818,0.20585,1.3199,0.52977,-1.3804,0.45173,2.6002,2.1449,0.18184,-0.13971
0.29964,1.3071,0.63313,-1.2505,-0.93877,0.78897,0.2455,0.59255,-0.7393,0.58575
-0.19722,0.2686,0.97424,0.29383,-0.50081,-0.68922,0.16119,0.75293,0.42149,0.58044
-0.14642,1.0241,-1.0674,1.7118,-0.16837,-0.70914,0.54152,-0.41157,0.96224,-0.59031
-0.10307,-0.033768,0.74101,-1.6203,-0.35811,-1.9758,0.59446,0.58528,-1.1201,0.44943
-2.799,-2.0908,-1.1617,-0.71262,-0.89758,-0.62342,1.6398,-0.73735,0.432,0.1631
0.39328,-0.31606,-1.0435,-1.1995,1.388,1.5673,-0.59078,-0.3396,-1.5793,-1.5828
0.99025,0.13294,-0.31435,-0.29295,0.19165,0.77335,-0.54551,0.092175,-1.5877,-0.37304
-1.2976,-0.66503,-0.085375,-1.3578,1.1848,-1.3004,0.37455,-0.41956,-0.041993,1.2859
-1.522,-0.046751,-1.0592,-0.092657,-0.56172,-0.54454,-0.54349,0.013155,0.28188,0.57473
0.62101,-1.5042,0.44852,0.32363,-0.77946,-0.98433,1.8167,-1.866,0.29308,-1.5974
-1.5075,-0.67333,0.034784,-0.1888,0.0031865,1.65,-1.14,0.068594,0.11356,0.042072
-1.6794,-0.80041,0.041908,0.05338,-0.3275,-0.63494,1.1479,-0.82431,-1.6728,-1.629
0.78898,-0.2282,1.752,-1.1729,0.29206,0.08024,-1.7029,-0.28677,0.67475,0.23502
-0.65428,0.46014,-1.492,0.40769,1.452,0.65085,0.041285,1.0684,0.27165,-1.0389
1.2449,0.56644,0.69291,-0.23634,-0.25381,0.35546,-0.029078,-0.11866,0.14233,-0.099979
-1.2923,1.0467,0.14946,1.385,0.81756,-1.3008,1.2016,-0.20059,0.13831,2.2968
-0.61435,1.0085,-0.73777,0.37459,-0.79989,0.37995,-0.43673,0.31542,-2.1733,-0.65977
0.2417,-0.43563,-0.92336,-0.84459,-1.1372,0.86807,1.5456,-0.49239,0.40519,0.34961
0.54935,1.5347,-1.821,0.9784,0.56843,0.36378,-1.4707,-1.3243,0.12598,0.24532
0.46763,0.093346,-1.1584,1.2052,-1.4026,-1.4625,-0.59232,-3.3194,-0.91586,0.21744
0.19146,-0.98835,-2.0634,0.25783,0.53574,-0.86374,-1.2046,0.90519,-0.009109,0.034799
-0.2298,-0.94302,-0.29677,0.11141,0.40179,-0.275,-0.026803,-0.25984,0.25174,0.15188
-0.57922,-0.95602,0.28264,-0.10247,-1.1492,0.40166,0.68916,-0.32192,1.6671,0.19675
0.48048,-1.2865,0.30143,-1.974,1.5024,-1.3027,-1.2258,-0.18743,-0.012538,0.25886
-0.38683,1.2959,-0.69485,-0.14544,0.38793,0.34212,1.9824,-2.36,-0.94449,-2.3571
0.42162,-0.2628,-0.20492,0.47793,-1.0996,-0.87512,0.72214,1.7001,-0.75163,-0.28638
1.0877,1.0125,-0.37612,-0.40473,-1.9503,-1.3559,0.42606,0.44929,-0.57808,-0.92544
-2.2493,-0.51349,0.95228,-0.71933,-0.46353,0.43807,-1.0647,0.1218,-1.356,0.1762
1.8045,1.4287,-0.20505,-1.2325,-0.22283,1.1052,-0.020889,-0.5343,-0.34596,0.07931
-0.63206,0.34724,-0.18598,-1.2634,0.092738,1.0798,-0.33587,1.3815,-1.6533,-1.3348
1.3165,-0.94451,0.26038,-1.1019,0.31203,0.43667,-0.99844,0.90386,0.71584,0.81286
1.5516,0.79787,0.35215,-0.78319,1.7511,0.69608,1.8705,1.1557,-0.042253,0.84263
-1.4689,0.60385,-3.4441,0.32455,-0.73842,0.33611,-1.0938,2.6895,-1.6362,-0.681
0.17694,-1.5594,-1.8378,2.0926,0.2758,0.78262,-1.2064,1.2939,-0.30364,-1.0691
3.4663,-1.3957,0.0023875,1.3662,0.022588,-0.031761,-1.4547,0.93167,0.36778,-1.9809
-0.21463,0.13869,0.95375,1.4379,0.12635,-0.37185,0.47744,-0.44365,-0.77524,0.10374
0.48628,-0.70214,-0.71397,1.21,-1.3064,-0.28056,0.39552,-1.2459,1.8669,0.9835
0.33089,-0.52049,0.24267,0.80228,1.0235,0.67218,0.012757,-1.0188,1.9283,-2.0298
1.2679,0.76412,-1.4806,1.211,-1.0879,-0.44938,0.58824,0.93632,0.66412,-0.12131
1.0905,0.29853,-2.2484,-0.41637,-1.1509,1.5801,0.29225,-1.8667,0.26847,-1.153
-0.94645,1.0527,0.10019,-0.24317,-1.676,-1.9805,0.7282,-1.5924,0.93111,0.010256
-0.4385,0.29578,0.8023,0.91582,1.4225,-0.65958,0.91638,-1.2486,1.0769,0.41791
0.34322,1.4587,-0.68261,-0.40064,0.58075,-1.9915,-1.2961,-0.10106,0.39144,0.033121
-0.058403,-0.35219,-0.21071,0.70139,-0.048622,-0.47289,2.2,-0.29064,0.47003,0.057428
2.535,0.14127,-0.45936,0.8213,0.095274,0.47334,-0.60145,1.0563,1.3039,2.2646
0.43865,-0.063791,0.34819,-0.13525,0.5442,-0.84805,0.96193,-1.5911,-2.3014,-0.69736
0.43752,0.13278,0.33454,0.79182,-0.93698,-1.8866,0.73036,0.21848,0.23813,0.98424
-0.83768,-1.0917,-1.0193,-0.97973,-0.5711,-1.1141,-2.1722,-1.4521,-0.8252,-0.50251
-1.3075,0.69545,2.8239,-0.69602,-0.39206,-0.28122,-0.35096,-1.0583,0.75454,1.3848
0.79414,-0.63878,-0.18488,-1.7598,1.1035,0.72515,-0.34959,-0.31105,-1.2098,2.2191
-0.19726,-1.0116,-0.50342,0.22911,-0.34489,1.3728,-1.0624,0.9478,-1.1913,2.1376
0.64915,2.563,-0.93996,-0.37132,-0.17422,0.77372,0.30413,-0.77489,-1.5249,-1.0902
-0.83147,-1.0365,0.79041,0.60291,0.77307,-1.1751,-1.7293,-1.8099,-0.11467,1.3589
0.89595,-2.2962,-0.073263,-0.37015,-0.34502,0.81128,-0.5989,0.3445,-0.050931,1.3447
-1.8135,-0.29167,0.031345,-0.27473,0.91948,1.7104,-1.3101,-0.9883,0.33287,1.2244
1.5667,-0.87843,1.6842,0.77054,0.39373,0.031944,2.3657,-1.7992,0.76696,-2.0141
0.8465,1.8086,-0.33836,1.3446,0.41232,-0.91,-1.2674,-0.17987,-2.0568,1.0446
0.11015,0.5082,-0.95033,0.86019,-0.47124,0.48238,1.2341,-1.3564,0.15682,-1.3927
-1.1611,0.27596,-0.5856,-0.61336,1.5979,0.72459,1.1055,-0.66652,2.0381,-1.7311
-0.39754,-0.40476,-1.2677,0.45395,0.84278,1.4069,1.671,-0.95394,1.0663,-0.68043
0.25429,-0.058316,-1.7162,-0.37469,-0.29242,0.52409,1.708,0.34122,0.86002,0.39737
1.2078,-1.8093,0.80564,-0.45844,1.617,-0.3172,0.56316,-0.86421,1.9611,0.29385
-1.0335,-0.6576,1.2627,-0.54632,-1.4948,2.0849,-0.25118,-0.12035,-0.5212,0.88969
1.2951,1.1008,0.34819,-0.25124,-1.0787,-0.30137,-1.883,-0.65787,0.40215,0.11245
2.7681,-1.2003,1.8596,1.3089,-1.4309,1.4599,0.16967,-0.18117,0.29694,0.38295
-0.49535,-0.77749,-1.5756,-0.37005,-2.1152,0.16355,1.665,-1.4042,-0.077568,1.9238
0.46877,0.51124,-1.344,-0.37,0.968,-0.65156,-1.5252,-0.79944,-0.75068,-0.93237
-0.6573,0.31796,0.8971,0.80478,-0.458,0.81057,-0.3107,1.1856,-1.3006,0.60687
-1.717,0.78364,1.9427,0.91112,-1.282,1.0644,0.40033,1.3676,-0.71923,1.8339
1.4705,0.93043,0.14732,-0.19497,-0.062589,-0.38372,0.23068,0.35126,-0.41273,-1.8741
0.69414,-0.32941,0.1706,-0.16033,-0.74732,1.4188,-1.4944,-0.037342,0.22573,2.8916
-0.5107,2.3731,1.1609,1.1484,0.80756,-1.9819,-0.35915,0.5474,-0.12522,1.2832
0.11339,-0.13686,0.4796,0.53472,0.90617,-0.2029,-2.0086,-0.37011,1.9659,0.88311
-0.22981,0.88604,-0.4414,-0.16883,1.1848,-1.2212,-0.97948,0.40096,-0.35452,0.2778
-1.4617,-0.13494,-0.62222,-0.34694,2.2203,-0.060228,1.5445,0.37101,-0.11038,1.4262
-2.8823,0.25938,0.42346,1.311,1.5768,-1.6034,-0.29361,0.44411,-2.6775,0.85325
-0.047468,-1.4534,-0.5214,-0.2503,0.8163,-1.7193,1.3549,0.26162,1.0543,-0.17247
-0.46247,0.37203,-1.4163,-2.5198,-0.027573,0.13264,0.5975,0.98963,0.15732,0.8855
-0.57665,-0.29586,0.17628,0.63608,-1.4046,-0.28882,0.5811,0.87076,-0.24874,-0.85072
-0.84597,-1.477,0.50288,-0.74094,-0.45003,-1.2536,-0.56155,2.1941,-1.1725,-1.0453
-1.8172,0.27874,0.58482,-1.2141,-1.5503,-1.8723,0.91775,0.6018,-2.2575,-0.58092
-0.52173,-2.3161,1.3093,-0.88514,-0.20549,-0.84035,-0.64192,-0.1056,0.25862,-1.7951
0.16144,0.38454,-0.27665,-1.2569,0.03384,0.96143,-0.3634,-0.4161,1.4286,0.54874
-1.0618,1.0169,0.54041,0.83908,0.75159,0.23834,-1.1142,0.57087,0.20037,1.0774
0.45049,-0.61808,-1.0349,-0.30095,0.33091,-0.92667,0.98634,-0.76687,1.5581,0.72995
-0.2728,0.42853,2.6689,-2.5434,-0.94589,-0.23888,-0.25149,1.7572,1.16,0.90794
-0.10145,0.3177,0.48258,1.9435,0.7849,-0.40126,1.2478,1.2195,-1.1952,1.8731
-1.4291,-0.66709,-0.48135,-0.34415,-1.9282,1.2143,-0.69965,-0.72232,1.2939,1.5874
-0.76441,0.086269,-0.53963,-0.46264,-0.55461,-0.22154,1.27,-0.33343,1.2843,0.31548
0.41014,-1.1852,0.68933,0.52251,0.67285,0.54876,-0.42985,0.33521,0.65643,1.7469
-0.78993,0.68719,-0.91018,0.67829,0.94517,0.85556,-1.5221,-1.0008,1.8493,0.4736
0.16164,0.97651,-0.16482,0.54048,-1.5463,-1.263,0.044613,0.2763,2.0862,0.15753
1.9779,-0.029192,-0.63352,-1.475,-0.35693,-0.21729,0.98798,1.5029,0.067833,-1.533
0.79527,-0.52907,-0.12333,0.79591,-1.0302,0.94385,0.8005,1.6918,2.1439,-0.11959
1.0374,1.9875,0.90441,-0.85583,0.89821,-0.10195,-1.0834,-0.791,-0.28381,1.1419
2.3603,-1.728,-0.12875,0.64752,1.6627,0.09345,1.7691,1.4398,0.54528,0.56572
1.1754,1.437,0.40284,1.1727,-0.64605,-0.30713,0.98696,-0.9345,0.084833,-0.18324
0.39774,0.88884,-1.2054,1.586,-0.91235,0.059046,-1.361,-0.14687,-0.47323,-0.27291
1.9512,1.1269,1.294,0.84263,-0.65632,-0.4046,0.05502,0.95945,0.25712,-0.50338
-0.90466,1.3095,0.32159,1.2384,1.6579,-0.87608,0.33897,-0.86192,0.62455,-0.87666
-0.68215,-2.5114,1.2348,0.12557,-0.52274,-0.58847,-1.1412,0.0695,0.69745,-0.31869
2.0183,0.47043,-0.40668,1.4461,-0.052471,-1.7091,0.35838,0.28531,-0.40623,0.19946
0.45434,0.038762,0.97103,-1.1443,-1.3997,-1.2739,0.63262,-0.39452,-1.9183,-0.29272
-0.042104,0.038273,0.0382,-1.0499,0.79074,-1.2272,-0.33006,0.17787,0.85304,0.49141
0.45817,-0.72463,1.2628,0.57729,1.2596,-0.73491,0.076255,-0.46207,0.23216,-0.80691
-0.26414,-1.6223,0.47223,-1.9128,0.15549,0.49662,0.43243,-0.78965,1.0355,0.11711
-0.29199,-0.96644,0.65192,0.44923,-1.7657,0.80969,-1.1098,0.74072,-1.0862,-0.28149
-0.3868,0.37246,1.4291,1.4943,-1.3025,-0.73465,0.97341,-0.39948,-0.71201,-0.64335
-0.55399,0.059675,-0.17178,-0.50039,-0.73423,1.4872,1.0118,0.17906,0.47245,-0.1347
-0.94373,0.58917,0.452,0.21495,0.29097,0.0019878,0.45087,-0.10451,1.4816,-0.47348
-0.059848,0.78176,-0.62377,-0.28119,-1.2725,-0.056653,-0.86898,-0.75263,-0.26026,-2.0639
-0.57468,-1.1111,0.18122,-0.45958,-0.61289,-1.2267,0.85731,-0.20136,-1.5276,-0.049357
1.4419,-0.014968,-3.1004,0.61037,-0.76994,-0.97472,-2.0697,1.0841,-0.15099,0.95374
0.23553,0.50481,-0.93852,0.60194,-0.11737,-0.076211,-0.20442,1.5722,0.013616,-0.80668
1.0214,-0.82605,0.14611,-0.48,-1.04,-0.83639,0.62439,1.0001,1.4227,-0.043804
-0.13983,1.4611,-1.2415,-0.19701,1.434,0.25525,-1.2071,0.11499,0.66162,-0.25721
-0.081551,0.87844,-0.54864,-0.93774,-0.74751,1.3803,1.8134,0.64314,-1.6573,-0.38377
1.2582,-0.3786,-1.0735,-0.39807,0.53704,2.0412,0.99491,-0.92553,-0.61476,0.0046843
1.4685,0.092152,0.29562,-0.0081237,0.85433,0.75393,0.57901,0.58045,1.173,-1.3677
0.032941,0.62084,0.1591,0.66776,0.21121,1.3607,1.2003,1.283,-0.7352,-0.17163
1.6925,-0.65448,0.31015,-1.9137,2.2748,-0.34526,2.1515,0.77528,-1.1967,-0.069929
0.47573,-1.886,-0.083246,1.9951,-0.70085,-0.00050382,1.3846,2.2155,1.1473,0.073164
0.36853,0.42951,-1.0124,1.6625,-0.49287,1.1009,-0.96504,2.2406,-0.10716,-0.37924
2.192,0.070602,-0.08953,0.91153,0.58886,0.60856,1.7295,0.86472,-1.0067,-2.8798
1.5357,-1.2105,-1.6998,-0.42764,2.1277,-1.0549,-0.011142,-1.3696,-0.61954,-1.0251
0.90726,1.3645,-0.68527,0.73004,0.3497,0.43738,-0.60818,-2.5983,-0.44777,-1.1437
0.40226,0.52416,0.38187,0.94498,-2.5174,-0.53281,-0.37626,1.8811,-0.016639,-0.60791
-0.53838,-0.050833,-1.5859,1.3183,1.0964,-1.0503,0.50795,1.1165,-0.50475,-1.4112
-0.11522,0.56964,-0.15682,-0.35078,0.045422,0.00075413,-1.3743,0.62538,1.1449,-0.014639
1.822,0.098804,1.8952,-0.17029,0.83908,-1.6022,0.13761,1.0032,0.82797,1.7831
-2.0215,-0.61043,1.1369,2.0079,1.2208,0.086223,1.0104,0.14309,-0.6088,-0.40475
-0.63698,-1.7135,0.089174,0.50068,-1.3083,-0.56857,0.207,1.0014,-2.235,-2.4365
-0.1888,-0.42861,-0.19582,-1.6638,-0.36384,0.37708,-0.1031,0.65728,-1.8143,0.9321
0.14828,0.34723,-1.0529,0.6746,0.061033,-0.077238,-0.19518,0.51781,1.28,0.63712
-1.7839,-0.98494,-0.050422,0.57169,-0.41301,0.85307,-0.13574,1.6253,-1.0881,-1.6664
0.52907,-1.0176,0.13869,0.7792,0.62728,-0.1713,0.78529,-0.9647,2.2752,-0.91965
0.72973,1.3531,-0.36381,0.002324,0.99586,-0.1716,1.8162,0.37477,1.409,0.21978
-0.94013,0.68185,-0.25875,0.78095,0.54718,1.425,0.052184,1.1597,0.31544,-0.85542
-0.25929,0.72209,-0.70858,0.10763,0.12414,0.78515,-1.0363,-0.27516,0.69277,1.5944
-1.2135,-2.1486,0.59714,1.1098,-0.78758,0.80646,0.036827,0.50148,-0.017047,0.89695
1.6245,-0.55095,1.0175,0.31798,-0.8162,0.54512,0.38624,0.39122,-0.067054,-1.3127
0.37351,1.2133,-1.8739,0.24854,-0.61363,-1.9774,0.94633,1.1281,0.3262,-0.56621
-0.25089,0.33919,0.2692,0.10383,0.79139,-0.057688,0.36346,0.0082098,-0.3168,-1.0963
-0.92546,-2.0446,0.64112,-0.77693,0.56876,-1.4238,1.4558,-0.37919,0.94573,-0.99484
0.09866,0.88762,-1.3848,2.319,0.18601,-1.1475,1.2396,0.32842,-1.1459,0.37685
1.6843,0.089337,0.022118,0.32926,-1.3488,-0.79322,0.13572,0.62365,-1.6974,1.8701
0.27526,1.0526,-0.5024,0.31688,-0.099026,2.1158,-0.64017,-0.36381,0.263,-0.011692
0.35329,-1.7465,0.030075,-0.33565,0.49907,-1.0303,-1.7909,-0.75175,-0.54928,0.2245
-1.2004,0.9058,1.4854,-0.011984,-1.1094,-0.42908,-1.7819,2.2505,0.5016,0.17366
0.16613,-0.42693,0.99451,0.60358,1.3485,-0.12701,-1.2274,0.33915,-0.66053,0.71205
0.77616,0.44305,2.1372,0.4647,0.2006,1.4437,1.0428,1.7112,-0.38349,2.069
-1.3814,-1.9962,0.96073,-0.67625,-1.5638,-1.3735,-0.0071171,-0.71896,1.1523,-0.22652
1.1283,0.53012,-0.18591,0.024392,0.19086,1.5393,-1.103,-0.45895,-1.8887,1.9373
2.4654,-2.3868,2.0566,-1.5831,-1.5987,0.22321,1.0408,-0.12551,-0.64923,-0.86989
-1.5579,0.31851,-0.49901,-1.0665,-0.20858,1.1076,0.38702,-0.066582,0.097172,-1.0136
-2.0666,0.0056632,-0.59235,-0.31504,0.93306,1.8578,-1.5689,-0.48632,-0.16233,-1.0085
-0.072599,0.063688,-0.75911,0.31159,-0.69122,-0.58647,1.6357,-0.87352,0.59449,1.5099
0.75911,0.86103,1.9736,0.88054,-1.2263,0.031316,-1.3175,-0.92179,-1.0512,-0.24585
-0.081664,-0.4021,-0.086715,2.0733,-1.0667,0.69679,-0.77061,0.046989,-0.18682,-1.022
-0.15847,-0.41003,-0.42595,-0.66446,0.21145,-1.404,-1.5641,-0.3695,0.17827,0.19542
0.006498,0.19502,1.3328,-2.5028,-1.4828,-1.0557,0.63705,1.4658,-0.24602,-0.5702
-1.0646,1.3941,-1.4852,1.5101,3.1253,1.5085,-1.5135,-0.40612,1.373,0.21609
-1.6439,-0.46775,0.63121,0.85399,-0.73716,0.28813,0.16946,1.0577,0.65837,-0.56463
1.5815,-0.7125,-0.069962,1.0949,0.058185,1.697,0.063953,-0.4965,1.7379,-0.2628
0.29261,-1.4448,-0.72261,0.86911,-1.3581,-0.61532,0.64088,1.7058,2.5012,-0.48334
-1.1876,1.5976,-0.87243,1.1242,0.43634,-0.0021625,1.5209,0.16164,0.026767,-0.36866
1.0759,0.71674,0.07643,-0.41811,-0.78604,-0.16923,1.9897,1.2185,-1.0309,0.93958
-1.2974,0.41897,1.0013,-0.43797,1.2553,1.045,-1.0905,-0.35588,-0.29751,-1.1756
-0.12177,1.4398,-0.37861,-0.13373,-0.084661,-0.25093,0.83379,-0.87057,0.41034,-0.95061
0.74077,0.22691,-0.89179,-0.92623,-0.021769,1.3413,-1.9196,0.068401,0.056233,-0.71431
-0.84072,-0.68495,1.0889,-0.15715,1.0435,-0.24226,1.4314,0.89795,-1.4346,0.93828
-0.34947,-0.37196,0.095031,1.1163,-0.10704,0.2288,1.1702,-0.74472,0.803,-0.12613
0.029632,0.66749,1.5203,-0.070539,0.79504,-0.58555,-1.5414,0.039131,-1.122,-0.68912
1.9524,1.9639,0.52862,0.64877,-1.2615,-0.76404,-0.10593,0.20123,0.013861,0.31223
0.45902,0.7073,0.42051,-0.067206,0.11008,0.65357,-1.5802,-0.3616,-0.83324,-0.051766
-0.39931,-0.26123,0.039384,-1.0819,0.9847,0.060364,-1.0988,0.34996,1.2349,-0.86206
-0.22538,-0.0064493,-0.23196,0.97259,0.31888,0.39672,0.083765,-0.7579,0.027195,-1.5688
-0.28028,0.4234,-0.12703,-0.48,0.1989,0.40179,1.3026,-0.059804,2.5976,0.58361
1.3067,-0.29028,-1.6919,-1.075,0.31414,1.4374,-1.1542,-1.2088,-0.67968,0.68923
-0.28438,-1.5468,-0.47422,-1.0521,2.4774,0.010175,0.13528,-1.472,-0.64396,-0.38303
-0.79171,-0.74311,-2.2665,0.52045,-1.0477,0.55218,0.8823,1.2606,-0.36454,-0.52053
0.24062,-0.70108,0.52954,-1.0595,0.72624,3.0035,1.8138,0.20993,-0.71747,-1.4292
-0.094646,-1.0777,-0.39064,1.148,-0.27211,1.4308,1.3357,0.4249,0.50804,-2.2922
0.79323,-0.5265,-3.1058,-0.013214,0.38089,1.8963,0.57513,-0.53292,0.31955,-1.0889
0.95944,0.056874,-0.76832,-0.096247,-0.9679,0.49908,0.87414,-0.10593,0.25821,-2.192
1.0871,-0.97044,1.4066,0.04794,0.15712,1.1567,-0.17781,-1.1541,-1.0331,0.18429
0.64717,-0.29868,2.1076,0.8558,0.45649,0.61187,-0.66483,-1.5144,0.87983,1.0881
0.63255,0.8733,-0.19515,-0.94168,-0.84865,0.095174,-0.88333,2.232,0.078729,1.1644
1.9033,0.50126,0.94234,-0.015986,-0.22406,1.5253,0.53078,1.297,1.1696,-1.018
-1.16,0.44656,-0.047158,1.3454,1.7245,0.86085,0.42644,-0.20123,0.97285,0.76897
-0.34731,-0.15577,1.106,0.3843,1.5597,-0.57811,-2.4239,-0.029006,-0.33595,-0.78139
-1.6951,0.50049,-0.61813,0.059649,-0.6485,-1.2285,0.15173,-0.41626,-0.80341,0.84507
0.91939,-0.70762,0.081455,0.14837,-0.14132,0.13414,2.3236,0.0068173,-1.6837,0.0057972
0.021531,-0.12594,-0.41557,-1.1093,1.129,-0.63386,1.3812,1.3359,1.762,-1.5008
-0.29934,-2.279,0.78151,-0.13159,-0.15559,-0.42988,0.15188,-0.82376,-1.2599,1.258
-1.721,0.31795,0.11379,0.66755,-1.5678,-1.0977,-0.43693,1.2524,-0.40174,-0.74494
0.18343,-2.0059,-0.46938,1.504,0.34215,-0.70618,2.3426,0.83193,-1.5668,1.2649
-0.25973,-0.75338,-0.95753,-0.43829,0.29797,-0.75855,0.12173,-0.77726,0.1854,0.57026
-1.3548,1.3096,-1.7594,-0.70645,0.61275,0.4395,1.1745,0.96804,-0.010699,1.3336
-1.1574,1.6714,0.066634,-0.67497,-1.0257,0.30543,-0.771,0.78907,-0.41844,0.89733
-0.76199,1.5631,1.1002,-0.0004867,-0.56196,-0.74727,-0.65751,0.25321,-1.1581,0.3854
-0.2503,-1.0908,2.2502,1.0599,-0.085534,-0.60446,-0.47938,-0.39499,-0.40313,0.60329
-1.6488,-0.76348,0.50846,0.36014,0.37373,0.11748,0.67686,-0.43935,0.57454,0.32954
-0.18199,-0.13802,-0.79582,0.63911,-1.5141,0.34014,0.23598,0.97885,-0.53721,-0.36244
0.61569,0.04207,0.024659,-1.2406,0.80164,-1.8288,-0.6553,0.21514,1.0037,0.42155
-0.37667,-0.09749,0.52233,-0.20466,0.15155,-0.96109,1.0971,0.72252,0.9204,-0.54936
-0.69804,0.77649,-1.0699,1.0823,1.4456,-0.99417,-1.42,-1.1657,-0.33523,-0.59318
0.30412,0.011381,0.15148,-0.55504,3.6714,0.82323,1.2659,-0.18004,0.80451,-0.22747
1.1011,1.0367,-0.57147,0.14771,-0.12642,0.25743,0.81068,-0.010606,0.98815,-1.3813
-0.44661,0.37521,-0.35962,-1.005,-0.81945,-0.0043968,-0.19869,-0.34621,-1.9674,1.3195
-0.46671,0.2712,0.083496,-1.2871,-1.0196,-0.20102,0.74982,0.69308,-0.3937,-0.43819
-1.4358,-0.47167,-0.23466,0.011115,-0.39241,0.24656,0.029968,-0.91635,0.52846,-1.3807
-0.97772,0.45587,-0.81558,-0.25452,1.5518,-0.74214,-0.61291,1.1683,2.6992,-0.46128
0.60589,0.89476,-1.175,1.6843,-1.0312,0.056888,0.91823,-0.33641,0.14059,1.6756
-0.11365,1.3605,-0.62642,0.45161,2.733,-1.1989,-0.73393,-1.4195,-0.44059,-1.3864
0.76456,0.57132,-0.89384,-0.24336,-1.0383,-0.4354,1.5512,-1.5734,-1.457,0.31483
0.6699,-1.5582,0.63463,-0.5707,0.34644,-0.58583,-0.66373,0.26337,-0.25556,0.60258
0.37578,1.8504,-0.39742,0.19529,-1.7156,-0.5651,1.3062,-0.55875,0.49405,0.8284
0.76665,-0.55571,0.70192,0.10395,-1.3587,-0.49441,0.33166,-1.4566,0.48986,-1.4428
1.5235,0.70504,0.68271,1.283,0.21458,0.90277,-0.85924,-1.0871,0.097918,0.35765
0.57682,-2.8406,-0.3348,1.4795,-0.84735,0.20781,0.022308,0.28205,1.1119,0.9491
0.42597,2.4635,-2.045,0.33953,1.4885,1.6866,1.9533,-2.8509,2.458,-1.7086
-0.042931,-1.1663,0.79686,1.1015,-0.62293,-0.28569,0.6935,1.2125,2.271,-1.0197
-1.2423,-0.70377,0.20283,-0.39278,0.92761,-0.3638,0.34713,0.35798,-1.945,0.16746
-0.50495,-0.33767,0.19209,0.81826,-0.59948,0.99993,-1.2638,0.59832,2.5968,0.38863
0.32585,0.30608,2.0337,-0.18669,-3.636,-0.17041,0.78087,-1.1641,-0.014693,-0.22514
-1.1114,-1.0591,-1.3057,-1.4061,1.1335,0.078185,-0.22638,1.1112,-0.52872,-0.35683
0.46818,0.99031,1.6556,-0.59115,0.4354,-0.35072,-0.36982,0.94848,-0.20196,-0.40449
0.32261,-2.0262,-1.0308,0.85182,-0.13061,-0.5532,-0.18506,0.16939,0.0064226,-0.18764
0.10002,-0.027835,-1.3063,0.85405,-0.21679,-0.071405,-0.46263,-0.73604,-0.26348,0.66666
0.30143,0.10573,-1.1514,0.43217,1.0826,0.042714,1.3385,0.40606,0.40768,-0.51659
0.023824,-0.30863,0.68967,-0.9655,-1.5195,-0.87598,-0.57798,-0.64877,-0.27573,1.5599
-0.022055,-1.8196,-0.87796,0.78251,-0.18304,-0.69079,0.11052,-0.94821,0.93445,0.10048
-0.0087579,0.32654,0.74747,-0.40134,1.0153,0.78874,-0.76917,-0.13122,-1.3808,0.81148
0.92946,-0.95555,0.1037,0.18316,-0.82841,0.77647,2.0337,-0.7846,-0.41847,-0.19043
-0.090432,0.65635,-0.80376,-0.82183,0.17158,-1.1143,1.1534,-0.58744,0.91615,0.24755
-2.6411,-0.23737,0.73751,0.40238,-0.25735,1.6969,0.84968,-1.3443,-0.27334,1.479
-0.48615,0.81391,0.99648,0.71208,0.51636,0.52809,1.5389,-0.80216,-1.1199,-1.3036
0.19597,0.71642,1.3709,0.27868,-1.3817,1.6211,-1.5875,0.18702,1.1201,-0.7678
0.95972,0.25971,-1.8087,0.31164,0.83147,1.6987,0.47959,0.99389,0.17574,0.61714
1.3803,0.24343,-0.79031,1.4981,-1.6709,-1.1709,1.1195,0.48053,-0.48785,-1.1275
-0.94146,-0.24467,0.09423,-0.053667,0.80236,0.14792,-0.42256,-0.39115,-1.6767,-0.39787
0.76087,0.69818,-1.2159,-1.0643,0.060846,2.2234,0.21352,-0.46245,-0.12927,-0.30855
0.23792,-0.899,1.2615,0.44398,0.25236,-2.0493,-0.11268,1.4874,-0.027811,-0.19507
-0.20837,-0.14336,-0.084115,1.5549,-1.5283,-0.19426,1.9276,-1.4939,-0.29776,-0.93743
0.024739,-0.1167,-0.49152,1.2578,0.32533,-0.43184,-0.74306,-0.64078,0.23611,-0.83667
-0.028091,-0.4276,0.11196,2.0051,-0.026626,0.59176,1.5994,-1.227,0.35537,-0.17976
0.14036,-0.4117,-0.65312,-0.41141,-0.2001,-1.7057,-1.791,-0.52756,-1.3229,1.1523
0.23759,-0.55613,0.70473,-0.91306,-1.3233,-0.88726,0.024839,2.2149,-1.467,0.86525
-0.67155,0.53903,-0.68755,0.40745,1.6623,2.9071,-1.7233,-1.4734,1.5703,0.77653
-1.045,1.4566,-0.29878,0.63168,1.1279,0.58822,-0.73372,1.029,1.5266,0.23695
0.96577,1.1091,0.55561,-1.4911,1.026,0.38494,-0.25355,1.597,0.065875,-0.95585
-0.21976,-1.3131,-0.56053,0.36629,0.97417,0.093529,1.6848,-0.11398,1.0461,0.52524
1.4145,0.13157,-0.95205,0.6595,-1.7448,1.9499,0.99921,0.34517,-0.87794,2.4295
-0.92419,0.3942,-0.36434,0.56762,-0.91314,-1.1342,-1.1967,0.77216,0.30088,1.6035
-0.59414,-0.86064,-0.49537,0.31231,1.1424,-0.26456,-1.4556,-1.1972,-0.29303,0.99349
1.4213,-0.15905,-0.26369,-0.18398,2.095,0.58714,-1.7479,-0.4184,0.94629,2.1097
1.4076,0.67709,0.24136,0.88582,0.39522,-1.1517,-0.43878,-0.30746,-0.87623,-0.28514
-1.029,-0.96812,-0.75139,-0.45567,-0.00077717,-0.50667,-0.55325,-1.1738,-1.22,-1.0869
0.20651,-0.031549,0.7332,0.46905,0.80279,-0.16991,0.65123,-0.40623,-1.0078,0.54537
1.3411,0.9179,0.70122,-0.20109,-0.65014,-0.31575,1.081,0.0089916,-0.34581,1.9391
1.3327,-0.098745,-0.37272,-0.21503,-0.3342,1.1693,1.1615,0.29853,-0.15064,-1.0962
-1.2849,1.0597,0.33043,-0.38617,-1.2965,-1.466,0.17002,-0.20914,0.40278,1.9507
1.6184,0.46426,-0.17564,-0.90644,0.1674,2.2005,1.0357,-0.13671,0.91429,0.74276
0.66164,-0.67322,0.53558,0.91521,-0.26851,0.23843,-0.031344,-0.99329,0.43415,-0.19642
0.22735,1.4761,-0.36254,-0.80433,1.1739,0.40307,0.064241,-0.18886,0.63628,-0.63669
-0.22558,0.1897,0.38476,-0.60609,1.3731,-0.27773,-0.7078,-0.86883,0.3229,0.49861
-0.96599,-1.3834,0.22834,-1.4683,-0.7114,-1.025,-0.10322,-0.77362,0.59251,-0.55114
0.095018,-0.78488,0.49492,-0.75336,-0.89025,-1.6656,0.85894,0.21271,0.69578,1.055
-0.25673,-1.0165,-0.69155,-0.51034,0.077089,0.19988,-0.81535,-0.79699,-0.70804,0.0073608
2.3101,-2.3168,-1.4861,0.40404,0.204,0.60174,0.0083913,-0.039904,0.3481,-0.42513
0.19006,-0.11138,0.16167,-0.37999,-0.91171,-0.15171,0.21456,-1.2606,-0.85993,-0.80297
-0.1734,0.22396,0.24421,1.5509,-0.65205,2.1519,-0.68891,1.5782,-0.74669,-1.053
-0.014029,0.49346,-1.6635,0.61838,0.1215,-0.87456,-1.0438,-1.0286,0.26492,-0.081286
-0.61274,0.46799,0.77678,-1.3815,-0.11932,0.29885,-0.49731,-1.1457,-0.57616,-1.5215
2.0718,0.45131,1.1443,1.2392,0.21995,-0.73929,-0.93759,-0.34321,-0.41121,0.48587
0.63702,-0.76818,-0.52898,-1.2801,-2.2694,-1.238,0.1033,0.23938,1.3206,-1.4523
0.074894,-1.1061,-0.95713,0.37412,-0.05351,-1.323,-0.9215,0.55438,0.657,-1.439
1.1233,0.3286,-0.56361,0.3698,-0.48137,-0.54941,-1.7576,-0.078174,-1.7865,1.6516
-0.033128,-0.65394,-0.95828,0.93189,-0.41422,-0.17476,-0.046228,0.07802,-2.0994,0.30166
-0.097748,0.12424,-0.5109,-0.43039,-0.030498,1.7316,-0.91575,0.7131,0.7393,1.964
-0.55662,-0.57918,0.20581,-1.0298,-0.14657,-0.53469,0.20343,-1.048,-1.2657,-0.15835
-0.6155,-0.23761,-0.071686,-0.56595,0.35428,0.79991,-1.3534,-0.40268,0.355,0.9723
1.6046,1.0651,1.2505,-0.091646,0.57503,0.72692,-0.1328,0.76607,0.10087,-1.6911
0.7685,-0.61024,-0.70989,-0.69155,-0.35792,-0.62132,1.0162,-1.2788,0.44593,-1.5387
0.086933,-2.5358,-1.2851,-0.17929,-0.39819,0.72474,0.52668,0.15787,-0.11336,-0.35987
1.7044,-0.38775,-0.26638,-2.2004,-1.5703,-0.2739,0.010578,-0.93815,0.98513,0.70321
0.023634,0.17952,1.0753,0.078408,0.253,0.52857,-1.4069,-0.68887,-0.077605,0.22845
0.29004,1.1163,1.1563,-0.89085,-1.1825,0.88926,-0.43699,0.9522,-0.47388,-2.6691
-1.4199,-0.32391,-1.3628,0.057808,-0.67798,-0.053978,-1.3047,0.15537,1.2086,-0.18136
0.47527,-0.013372,-0.94967,-1.2079,-0.2198,0.27974,0.43779,-0.4671,-0.16424,-1.2526
-1.4473,0.5237,1.1616,-0.28186,-1.1637,-0.59907,0.0042115,-1.6819,-1.7466,1.0748
-0.98828,0.61672,0.92328,0.48067,1.0472,-0.085376,-0.82231,0.60145,0.8678,0.71552
0.94938,1.0946,-1.5986,0.76926,0.10205,-0.30041,-0.34623,-0.46423,-1.7576,-2.1782
0.35122,-0.88465,-1.8025,-1.2563,0.59551,0.27196,0.58265,-0.23058,-0.094601,-0.34267
-0.87228,0.54899,0.92343,-0.71888,0.10603,0.53335,-0.12027,0.66176,-2.3564,-1.35
-0.39813,-0.58036,-0.39738,0.41555,0.31559,0.22816,0.57776,1.0997,-1.5525,-0.1861
0.25644,0.1048,-1.415,-0.42064,-0.34011,0.77127,0.4384,-0.1662,-0.99539,-1.8965
0.22003,1.3037,0.0084488,-0.12011,-0.46443,0.33427,0.053009,0.19378,0.92842,-1.147
-1.7114,-0.50537,1.0242,1.3361,1.5382,-1.5487,-0.16543,-0.60038,0.70652,1.9554
-1.2058,1.5333,1.4172,-0.47514,1.2035,0.09258,-1.1696,1.5319,-1.4831,-1.4066
-1.7729,-0.041642,-2.1384,-0.38254,0.45406,-0.66764,0.20531,-1.2959,1.8669,-0.72288
-0.072492,-0.57739,1.3879,1.1708,-0.1699,-0.02418,-0.14273,0.27624,-1.9501,-0.79323
-1.7211,0.68498,0.017449,-1.1896,-0.82449,-1.2021,-2.1527,-1.5652,-0.68982,-0.23035
0.70188,-1.0023,-0.86024,-1.2927,-1.6203,-1.3859,-0.6671,-0.4349,0.71976,0.30568
-1.0055,-0.45436,0.28619,0.039244,1.2306,0.64885,-0.64245,-0.34603,1.8406,-0.12574
-1.1064,-0.34608,0.46307,1.4485,-0.13678,-0.12191,-0.28979,-0.18811,-0.03742,-0.057389
1.7906,-0.87275,-0.41496,-1.5281,0.83359,-0.10311,0.011922,-1.8844,-1.9273,-0.26645
2.1624,0.63119,0.93069,-0.16275,1.4761,-0.90808,0.82969,0.57431,0.62612,0.50051
-0.81928,0.97601,0.064257,1.0207,-1.4564,-0.96178,-0.29226,1.5994,-0.15052,0.0039754
-0.03705,-0.65841,1.081,2.0634,-0.77451,1.7235,2.6775,0.27539,-0.13823,-1.8839
1.963,0.78317,1.0855,-0.60662,-0.28924,1.007,-0.40831,-0.64395,0.7476,2.9239
-0.54027,-1.026,0.12166,-0.16954,-0.69895,-0.0065061,-0.69135,-0.33565,-0.35231,0.080128
1.7175,0.55592,1.7234,1.101,-1.2047,-0.77189,0.75926,0.23701,0.67373,0.56588
0.81981,-0.85709,0.45283,-0.21462,0.074027,1.002,-0.92107,-0.38708,-0.11778,0.89889
0.055521,-0.86229,-0.64669,0.30546,-0.49668,-1.1803,-1.606,-0.45224,0.8657,-0.012477
-0.35313,1.0418,0.42107,-0.63076,-0.63126,-1.9906,-0.75963,-0.23512,0.67912,0.96949
1.6931,-0.40807,-0.47205,-0.38354,0.022207,-0.060641,1.9911,0.59292,1.4915,2.1697
0.71105,-1.1724,0.12495,-0.23202,0.28278,2.4376,-0.053327,-1.645,0.72246,0.23063
-0.63276,0.047507,-0.33244,0.075026,-0.89621,0.7858,0.61634,-0.57078,-0.20776,0.38271
0.39273,-0.9968,0.16395,-0.26658,-0.14504,0.73035,1.3951,0.90596,-1.2327,1.0524
-0.87796,-1.8438,1.3924,0.47647,-0.89395,-0.7335,0.42832,0.73154,0.24284,-0.44592
0.14895,-0.3233,1.4343,-0.071484,-0.24102,0.64249,0.43807,0.64327,-0.48385,1.1356
1.5319,-1.7407,0.93983,-0.18638,0.42579,-1.0103,-0.15052,0.49183,1.6012,0.27606
0.53185,-0.15884,0.3177,-0.49409,-0.12262,-0.032414,0.22119,0.78827,0.27456,0.10449
-0.75967,-2.3952,-0.86781,1.6433,-0.52197,-0.6894,-0.74568,-0.70583,0.38697,1.4544
0.34798,-0.76868,-0.12907,-1.66,-1.7291,-0.41887,0.87882,0.31127,1.2173,0.073089
-0.6978,-0.35274,-0.22325,-0.04156,0.068861,1.5269,-0.17505,0.4267,-0.070645,-1.0036
2.0193,-0.33889,0.36402,0.66499,-0.44153,0.45046,1.1485,-0.98615,2.4772,-0.62199
-1.7937,0.081963,-0.2228,0.2447,0.1999,0.91029,0.51196,-1.1759,-1.6505,0.56885
-0.65951,-1.2058,0.27461,-1.183,0.95838,0.70284,-0.3621,-1.08,-1.2546,-1.0211
0.77145,0.14085,1.174,-0.24254,0.27317,0.2117,-0.3822,-0.43369,-2.2214,-0.4741
-0.82034,0.17355,1.7633,-0.9808,-1.018,1.4686,1.3359,1.0669,-0.54582,-1.5427
0.017888,-0.70918,0.53467,1.7779,-0.92633,-0.30684,0.46516,0.1355,0.49291,-2.1449
0.65454,3.5805,-1.0965,1.7628,0.21404,0.46472,-1.8563,-0.45659,0.015023,-0.58614
1.2577,1.1861,-1.096,-0.10285,-0.77496,-0.67085,-2.0513,-0.037281,0.83352,0.14155
-0.92708,0.92513,-0.22763,0.34976,0.051492,0.95172,1.1173,-1.2108,0.61981,0.28346
-0.16988,0.013909,0.58129,-0.58834,-0.96959,-1.1557,0.05731,-1.0242,0.39782,0.80363
-0.47167,-1.8636,0.52179,0.48381,0.47585,-1.2026,1.3199,0.98445,1.4176,2.017
-0.11423,-0.85853,0.37574,-0.65209,-0.48664,-1.0468,0.69225,1.6783,-0.50634,0.75401
0.36949,-0.601,-1.1625,1.3739,-0.48608,0.14534,-0.88481,-0.15093,1.2981,1.6746
-0.61862,0.2526,-1.2046,-0.29918,-2.1319,0.82743,-1.13,0.0077305,0.088333,0.73163
0.80012,-0.80784,1.1921,1.7295,-0.43154,-1.1526,-1.1971,1.1968,0.87989,-1.0827
0.4267,0.2205,0.016807,1.7958,0.11639,1.7192,-1.1186,0.23499,-0.44281,-0.53791
-0.47233,0.80694,-0.097772,0.68961,-0.10221,0.2547,-1.2413,1.3313,-0.0045642,-0.45558
0.27595,-0.32116,-1.3134,0.06591,0.241,-1.0955,-1.6854,0.81236,-0.21054,-0.6028
0.98423,-1.2728,0.69425,0.53294,2.0773,0.40907,-0.50355,0.95993,-0.56553,-0.33498
0.99311,0.15048,0.03466,-0.52726,-1.7966,0.46013,-0.1025,-0.85518,0.30343,-0.25477
0.66821,0.37533,-0.16823,-1.8486,-0.63019,-0.2683,1.0363,1.6975,-0.33426,-1.1833
-0.064998,-1.4203,1.3105,-0.033159,1.846,0.76227,-1.0507,-0.22696,2.2392,-0.23816
-0.6201,1.2022,-0.56961,-0.52945,0.71633,-0.24405,-0.49282,-1.8004,-0.78598,0.58925
0.2241,-0.040897,-1.1812,1.2723,1.0398,-1.2641,-0.3768,-0.46344,0.26565,0.73442
-0.46614,-0.69691,-0.055674,0.048472,0.37645,-0.051009,0.41843,-1.2659,-0.51822,-0.61358
-0.33209,-0.4593,3.0417,0.97563,0.76504,0.41909,-0.3844,-0.37279,-0.57532,0.2899
0.92481,0.91976,0.094929,0.38414,-0.32423,-0.65563,0.99754,-0.86954,1.0627,0.27136
1.447,0.00050391,-0.87264,0.059064,0.95771,0.30526,0.11072,0.091131,-1.0385,-1.8131
0.59583,-0.12738,-0.72491,-2.8684,-1.6743,-0.6831,0.40867,-1.3667,2.2896,0.32462
2.0533,-0.66668,0.26664,-1.5754,0.41231,0.73112,-0.093548,-0.13298,-0.085519,-1.0047
-1.5293,0.30295,0.82932,0.36513,1.1023,0.11655,0.023021,0.2104,-0.69251,-0.60732
0.022688,-1.0335,-1.2127,1.4215,0.55978,-0.90355,0.032454,1.3271,0.28259,0.013704
0.095285,0.20373,0.58376,0.54321,0.25379,-0.19362,1.1443,0.51948,0.5482,-0.090428
1.6145,3.4088,-0.34387,0.77855,0.88388,-0.44117,-0.62419,-1.2373,-0.95558,0.14968
0.50127,-0.072514,0.77559,-0.66584,-0.051241,1.0054,0.77773,-1.6901,0.18625,-0.24251
-0.32384,-0.62253,0.23268,0.11034,-0.33596,-0.87818,-1.1292,-0.50785,0.58908,0.56674
0.55422,0.8046,0.29174,0.042809,1.1067,-1.9546,0.24356,1.2378,1.7813,-0.56105
0.64244,-0.72681,1.4587,0.38734,-2.2106,0.19899,-0.66104,1.8362,0.53116,0.20316
0.18263,-0.62144,0.057603,0.0065286,-0.3313,-1.6733,0.36413,-0.0013228,1.706,1.0088
-2.0275,-0.24672,-1.5025,-0.46738,1.0866,-2.2094,-0.38734,-0.19325,0.27098,-0.1922
1.0231,-0.12956,1.7457,-2.3394,-0.56332,0.32881,-0.11871,0.025079,0.67659,-1.3411
-3.4915,0.21946,0.36472,-2.9263,0.11894,-0.077277,-2.2142,-1.7766,-0.81503,0.67587
0.10949,0.49865,0.44115,-0.014319,1.0687,0.86207,0.12061,-0.4694,-0.90263,-0.25878
-1.5513,0.10206,0.58825,-1.2327,0.96636,-1.6272,0.86203,1.2747,-0.23799,0.55012
-0.35511,-0.90577,0.074745,1.6142,-0.088096,0.5434,0.1746,-0.23974,0.81888,0.84306
1.3986,-0.33442,-1.7073,-0.59854,-2.6885,1.2143,-0.28429,-0.39178,0.18901,0.83251
-0.51347,-0.28571,0.23863,-0.18875,0.30684,0.454,1.5268,-0.68235,0.60334,1.0493
1.9172,-0.30101,-0.90332,-0.90474,0.018787,0.21515,1.625,0.19994,-0.87525,-0.42482
0.77841,1.382,1.1206,0.53821,-1.5212,1.6494,-1.3871,-0.22436,1.6463,-1.0104
-0.24646,2.382,-0.90176,-0.24653,0.90768,0.54304,-0.74239,-1.0386,-1.4526,1.2242
-0.90353,-0.60771,1.4083,-0.55264,-0.75122,0.75415,-1.0225,-1.1479,-0.19498,0.56935
-0.4959,0.072825,-0.25923,0.79503,1.4089,1.0305,0.97326,-0.60682,0.26288,0.15155
0.37449,0.43269,-1.7964,1.5059,-0.77998,0.5352,-1.2154,2.209,-0.88717,1.6488
-2.3705,1.3387,0.021516,-0.25929,0.9263,-1.6953,1.684,-1.0417,0.95464,-0.47739
0.61506,0.18837,1.4149,-0.45329,-1.0866,-0.39986,0.21567,0.74461,0.052156,1.8596
0.27946,-0.14751,0.59852,-0.59378,1.2536,0.95017,1.2491,0.46178,0.57608,-1.0325
0.81887,0.44405,-0.84397,1.6579,-0.18102,-0.51055,1.4646,-0.51589,-1.1749,2.8198
2.0475,-1.3326,0.5848,-1.0597,0.029361,-0.79414,1.4302,-1.5515,-0.35158,-1.3578
-0.32374,0.24554,-2.6663,0.3127,-1.8945,0.022937,0.049418,1.4021,-0.1188,-0.49097
-0.98054,-0.41772,2.4302,-0.75617,0.42288,-0.1213,-0.8439,0.1151,0.46569,-0.06044
1.1796,-1.6974,1.0513,-0.44429,0.51751,0.65092,-1.9023,1.5566,-1.2121,-0.0068779
0.89458,-0.61478,2.1564,1.5168,0.064536,-1.3505,-0.60287,-1.9505,0.40956,0.37641
-0.14293,-0.29508,-1.4594,-2.2108,0.24575,-1.8632,1.3675,-0.3012,0.083365,-1.1792
-0.59347,-0.10103,0.52364,1.2357,1.0872,1.6829,0.092824,-1.6959,0.51284,-0.61813
0.24892,-0.62328,0.9063,-0.14911,1.1916,-1.5652,-1.4204,0.42379,1.6163,-1.4202
-1.1298,0.6754,-0.83791,-1.5824,0.20942,-1.2254,-1.3101,0.58511,0.58823,1.3261
0.066095,0.16053,-0.53506,0.73629,2.0984,0.44322,-1.7974,1.813,1.2333,-1.3263
-0.63792,-1.2681,-2.0864,1.8317,-0.75632,1.4725,0.54846,-0.14729,0.33768,-1.0639
-0.81931,-1.3566,0.75504,0.11462,-0.095342,-1.1131,0.47522,-0.36298,-0.66959,-0.29024
0.96795,0.83559,-1.4181,-0.052378,1.4367,-0.7981,-1.2,0.12802,-0.82225,-0.24328
0.030349,0.63637,1.3802,-0.82602,0.36518,0.29556,-1.4848,-0.060284,0.92759,-1.4148
1.3511,-0.79809,0.27911,-0.47451,0.35489,1.4213,0.89394,-1.0439,0.7651,1.4377
-1.0864,-0.99818,-0.9946,0.1623,-0.36392,0.20216,0.66209,0.83826,-0.3918,-1.0448
0.24027,-0.25545,0.61878,1.5038,-1.3056,-0.93091,-0.047995,-1.0672,0.3302,0.10176
-1.0462,-0.12607,-0.087746,-0.27421,1.5352,-0.91692,-0.78215,0.075125,-0.016653,-0.73893
0.61872,0.063974,0.41146,1.0623,-1.6525,-0.67121,0.9585,0.43762,0.44864,-0.62961
1.305,1.5008,0.94587,1.2432,0.72972,0.73522,-0.082195,-0.74131,-0.96223,2.1709
1.0235,1.4298,0.98721,0.88503,1.1935,-0.68595,1.6422,0.13299,0.47937,0.66911
-2.1154,-0.72892,0.44883,-0.034781,0.043259,0.34686,1.3404,-1.197,-0.79805,-0.010839
0.68173,0.77071,0.22089,1.222,-1.9947,-1.1328,1.8527,0.086139,-0.4391,1.3367
0.0087093,0.90384,1.4181,-2.0476,-0.85569,0.28117,2.5657,0.81223,0.27665,-0.20688
0.33427,0.87262,1.952,-0.4125,0.69153,1.0815,-1.4379,1.7494,-1.7429,0.38387
-0.54741,0.63046,0.52333,-0.73157,-0.83776,-0.57193,-0.60077,0.41155,-1.0656,0.20125
-1.651,0.45461,2.3069,0.25791,1.2265,-1.1855,1.6401,0.8125,1.5427,0.34322
0.89279,-0.3415,-1.2234,-0.24491,0.84137,0.81542,0.66192,-0.35837,-1.4512,-0.82825
-0.50706,-0.64943,-1.383,-0.80859,-0.37043,0.20188,-1.5807,-0.33642,-0.81288,-0.26676
-0.32979,0.28074,1.5168,2.6513,-0.86543,-0.83964,0.054456,0.2515,0.39953,0.012472
0.16835,0.63579,0.046968,0.63621,0.23137,-0.10415,-0.39102,-0.51619,0.10258,0.626
2.5367,0.66022,-1.1642,-0.68394,0.019343,0.51899,0.263,0.73891,0.31194,-0.74734
2.2936,-1.4916,-0.1678,1.2319,0.038992,-1.3475,-0.86737,-1.023,0.1911,1.001
-1.3187,-0.44875,-0.37143,0.37699,1.205,0.18391,0.28326,-0.51941,-0.03147,-0.3081
-0.47413,0.46528,-0.34442,-0.18046,0.5007,-0.52677,-1.3024,-0.34886,2.1076,-1.8733
0.98738,-0.0047279,0.42059,-0.97957,1.6355,-1.0765,0.74793,-1.736,-2.6978,-0.082312
-2.073,-0.36294,0.15129,-1.0818,-1.4412,2.0221,1.2029,0.63011,-0.13125,0.72351
1.244,-0.23249,-1.0095,-1.2921,-1.0959,0.59529,0.14985,0.088334,-0.92052,-0.81746
-0.31524,-0.89144,-0.69817,0.71273,1.0954,0.91146,-0.78813,2.3803,-0.12307,1.7272
1.3993,1.0711,0.57918,-0.91044,-1.4711,1.3514,-2.7236,-1.1869,1.5872,-0.34716
-0.87988,-0.24978,1.9405,-0.32168,-0.84695,0.82046,0.066802,-0.49156,0.2277,0.56068
-0.92247,-1.0934,1.0888,0.93971,-0.93334,-0.1814,-0.81713,-0.33061,-0.18082,-1.0982
2.3144,0.15474,-0.60707,0.84984,0.24963,-0.035555,0.60939,0.052624,-0.63141,-0.34266
0.58801,-0.97187,-0.012775,-0.19917,-0.12047,-1.4253,-0.46053,-0.42863,-2.1297,-0.46953
-0.30977,0.2121,0.47997,0.38435,1.1138,-1.6711,-1.8043,-0.25098,-1.3933,0.65964
-1.033,-0.20071,-1.103,2.1444,0.94249,0.6395,0.56883,-1.1362,1.816,-1.9761
1.1034,0.87734,-0.23154,0.38915,0.62208,-0.025528,0.23881,-0.16099,-0.46623,1.3333
0.34211,-1.3725,-0.42745,1.1309,-0.94776,1.406,-0.34853,-0.059014,-1.6309,-0.90749
-2.264,-0.11727,0.35351,-1.4351,-0.72414,-1.0048,-0.39279,1.3749,0.69071,-1.3748
-0.90329,0.24227,0.32113,0.44553,-0.34803,0.54732,0.20639,-1.4884,-1.8413,0.052877
2.97,-0.78377,0.73283,0.98083,-1.0766,-1.2228,1.6123,0.27952,0.45362,1.4878
-0.011766,-0.0058739,-0.60728,-1.0119,-1.428,2.4171,2.4473,-0.56954,-0.30478,0.70535
-1.9995,0.54659,-0.14556,-1.4152,-1.0753,-0.66731,1.4737,0.44715,-1.4161,-2.3969
-0.88802,-1.1494,-0.51824,-1.6071,-0.88046,0.62771,-2.0322,-0.2264,-0.010188,-0.078697
-0.4199,0.5125,0.38027,-1.0924,0.52691,0.48036,-0.53291,-1.3546,0.81216,-1.656
0.69458,1.3587,0.39849,1.4454,0.34201,0.68737,-0.27486,-2.0316,1.1641,1.4398
-0.16275,0.035963,-0.31479,1.3445,-0.60299,1.706,0.086583,-0.29476,1.1326,-0.97146
0.10158,-1.8049,2.1868,-0.13248,-1.0294,-0.84135,1.6517,0.12389,-0.14606,0.29454
-0.017858,-0.37459,-1.5982,-1.2916,-0.08284,1.0072,-0.45573,1.2782,-1.1002,1.1606
-0.96033,1.6735,-1.5184,-0.54753,-0.22927,-1.2864,-1.461,0.51802,0.01579,1.3944
1.1728,-0.74664,-1.5468,-1.7285,-0.93648,-0.0039959,-0.6456,-0.44622,-0.39295,-0.36868
-0.36527,1.0277,0.11386,-1.6169,-0.43531,-2.7657,-0.13073,-0.1194,-0.2089,-0.9326
-0.46341,-0.35589,-0.69684,0.84516,0.89762,-0.65845,-0.66748,0.24576,-0.55275,0.23829
0.19499,-0.80298,-1.1775,-0.15081,-0.52409,-0.79071,-1.347,-0.76704,0.97633,-1.0077
-0.066947,0.054876,0.29387,0.06677,1.5809,0.4335,-0.57046,-2.6182,-1.3762,-1.1596
-0.52153,-0.33098,-0.95665,-0.91825,0.92989,0.62811,-1.7934,-0.08876,0.52275,-0.50891
0.1271,0.79442,-0.80088,0.61818,0.6688,0.056229,-1.8888,-0.6729,-0.51176,0.098953
2.113,-0.32632,0.0019165,0.69079,0.21394,-0.48642,-0.76756,1.0341,1.4123,1.326
0.54128,-1.4245,0.12433,-0.28293,-1.5471,-0.56834,-0.66609,0.90369,0.85875,1.0597
-0.65509,-0.41841,-0.7165,-0.16965,-0.9085,0.094253,-1.5304,0.10681,1.0538,-0.9551
-0.86953,-1.1926,-1.398,-0.30227,-0.0024782,-1.3322,0.31887,-0.79444,0.38419,2.1939
-0.2389,1.5615,-1.3496,0.056902,0.92937,0.33373,-0.24503,0.62888,-0.66237,0.46282
-1.576,0.68271,1.3574,-0.98085,0.56768,-0.77785,-0.28748,1.113,-2.5305,-0.51966
1.8258,0.55671,-0.69749,-0.22034,0.5255,-1.3574,-0.59265,-1.0972,0.72873,0.037842
0.20427,1.0584,0.015,-2.6319,-0.63096,-0.49962,-1.0404,-0.48459,-1.6714,0.73244
-1.1634,0.051925,-0.77812,1.1029,-1.0665,-1.1873,1.0935,-0.011518,0.38181,0.23236
0.12061,-0.37385,0.79208,-0.40107,0.23314,1.3068,-0.84155,0.34713,0.31052,-1.4296
-1.4435,-2.1028,0.18743,0.88028,-0.67377,0.16918,-1.7571,1.7121,0.47663,-0.34539
0.58235,1.3607,1.2476,-0.69052,-0.81207,0.7767,-0.69191,-0.66709,1.3402,0.78397
-0.18147,-0.411,1.0927,-1.5427,-0.61176,-1.5426,-1.0783,-1.1706,0.3383,-0.5146
0.04201,0.43928,1.0318,0.65648,1.142,1.5652,0.94924,-0.16963,-1.2849,0.11368
0.36184,-0.047503,0.82331,1.3169,0.82481,-0.61399,-2.0249,-0.70229,1.1384,0.89353
0.85371,0.45391,-1.5168,-0.87573,0.0356,0.68656,-0.1423,1.3536,2.3702,-1.2575
-0.80977,-0.22162,-0.41712,-0.12292,-0.034718,-0.36877,-0.38724,0.65535,0.75231,1.1674
-1.4671,-0.67926,-0.48706,-1.0271,0.56116,1.3578,1.2824,1.3547,0.84587,1.3329
-0.1039,0.68461,0.92205,-2.5352,0.19869,0.54359,-0.75822,-0.3496,0.80017,0.2579
-0.82291,1.4283,-0.15501,-0.72316,-0.92833,-0.47353,1.2171,1.0035,0.41393,1.1847
0.42498,-1.2586,-0.83046,2.4243,-0.86967,1.0287,0.13266,-0.47876,0.91146,0.30892
-1.8547,1.6962,0.77337,-0.13666,-0.30846,-0.603,-0.81141,1.0422,0.33198,-1.4566
0.85858,1.8878,-1.0031,-0.66613,1.4759,1.5494,0.89086,1.1112,-0.065759,1.1219
0.30639,0.74545,-0.37476,0.54286,-0.040669,-1.9684,-0.15641,-0.28378,-0.73145,-0.29562
-1.1116,0.9771,-1.276,-0.22098,0.45478,-0.37317,0.03922,-0.4996,-0.11651,-0.035388
-0.31724,-0.897,0.75654,0.64366,-0.3116,0.10142,0.49293,0.094582,-2.5451,-0.91016
0.83786,0.73734,-0.346,0.92134,0.94642,-0.043891,-1.0049,0.20875,-2.36,0.61665
2.4265,0.39388,-0.63439,0.815,0.3379,1.6871,-1.9332,1.5543,-0.90056,1.1161
-0.35109,1.3087,-0.32074,1.4465,0.23853,0.076978,-0.71173,-1.1233,0.040375,-0.25942
1.382,1.1076,-0.55249,1.0634,-1.3241,-0.70252,-1.1545,1.04,-0.53036,-1.5891
-0.86066,-0.01969,-0.1241,-1.3686,0.55094,0.14404,-1.4411,0.66957,1.3073,-0.16231
0.20689,0.58613,-0.14999,0.0028692,-0.59171,0.70805,-0.81544,-0.85679,-0.11334,-0.80036
-0.2075,0.72485,1.9088,-0.41857,1.272,-0.069677,1.5052,0.44116,0.32729,0.45485
0.34026,-0.86587,1.267,1.35,0.077171,-0.85398,-1.552,-0.45431,-1.0885,2.5175
-0.49811,0.7901,-0.11139,0.24458,0.046303,-0.028641,-1.4109,-1.0065,-0.31163,0.64933
-1.4214,-0.14669,-0.0743,0.64707,-0.66004,0.27472,-1.1225,0.060028,0.22628,1.0309
-0.27077,0.068417,-0.37936,-1.6891,0.62308,-1.399,-0.2928,-1.5068,1.3835,1.0498
0.43966,0.93224,-0.013121,0.34828,-0.79957,0.037212,-0.64737,-0.22413,0.078063,0.7551
-0.50614,0.49498,1.157,-0.26231,1.4866,-1.6064,0.13978,1.5202,0.52168,-0.98998
-0.18435,1.2783,-0.79366,-0.26297,1.4775,1.0537,-0.10256,-0.31097,0.52915,-0.081518
0.402,-0.62,0.092426,-1.2368,2.0438,1.5999,-0.38387,-0.12346,-0.49966,-0.2046
0.53923,-0.52993,-0.37016,0.62475,-1.0459,-0.87275,1.9505,0.11189,0.048268,-0.21325
-0.73359,-0.35015,-0.48914,2.5141,-0.058707,-1.1898,1.204,0.90113,0.08593,1.5681
-0.26837,-0.19118,1.0802,1.3822,-1.2933,0.6153,-1.8237,0.25709,-0.34882,-0.66173
