0.8706,0.16379,1.1106,0.31713,0.80668,-1.0337,-0.97072,-0.32989,0.025292,0.50498
0.33076,-0.70694,0.71351,-0.34694,-0.43915,0.19762,0.35311,0.87565,1.5466,-0.70034
-1.3479,2.2963,-0.64614,-1.0254,-0.44552,-1.5555,-1.9975,-0.97067,1.094,-0.49118
1.5479,0.42762,0.8763,-1.0602,-0.068073,-0.7146,0.6803,-0.99622,0.21618,0.77464
-0.61664,1.6118,0.085297,0.040722,0.6086,-1.0215,-0.34186,0.56242,0.3592,-0.8909
-0.69857,-0.65122,-0.060633,-0.037622,-0.57287,-0.70749,-0.63362,-0.19835,0.85951,1.8403
-1.4236,-0.95335,-0.39502,-1.6875,-1.1659,-2.174,-0.081963,-0.4279,-1.5209,-1.3746
-0.10963,-1.0386,-1.3797,-0.15978,1.3963,-0.49745,0.065561,0.64991,-0.52349,-0.82061
-0.10271,0.55351,-0.51639,-1.5795,2.184,0.65836,2.1484,-0.27722,1.3758,0.18721
-0.32272,0.48675,-0.51071,1.0016,1.0331,1.3906,-1.5322,-0.34642,-1.3614,1.3284
-0.83959,-0.82982,1.5269,-0.12979,-0.28508,-1.314,1.0306,0.3522,-0.29707,-0.10726
-1.6606,-1.9612,-2.6681,1.0921,-0.51611,1.325,-0.38632,-0.013194,0.0066874,1.411
3.0125,-1.3617,-1.3034,0.15591,-0.10526,-0.57599,-0.041635,-0.65863,0.5861,0.88138
1.5008,0.019703,0.66184,0.96033,-1.6331,-1.6735,0.098441,-1.0163,0.27519,-0.76746
-0.35899,0.73907,-1.9492,0.37816,0.54278,-0.23191,0.72942,-1.1184,1.7905,-0.33442
-0.11488,1.7401,1.734,-0.074831,-1.6764,-0.55123,0.34285,-0.050396,0.0081561,-0.14423
0.3589,0.68916,0.14086,0.26103,0.17755,0.52476,1.0173,0.27151,0.97058,-0.029251
-0.012137,0.74761,0.95824,1.868,0.99414,-1.0328,0.53281,-0.27257,-0.66498,-0.54372
-0.57036,-0.18278,0.033061,-2.9513,0.0082844,0.23646,0.94507,0.92794,1.7241,1.2297
0.93403,-0.71104,1.9332,-1.3781,0.7715,-1.0728,-0.35145,-1.4313,0.44967,-1.6001
-1.1383,-1.9505,-0.42566,-0.56079,-0.50381,-0.18228,-0.58476,1.9412,-1.0802,-1.7768
1.9572,0.37763,-0.26883,0.66738,1.0372,-0.16377,0.32499,-0.79326,0.20636,0.99501
-1.7632,-1.3214,0.27032,0.88319,0.92842,0.62877,0.87752,0.050083,-0.20629,1.2207
-0.32333,-2.6352,0.85391,-2.2007,1.5956,-0.40916,-0.30476,2.2339,0.22016,0.32069
0.87259,1.203,1.3624,0.81983,-0.59147,-0.41347,0.14255,-0.91862,-0.21783,-1.1634
0.11792,-0.080055,1.0766,-0.93214,-0.75888,0.19856,1.5118,2.2903,-1.5552,0.59964
-1.5031,0.40284,-0.97556,0.41088,0.011461,-0.25095,0.75448,1.3945,0.31104,-1.0564
0.92184,-1.1494,0.55343,-0.18786,0.16426,0.65453,-0.80436,1.6921,0.45979,-0.28721
0.16324,-0.2144,-0.044205,-0.83454,-2.0753,0.015576,-0.16238,-0.089276,-1.2133,-0.92133
-0.81467,0.12751,-0.18594,-0.17577,-1.0055,1.4699,0.7037,0.51992,1.011,-1.6817
0.40371,2.2387,0.96491,1.1232,1.3228,-2.4516,-1.3416,-0.70332,0.1448,0.70555
0.75616,0.66232,0.015207,-0.85689,-0.081044,0.68096,0.091822,-0.14886,0.60966,1.3404
2.1844,-0.71235,0.45629,1.015,0.24745,-0.59044,0.86821,-0.10395,1.1662,-0.24796
-0.093783,-0.29656,0.86756,0.2182,0.36121,-0.05697,-1.5499,2.3667,0.91796,0.5612
-0.29421,-1.1199,0.3708,0.19622,0.16467,1.2533,-1.548,0.95954,-0.47583,1.9219
-0.50481,1.0872,-1.4196,0.32087,2.23,1.2233,0.74548,1.0439,-0.99171,0.91773
-1.927,-0.39404,0.82464,-0.52748,-0.34795,0.59596,0.28253,0.45324,0.3931,0.28388
0.52138,1.3356,-0.51842,-0.049538,1.1929,-1.5837,-2.8844,1.8508,0.31853,2.0797
-2.0544,-0.293,-0.24512,-0.22532,-1.3149,0.54432,-0.82873,-2.8539,-0.62088,0.44816
-0.26984,-0.10781,0.54466,-0.7858,1.4254,0.12966,-0.56313,-0.65102,-1.2242,0.88433
-0.27503,-1.0883,-1.0894,-1.0895,-1.5492,-1.0161,-0.72323,0.095943,1.3994,-0.57761
0.84514,-0.81013,-0.9524,0.33299,-0.68179,-0.69701,2.4675,-1.6474,0.05339,0.25395
-2.7712,1.107,0.43178,0.5367,1.2583,0.38584,-0.038481,-1.6834,-0.018858,-0.413
0.91807,1.0236,0.26042,-0.68573,-0.16718,-1.6772,-0.23939,0.99828,0.27476,-0.70932
-0.51925,-0.075151,-1.0479,-0.63277,0.96646,-0.38753,0.79445,0.48623,-0.25375,-0.15409
-1.293,1.1699,1.12,-0.026282,-0.74587,1.6326,-0.017934,1.1352,-0.26317,0.75127
-0.0087181,0.26401,0.33341,-0.52241,1.0932,-0.76162,-1.4455,-0.9997,0.20592,0.060685
0.23335,-1.364,0.86464,1.0415,0.15281,1.5258,0.10929,-1.4331,1.2091,0.50285
-0.4242,-0.92763,0.30981,-0.041549,-0.36566,0.26691,-0.071348,-0.85598,1.142,0.050947
-1.4694,-0.77791,0.45419,-1.185,0.82957,0.22651,2.141,-2.9627,-0.4537,-0.092696
1.2064,-0.36399,0.067536,1.2111,-0.54466,-0.48364,-0.36915,0.22687,-1.2149,-1.5532
0.19734,0.2026,-0.82803,-1.3416,0.19688,-1.3094,0.84349,-0.41295,-0.23755,1.1093
-0.70688,0.1833,0.81698,-0.33883,-0.62346,0.44265,0.62962,0.25187,-0.20177,0.399
1.2164,-0.65205,1.9829,0.74644,0.28116,0.20118,0.031706,-1.3007,-0.84978,0.62889
0.36717,0.31349,-0.067684,0.6893,0.25331,-0.12412,0.73393,0.44778,-1.0119,1.0676
-1.2675,-1.0322,0.80067,-1.1203,0.45294,-0.23637,0.85681,0.20072,0.37627,-2.2625
0.62105,0.31499,-1.2084,0.1477,-0.56685,-0.63887,0.048888,-1.1568,-1.2779,-1.1099
-1.7955,-1.8741,-0.026898,-0.21935,-0.7765,-0.35865,0.33186,0.74224,1.1892,0.56481
-1.0578,-0.15652,0.68446,-0.6869,0.10922,-0.78726,-0.33582,0.27117,-0.66065,1.2288
0.15154,0.91035,-0.034092,-0.045132,0.17077,0.56166,1.028,0.23349,-0.015006,-0.15288
0.41126,0.14454,-0.03511,0.55781,-0.37118,1.0738,-0.3266,-0.80049,-0.85149,0.78479
0.070498,1.3919,-0.9109,1.731,-0.083175,-0.48945,0.33814,-1.5844,0.18497,-0.5015
-1.933,-0.25689,-1.3807,-0.71027,0.59281,0.77672,-0.87901,0.34628,-0.2162,-0.91605
0.81872,0.19368,0.69144,0.47255,0.39455,-0.4616,-1.0569,0.12541,-0.72005,-0.96903
1.2618,-0.44944,-0.61747,-0.30539,1.003,-0.83453,-1.3508,-0.0094297,-1.6721,-3.063
1.1673,-0.26992,-1.8986,-1.7231,1.2957,-0.78569,-0.79758,0.3106,-1.8406,0.051089
-0.57033,0.69003,-0.31875,-1.0738,-0.63569,-0.58273,1.1445,1.3144,-0.75174,-0.20065
-0.3939,0.38693,0.19694,0.034749,-1.6898,0.56484,-1.8944,-2.6483,-0.87925,0.42159
-1.0174,-1.5279,1.6932,0.22522,-1.5165,-1.1178,-1.6903,-0.55186,-1.8306,0.51529
0.25021,-0.090869,0.29797,1.0522,-0.77382,-0.35865,1.8856,0.75881,-0.22237,0.22395
0.25212,0.50991,-1.0799,0.92582,0.41638,0.47708,0.74176,-0.89953,-0.27179,-0.54282
-0.77148,-0.49345,-0.48449,-0.68659,-1.2661,0.04862,-0.27622,0.91665,0.62541,1.1191
0.91955,-1.0156,-2.274,-0.52269,0.54978,-0.20997,-1.1857,1.1456,0.70442,1.0377
0.85216,0.21733,-0.068838,-0.4046,-0.63011,-1.0124,1.4599,-0.81363,0.59214,-0.80154
0.65713,0.7033,1.033,-0.33773,1.2981,0.044068,-1.3556,-0.15806,-0.74647,-1.6361
-0.75346,0.9931,1.2291,-0.044404,-0.97327,-2.3974,-2.7756,-1.176,1.0177,0.43655
-1.3385,2.4792,-0.76114,-0.0035403,0.79871,-2.3001,-1.5002,-0.21069,1.1658,-0.98334
0.65223,1.1106,-0.44852,-0.32035,-0.53724,1.6941,0.55091,0.28162,-0.31063,-0.37273
1.4472,0.48152,1.1008,-0.42096,0.46537,-0.0034884,0.1157,0.50856,-1.2171,0.091656
-1.2901,0.56975,0.8276,0.93721,-0.62621,0.26002,0.53558,-1.3385,0.72327,0.036121
-2.2082,0.81894,0.33225,0.014952,0.73771,-1.7321,0.20651,0.37113,-0.44811,-1.062
1.4361,0.60858,0.99147,0.97892,-0.61791,-0.76564,2.0604,-0.99283,-1.3314,0.64796
-0.061672,-0.2734,0.4251,0.058015,1.1199,2.9852,-1.8552,0.06193,-0.56887,-0.90102
1.1778,-1.7439,0.28438,-0.98849,1.5208,0.52231,0.44622,-0.29958,1.423,-2.0033
0.98551,0.018689,1.4257,0.83218,-1.5774,0.50492,-0.40905,0.78672,-0.35804,-0.13288
-1.2186,-1.4833,-1.5701,-1.4498,0.47881,0.49284,-0.68483,-0.64206,0.27364,0.23374
-0.43188,-0.18244,-2.0842,2.1332,0.53423,-0.50717,0.44651,-0.69755,-1.6792,-0.26693
-0.83494,-0.50927,0.66994,-0.86789,-0.27608,0.28861,0.51762,0.96042,-0.41416,0.03136
0.17968,-0.17238,0.24966,0.57048,-1.4913,0.46513,-0.039572,0.4678,-0.57249,-2.1967
1.1663,1.5965,-0.25078,0.065394,0.93569,0.76069,0.44049,-0.82635,-2.4336,-1.1259
0.055986,1.1954,0.27566,0.6538,-2.1945,-1.315,1.1914,-1.8344,0.7185,-0.54535
-2.1,1.971,-1.5042,-0.0094174,-0.16745,-0.51232,-1.4493,-0.51165,-0.79268,-0.98584
1.2353,-0.41495,0.69652,-0.83044,1.5845,0.85004,0.6858,-0.59801,-1.664,0.11871
0.0026715,-1.7962,-0.35437,-0.22559,0.32369,1.7969,1.1995,-0.73676,-0.41586,1.0679
-0.45954,1.2967,1.2435,-0.65005,-0.034661,1.0135,-0.74331,-0.53025,0.62264,-0.1133
-2.1032,0.47799,0.52379,-0.60716,-0.53401,-1.127,-1.3505,1.566,-0.58292,0.014101
0.37392,0.18149,0.39857,0.25386,-0.84598,1.9078,-1.0416,1.0297,0.54904,0.28253
0.24518,-1.2753,-0.90965,0.65769,0.16051,1.248,0.075088,0.75066,0.35528,-1.0168
0.33858,0.078142,-0.46193,0.36515,1.2098,-0.54355,0.31973,-0.65913,0.67354,-0.1172
-1.0781,-0.87693,-1.6441,-1.7522,2.6202,0.61483,-0.97018,-0.15312,-2.4968,0.062825
-0.73016,-0.19137,-1.1387,-1.6155,-0.26416,-0.46035,-1.2017,-0.7496,1.0792,-1.1227
-0.91633,-0.74913,0.63501,-1.195,0.73401,0.87813,0.68562,0.29038,0.28783,1.4823
1.7876,-0.53118,-1.1341,0.77729,-0.1269,0.86754,-1.1677,-0.74487,-1.1262,-1.2569
-0.8204,1.6369,0.84145,1.9626,0.50311,-1.6776,0.032752,-1.5967,0.35861,1.3728
-0.19671,1.985,1.3729,0.63823,0.88701,-0.81031,-0.21873,-1.0176,-0.75536,0.95872
-0.89014,-0.53636,0.92449,-0.25016,-1.4333,-0.46546,-0.81319,-1.2522,0.1913,1.8164
0.91075,-0.52681,-1.4665,-0.37134,0.57561,-1.0168,-0.56199,0.86954,0.76274,0.65562
-0.012265,0.69813,1.635,-0.98912,-0.60405,0.93023,-0.80264,-2.3401,0.23492,0.89275
0.072814,0.80216,-0.67763,-2.32,0.43843,-1.326,-0.49977,0.14902,1.4916,0.42406
0.93942,-1.58,-1.5393,-0.5986,0.61912,-1.5534,-0.97167,1.1325,-1.1465,0.57025
0.67524,-0.77983,-0.83,1.3538,-1.6215,1.0216,-0.32853,-0.33897,0.22225,-1.5882
0.78597,-1.1435,0.2971,0.83366,-0.92654,-0.55299,1.4844,-0.95465,-0.09789,0.6866
-2.1327,0.46298,0.50267,1.5352,-0.9116,-1.4142,0.61194,-0.34377,0.19496,-0.46289
0.21993,1.2856,0.66136,2.1406,0.25485,0.65664,-0.80878,1.0429,1.1476,-0.041277
0.96629,-0.37581,-0.23624,0.75641,0.16471,-0.79955,-1.1408,0.65111,0.11374,0.50544
0.34999,0.60781,0.36762,-1.5198,0.62,0.4462,-0.20752,0.90283,-0.63616,-0.73545
0.90182,-0.7416,-0.20363,-1.6468,0.55616,-0.1959,0.68045,-1.3543,0.29806,-0.1366
2.1212,-0.44874,0.42303,1.7466,1.4845,-0.51449,-1.0018,0.029254,-0.21122,-0.4987
1.2486,1.2782,-0.12958,0.65612,-0.052082,1.0566,-2.0187,-0.0874,-0.66827,-0.87156
-1.1232,0.19944,-0.52115,0.80774,0.038917,-0.020211,-0.27148,1.2197,0.96386,-0.83336
-0.83009,0.55657,-0.098576,1.1381,-0.15515,-0.45498,-1.6631,0.24275,-0.80399,0.95642
-0.12178,0.88043,0.38867,0.11921,0.32061,-1.4161,0.51903,1.261,0.86513,-1.9453
-0.64259,-1.0639,1.7438,0.99034,-1.0396,0.66956,-1.1806,1.0457,0.57583,-2.392
-0.07895,0.84268,0.34839,1.225,-0.68162,-1.1377,1.032,-0.75763,0.69836,-1.0122
1.2281,-0.75643,-1.2134,-0.58872,0.42568,0.765,1.7501,-0.44852,0.65996,0.46452
-0.53137,0.98144,0.13337,-0.95244,-0.10534,-0.18099,-1.8951,0.74279,-1.7941,-1.1366
-0.2861,0.8929,0.38226,-0.28414,-1.3183,0.71252,0.62236,0.95503,-1.7205,-0.89419
-0.22761,1.3479,0.69467,-0.64754,1.346,-2.4625,-1.7602,2.6231,1.2346,-0.12153
0.67452,0.43822,-0.67209,-0.64195,-0.054364,-0.94756,-0.085643,0.74027,-0.72364,0.80646
1.0368,0.76774,-0.81582,-2.6186,-0.52959,-0.19852,1.654,0.41774,-0.76167,0.35293
-0.14946,-0.43339,0.77576,-0.010096,-0.86306,0.51757,1.3355,-0.50884,-0.41937,-0.28839
-0.31708,-1.4762,-1.093,-0.60459,0.085489,2.1262,-0.68898,-2.0287,-1.2994,2.0039
0.93359,-0.51002,-0.15347,-0.87854,-0.10752,-0.4811,0.89787,-0.30326,-1.2032,-0.054015
0.72328,0.68942,0.27757,0.79419,0.013946,-0.16724,-1.2609,0.22303,0.89827,2.53
0.48818,-0.45766,0.93062,-0.5591,0.024179,-1.0693,-2.441,0.66658,-1.6949,0.84421
3.2662,0.12327,0.36427,-0.76929,-0.56622,2.0182,1.0507,-1.1134,-0.98856,-0.94216
0.031701,1.0738,-1.2527,0.63999,-0.97161,-1.46,0.18252,0.22423,-0.50195,-0.80713
0.34127,1.573,-1.1806,-0.056926,-0.58509,-0.020804,1.4025,0.48495,1.6603,-1.0243
-0.083531,-0.077115,0.5677,0.5374,-1.3567,-1.4409,-0.24845,-0.22484,-0.17049,-0.68086
0.61642,-0.83192,-0.62362,-0.048111,-1.7775,0.6106,0.7116,0.078329,1.1866,-1.2123
-0.525,-0.70911,0.37275,-1.7148,-0.2281,-0.44409,-1.0113,-0.87268,-0.59873,1.2568
1.0077,1.884,0.79487,0.040908,-1.0583,-1.9419,-0.11208,1.3803,1.2747,-0.21212
1.8291,-1.8481,0.68694,0.040727,1.6416,0.67362,0.34147,0.63624,1.3573,0.93338
0.085288,0.20808,1.3318,0.095291,-2.4293,-1.1051,2.686,-0.45449,0.39179,0.53362
-0.068325,-0.32336,-1.2847,-0.098068,1.4844,1.5423,-0.72643,-0.13,-2.1186,0.065803
-0.56347,-0.089697,1.6624,0.46673,1.0509,0.88713,1.0805,-1.7319,0.029912,0.98615
-0.47357,-1.7777,-0.93344,-0.39648,-0.10796,1.9302,-0.96871,0.33821,-0.61964,0.10839
-1.7035,-1.4662,-0.021048,-0.65851,-0.93317,0.23983,-0.43512,-0.97044,0.26068,0.85913
-0.05372,1.5835,0.1665,-1.8377,-1.7093,-0.75549,-2.3679,1.0475,1.2158,1.4002
-0.88134,-1.7547,1.5749,0.89231,0.65836,0.29698,0.71081,0.2374,-1.1237,-2.1633
1.2559,1.516,0.45988,-1.069,-0.26565,-0.092018,-1.8984,-1.1208,1.1412,-0.81901
0.15584,-0.3131,-0.081016,-1.0686,-0.40985,-0.96351,-0.25522,-0.81995,-0.21856,0.83104
0.054933,-0.24288,-1.592,-0.95925,1.3829,0.75335,-0.18527,-0.7232,0.17297,0.11101
1.3986,-0.36779,-0.48292,-1.9549,1.2673,-0.6018,1.2889,1.0033,1.4168,-0.56646
-1.7756,-0.92313,1.2664,1.0317,0.51097,1.159,0.60421,-0.53841,-1.1149,-0.33304
0.32965,0.70184,0.20485,0.18568,-2.125,-0.70203,1.1058,-1.8291,-1.5286,-0.62433
-1.0579,-0.34042,-1.5325,1.0053,0.4925,-0.96969,-0.46602,-1.0682,0.7442,0.58907
-0.64337,0.38206,0.52998,0.40117,0.84377,1.1836,-0.24104,-0.22175,-0.46591,0.26431
0.25844,0.96085,0.63842,0.38533,-1.1069,-2.054,1.0538,-1.0922,1.7034,0.20791
0.89169,0.34073,0.498,-2.0381,-1.2537,-1.3979,-0.26095,-0.056373,-0.59984,-0.20117
-0.83662,-0.031181,-2.161,-0.38263,0.25777,-0.52394,0.018761,0.010568,0.78986,0.79821
0.55315,1.3006,-0.015271,0.90774,-1.8712,0.19897,-1.1946,1.9375,0.12467,1.137
1.4584,-1.1768,0.38624,-2.7263,0.10667,1.0228,-0.45704,-0.31997,0.050596,0.025834
-0.85508,-0.97639,-1.0494,-0.7759,-1.0678,-0.45413,-0.51054,0.36316,-0.72755,-1.1138
-0.99212,-0.18366,-0.73565,-0.40979,0.81873,1.3816,0.95367,1.5048,0.1283,0.042529
-0.011699,-1.8465,-0.81196,-1.8259,-1.2705,0.023555,1.8769,-1.8505,1.1274,0.93605
0.62691,0.5927,-1.9554,1.2577,0.8909,0.46236,1.0117,-0.62288,-0.60442,-1.1352
0.0014992,-0.58257,-0.11043,-1.4464,-1.124,-0.91482,-0.4276,0.60516,0.82583,0.2316
-0.81633,-0.34114,1.2492,-1.0562,0.8501,0.23885,0.79401,0.38277,1.002,-0.73401
0.11515,-0.57274,-0.43966,-0.42271,-1.3013,1.9682,-1.782,-0.62146,0.99304,0.27653
0.20707,1.9874,-0.38898,-1.1784,-1.6873,0.50211,-0.69524,0.43983,-0.83263,-1.2117
-0.44456,-0.60818,0.73221,-1.3291,-0.097769,-0.62184,-0.080184,-0.019328,1.4022,0.06033
-1.1205,-0.016105,1.638,1.5984,0.15252,0.67547,0.52786,0.84146,1.273,-1.6422
0.43536,-0.49918,1.1981,0.35674,1.0942,0.54066,-0.5182,0.62395,1.3406,-0.30183
0.017089,0.16262,-1.4207,1.0843,0.48723,-0.025349,1.6832,0.8965,-0.40374,0.21392
-0.36299,0.046288,-2.0421,-0.66698,-0.32393,1.3259,0.44014,-0.82099,1.3147,1.2329
-0.63124,0.73815,0.77347,1.6267,-0.79467,-1.0862,0.52504,-0.35979,0.048318,-1.1383
-0.50032,-1.19,0.070518,0.32759,0.40179,-0.30447,0.96888,-0.40545,-0.17123,-1.5273
-0.86719,-0.34665,-1.0433,1.3525,-1.8177,0.076148,-0.53171,0.3332,0.19117,-1.42
-1.0401,-1.8162,1.0639,-0.82311,-1.0542,-0.048236,-1.3925,-0.31397,-0.73464,1.0317
1.2654,0.26423,0.41105,0.40275,0.22064,0.9485,-1.1461,-1.1667,-0.22958,0.65764
-0.24146,0.93769,-1.4193,-0.14064,-0.26933,0.069283,0.011076,1.874,0.5901,0.20575
-1.729,0.40847,1.1212,-0.70205,0.92007,0.63969,-1.0937,1.0153,0.58602,0.32589
-0.48824,-0.8372,0.87151,1.2359,1.235,-0.35464,-0.44504,-1.2765,-0.69983,-0.95827
1.0604,0.51348,-0.3235,0.85826,-0.056639,-0.80554,-2.4462,1.1107,-3.2973,-1.0774
-0.53815,-0.53029,1.922,0.1715,1.7672,-0.12973,-0.95525,0.51352,0.75042,0.25655
1.7773,-0.16078,-1.5238,0.90214,-1.232,-0.83832,0.5332,0.16614,-1.3007,-0.62084
-0.77952,0.48632,-0.19778,-0.93902,-1.5042,-0.81826,1.0812,0.2865,-0.62074,-0.70932
-0.75297,-1.6294,0.11944,-0.39427,1.5776,-0.088717,0.10717,0.30047,0.28784,1.9228
-1.0331,-0.89065,0.24314,0.095075,-1.7183,1.1875,-0.19973,2.3413,-1.1192,2.4614
1.1638,-0.44631,-1.7831,-0.32086,-1.0502,0.23398,-0.49621,0.81269,1.384,-1.8262
-0.58011,0.26534,-2.0326,-1.5019,-0.76599,0.87824,1.0916,0.54849,-1.0336,1.3084
0.4173,-0.22565,-1.2195,0.60761,0.24727,-1.8392,-0.01168,1.1711,1.2796,-0.84963
-1.6481,-0.15811,0.11006,0.84707,0.098239,0.99557,0.84038,1.0407,-1.1712,-0.69703
-0.57268,-0.48295,0.10243,0.34818,1.7776,-1.0843,0.048699,0.46451,1.869,0.66741
0.65923,1.8305,0.84156,-0.20422,-0.59581,-0.6823,-0.3525,0.69887,-0.36552,-0.49024
-1.2804,0.32042,1.6505,0.57839,0.54838,0.90919,-0.58274,1.6169,2.4194,0.73484
0.050124,-0.97029,-1.2442,-0.6732,0.23277,0.9742,0.18282,1.0866,-0.23985,-1.0345
0.5484,0.41825,-0.046696,0.91474,0.23453,0.55758,-0.93719,0.69191,-0.50163,-0.88668
1.7784,-2.1355,1.1795,1.8446,1.0098,2.3246,0.54646,-0.23031,-0.48336,0.3209
0.64109,0.9104,-0.30114,1.9036,-0.27719,0.067537,0.24879,-0.075498,0.77985,0.71063
0.9467,-2.1589,-0.79635,-0.18302,0.95221,-2.2969,1.36,-0.63345,0.91875,-0.070238
-0.35425,0.59735,-0.88064,-1.0627,0.65957,-1.8859,-1.9204,0.15738,0.065219,-0.68511
-0.57882,-1.6785,0.65517,-1.1999,-1.7363,-0.80636,1.6459,-1.0871,-0.22683,0.42432
0.056473,-0.21842,1.1997,0.65244,0.85572,0.45533,0.86855,2.5275,0.48606,-0.16674
-0.89332,-1.3132,-1.6462,1.0077,-1.0116,-0.85503,-0.36954,-0.88373,0.47761,-0.0015482
1.1221,0.22761,0.21762,0.58085,-0.52081,-1.1742,0.031188,-0.92592,-0.55347,1.1625
0.77583,-0.6727,0.36832,-0.87192,2.1016,0.11379,0.095315,0.039403,-2.6784,0.74745
0.9625,-0.44477,0.64176,-0.93326,-0.70003,-0.0079031,1.2057,-0.27301,-0.58736,0.71568
1.2608,1.7272,-0.67497,1.7151,-0.72,0.49116,1.2009,0.91291,0.20677,-2.4481
-0.10792,-1.011,2.5923,-0.073278,0.94606,1.1666,0.8005,0.73791,1.0409,0.78758
-0.57716,0.84892,0.084134,0.30355,-0.39716,-1.4936,1.48,1.0309,0.022936,0.23773
0.52563,-0.76674,0.21008,2.0136,-0.38774,-2.1318,0.36883,0.88604,1.2391,0.61092
1.152,-0.40058,-1.2163,0.50884,-0.99412,1.6453,-1.1273,0.9242,-1.2549,-0.24949
0.85838,1.27,0.016227,-1.1795,0.40437,-0.8439,0.4735,-1.8177,-0.97373,-0.48511
0.94558,0.47822,1.0956,-1.2853,0.06127,0.060158,-1.8623,0.43442,-1.1524,-2.0349
1.5061,0.44277,0.33861,1.1763,-1.0695,2.143,-0.20645,-1.1095,1.37,0.12039
0.29534,1.1542,-1.0761,-0.048468,-0.55838,0.68831,0.17997,0.27291,0.42208,0.68704
1.2041,-0.58811,0.044844,-0.03834,-0.97149,-0.42348,0.40696,-0.58941,-0.55737,-0.49895
-0.011846,-0.16663,1.3729,0.1975,-1.0223,0.27502,-0.050083,1.7643,1.5584,1.8165
0.7895,0.39634,-2.0349,1.8191,0.042101,-1.2604,0.81229,-1.7303,-0.0082392,-2.5561
-1.4036,0.22551,-0.2316,-0.08986,0.49861,0.18669,0.28609,-0.3074,0.035192,-0.34403
1.5421,0.91701,0.16121,-2.4715,1.5955,1.3682,-0.39153,0.70263,0.024059,0.0064574
-1.7749,-1.7596,-0.62409,0.2319,0.81563,0.75972,-0.32723,-0.077776,-0.51589,-1.3377
0.20566,-0.90757,0.88119,-0.075913,0.038857,-0.097352,0.87586,-1.1906,-0.56881,0.46525
-0.34621,-1.2613,-0.1153,-1.2662,-0.54836,0.9252,-0.4006,-0.33928,-0.88403,-0.54455
-1.159,-1.5467,1.5426,-1.6131,-2.0279,-1.7604,2.0143,1.1349,-1.5038,2.6679
0.33583,0.58806,0.044442,-1.3047,-2.7799,-0.72765,-1.4364,-1.8467,0.22184,-0.072154
0.33224,-0.44269,1.2064,-0.76038,-0.1669,0.40278,-1.2667,0.54859,0.53731,-0.39464
1.4112,-1.0563,-0.92335,2.0755,0.64522,-0.57967,0.60815,0.6789,0.43438,-0.77759
0.13686,-0.19987,0.082447,-0.15231,1.5995,-0.14449,-0.64507,-1.3096,-0.56309,-1.1964
0.57763,-1.7386,0.43408,-0.18339,-0.20455,0.60859,0.1431,1.3303,0.95558,-0.65627
0.24309,-1.2233,-1.1985,-0.11089,-1.0163,0.40572,1.0389,-1.4277,0.00091222,-0.45551
1.4677,0.3124,-1.1903,-0.83228,-0.96675,-0.037643,-0.1602,-0.55535,0.1074,-0.29615
1.1306,-1.7302,-1.5825,1.5659,0.25064,-1.3286,0.57675,1.4742,-0.43008,-1.0381
0.010653,1.5038,4.0329,0.293,2.0217,-0.36035,-0.22733,0.70033,0.69485,1.0706
0.12433,-1.3149,-0.034103,0.22616,-0.13232,1.2577,0.778,0.36768,-3.1908,0.53125
1.7794,-0.055081,-0.4403,-1.1031,-1.4264,0.71169,-1.5222,0.24685,0.58364,0.052584
-0.23947,-0.72486,0.68403,-0.37657,-1.5402,-2.2583,-0.0047919,0.27789,0.26321,1.7175
0.85799,-0.16992,-0.031985,-0.071528,1.2847,-1.2241,-0.44415,-1.2316,0.66269,-0.37231
-0.87835,0.41196,0.22366,-0.2001,-0.023959,0.79211,-1.3318,2.2109,2.344,-0.036132
-0.76195,1.2234,-1.2041,-0.4845,-0.26573,-0.1362,-2.3059,0.86918,-0.06721,-0.96823
0.86278,1.2153,-0.23108,0.74034,-0.44061,1.6695,-0.62071,0.40003,-0.070521,0.65212
0.64831,-0.42625,-0.92171,0.6328,0.16,-0.83439,0.4267,-0.43247,-0.2924,2.3225
1.0581,-0.17953,0.15765,-1.3444,-0.38869,1.5283,0.1105,0.88669,-0.47352,1.0373
-0.63319,0.24437,-0.43699,0.92196,-0.83057,0.77351,1.1624,-1.4014,-1.6072,-0.52706
1.018,1.6595,-0.72767,-0.59849,0.018006,0.3445,-0.22898,0.27183,-1.6683,-0.55852
0.17193,0.89948,-0.41806,-0.72725,-0.54582,-0.68717,1.2478,0.73213,-0.073106,0.12866
-0.047474,-1.6389,0.99452,-0.70817,1.1123,-0.19175,0.1201,-1.1781,0.44903,1.1544
1.6891,-0.73352,0.61627,1.0451,0.64142,-1.041,-1.2045,0.12677,-1.128,-0.78165
1.437,-1.1253,-0.49379,0.37059,1.2168,-1.4505,-1.5084,-0.31841,0.81712,-0.12263
-2.2511,-0.94035,0.42538,-1.1554,-0.39485,0.34053,0.83858,-0.10446,0.02827,-0.070704
0.35649,0.71639,-0.38968,-0.80731,-0.36519,-1.1641,0.3189,0.78735,0.42206,0.11508
-0.85024,-0.46946,-0.22858,1.0276,0.4908,-1.0582,0.46287,-0.43401,0.39256,-0.1222
-0.29955,1.6,-0.57208,0.053754,-0.95346,-2.2795,-1.6422,-1.3597,0.93574,-1.1032
-0.63425,0.52586,-0.24653,0.86376,0.9853,0.53985,-0.3616,1.0667,0.32103,0.48306
1.6245,0.32119,-1.4768,1.1315,0.59337,0.52275,0.87058,0.88741,0.04083,1.4185
1.2411,2.0953,-0.83158,0.13431,-0.22498,0.7613,-0.52062,0.49409,0.28837,-1.5112
0.55528,-0.39013,-0.95639,-0.017237,-0.60069,0.076581,0.068637,-0.58826,-0.52016,1.1086
0.70342,0.36881,-1.2447,-0.31665,-1.799,1.0353,0.55391,-0.99552,0.91412,-0.85641
0.45816,0.61225,0.81077,-0.039439,-1.5648,0.40381,0.22156,-0.43723,-0.56057,0.57229
0.68398,-0.64319,-0.0090397,0.31086,-0.84245,-0.29831,-0.13763,0.23071,0.96647,0.82718
0.25129,0.18675,-1.9087,1.0875,0.88796,0.6116,0.1761,-0.56504,-2.2083,0.77643
-0.1785,-1.4178,-0.80275,0.031241,0.67911,0.77568,-0.39106,0.9185,-0.0097903,1.3686
0.50773,1.0336,-0.82822,-0.72739,0.50595,0.1184,-0.43802,0.17277,-0.38197,0.61677
-0.3099,1.8982,1.1726,-0.015486,-0.78855,-0.83586,-2.0001,-0.18904,1.0502,0.34937
-0.39437,0.30799,0.53114,-3.0833,-0.041505,1.8945,-0.31249,-0.10354,-1.458,1.167
-0.26974,-2.1884,1.2827,-3.1154,1.1372,-0.1726,0.33931,0.95327,-0.70168,0.28354
-0.08813,1.8815,-1.057,0.29164,0.027275,1.4064,0.32061,-0.71063,-0.18328,-1.1352
0.0080293,-1.28,-0.11456,-0.34198,-0.83295,1.1257,0.76805,0.087044,-0.36082,0.53675
2.5318,-1.2694,-1.1502,0.43417,-2.2061,1.5452,-1.1817,-0.27998,0.38288,-1.3608
-1.2232,-0.86151,1.0952,-1.3284,0.40816,0.20392,0.48171,-0.2489,1.2624,-1.1494
-1.0718,-0.26905,-0.41569,-0.78967,-0.30447,0.91951,0.16606,-2.6658,-0.11144,-0.32113
0.24606,-1.3885,0.66117,0.97566,-0.53717,0.78485,1.3291,-0.15474,1.7543,1.1799
-0.050611,3.049,0.68707,0.9977,-2.3045,1.4802,1.4354,0.87969,-1.0529,1.1566
-0.73015,-0.93187,-0.47697,-1.7322,-0.16176,-0.91094,-0.74081,0.94281,1.2316,-1.7215
0.32699,0.88456,0.7726,-1.4511,0.040314,-0.26036,1.5254,1.451,0.39617,2.0916
0.75299,0.68472,-0.13109,1.3537,1.1984,-0.55714,-0.8764,-1.4164,-2.0268,0.17186
-1.1537,-0.8466,-0.22084,1.2779,1.2679,2.6506,1.1599,1.6269,-0.42675,-0.0096264
-0.40787,-0.92009,-1.1843,2.3325,0.004685,-0.42753,-1.2547,0.33339,0.36742,1.0757
-1.2879,1.6819,-1.6813,0.50352,-0.30249,1.5601,-1.8879,-0.15362,0.39102,0.76532
0.083578,0.72499,0.89064,0.99443,0.58527,0.78074,-0.53327,-0.77102,0.14583,1.9997
0.1638,-1.1012,-0.71869,-0.033659,-0.2362,-0.38173,0.3675,-1.1197,-0.59499,-0.37204
0.68257,-0.28001,-2.6471,0.29403,0.53748,1.1244,-0.010425,1.1728,1.0749,1.1038
-1.0864,-0.11283,-0.35696,0.38533,0.71303,0.027205,-0.59013,-0.3612,0.25765,0.068312
0.29749,0.63774,-0.6837,-1.4986,-0.97192,-1.8736,1.2398,0.14617,-0.034567,0.2537
-0.14331,0.97697,-0.47925,0.91589,0.020993,-0.20168,-0.1081,-0.54411,-0.35728,-2.3635
1.392,1.0029,-0.33088,-0.039532,0.32111,1.2544,-1.464,0.093879,1.1306,0.9759
0.30675,0.97508,-0.17795,0.26632,-0.58174,-0.58009,-0.06754,0.93214,-0.84115,1.6257
-0.53718,0.29774,-1.9011,0.69463,-2.0353,0.30283,1.3366,0.60408,2.155,1.1027
-0.22893,1.6826,2.2352,0.65017,0.67515,0.23668,0.26755,0.38003,1.3647,0.88812
-0.53622,-0.84133,-1.7464,-2.216,-2.1721,0.313,-0.21838,1.3491,0.57241,1.2365
1.439,2.0818,0.074491,-0.87792,1.2481,-0.2379,-0.97326,0.48651,-0.57713,-2.1064
-0.5111,0.67916,0.10722,0.2067,0.54296,-0.15213,-0.80222,1.5873,0.10089,-0.060169
-1.6068,1.4586,-1.698,0.38594,2.1095,0.21339,0.21426,-0.50619,1.4525,1.8136
-0.20124,-0.22127,-1.1178,0.15573,0.93277,-0.17217,1.7681,1.0994,-0.83337,1.3462
1.1435,-0.77378,-0.34991,-1.1257,-0.15066,0.0088339,-1.6999,-1.3932,-0.55371,-0.0061827
0.66329,0.5386,-0.16277,0.081766,-1.0155,0.67991,-1.6525,1.2617,1.0519,1.1648
0.16408,0.47659,1.9997,-0.90994,0.8239,-1.6463,-0.4268,-0.88281,0.099482,-1.253
1.7854,0.49004,0.73067,1.6193,-1.6514,1.451,-2.0909,1.2676,1.3269,-0.5347
-0.58771,0.20583,1.9514,0.68726,0.020769,0.27755,-0.72194,-0.38805,-0.92093,0.26763
0.25904,0.68023,-1.4095,-0.10392,-0.24468,0.077333,0.50038,-0.95133,0.7054,1.5534
-0.87183,0.49999,-0.17873,0.81532,-0.93797,-0.48012,2.221,-1.6171,-0.24584,-1.9867
-0.78792,-0.76964,-1.1371,0.1023,1.2467,0.56501,-1.4748,1.6949,-1.1875,-0.13072
-0.34434,-1.3669,-0.12149,-0.34137,0.37156,0.59122,-0.60965,-0.72,-1.5294,1.138
0.64762,0.45851,-0.74615,-0.70863,0.0065437,-1.036,-0.72248,1.3254,-0.10147,-1.0297
2.0541,0.17235,-0.16256,-1.0858,-0.94303,0.62852,0.51027,-0.16309,-0.64628,-1.6539
0.79894,0.49553,-0.43722,-0.52871,1.9657,1.0439,1.6604,-1.2085,0.94148,1.0764
-1.0711,-1.4839,0.13269,0.79746,-0.66969,1.6562,0.51804,-0.070088,-1.1199,-1.0479
-0.20516,-0.64668,0.55193,-1.8885,0.16745,1.0932,-0.21913,0.69781,0.86444,1.7031
-0.55444,0.19986,1.0005,0.57005,-1.3958,-1.158,0.98075,0.1225,-1.9237,-0.050337
-0.29294,1.3449,-0.35059,-2.3263,-0.76163,0.65968,0.86509,0.59727,-1.4628,0.3548
1.1802,-1.1978,1.1275,-0.034006,-1.2208,0.98114,-0.31442,0.40677,-1.5945,0.036543
0.3774,0.13109,-1.0893,-0.37694,-0.80827,-0.85066,1.2625,1.3261,0.69199,1.51
0.99157,0.21934,-0.32079,0.90543,-1.3499,-1.5089,0.45544,0.92588,-0.68272,0.099549
0.60345,0.28563,0.42845,0.29021,1.1708,1.4201,0.51793,0.68571,1.2863,-0.49713
-0.79289,-0.81062,1.4402,2.2798,1.0693,0.50845,-1.2444,1.4247,-2.1677,1.1323
0.93082,-0.81674,-0.54795,0.33918,-0.334,-1.0347,-0.19013,-0.89103,1.1188,0.69216
-1.3504,-0.54848,-0.82308,0.1554,1.9021,0.34289,0.090447,0.53307,-0.65166,0.28031
0.79979,0.068705,1.1005,0.01581,-1.9273,-1.414,-0.41509,-0.30095,-0.9228,0.27856
0.59964,0.48662,0.60617,0.41569,0.046233,-1.1552,-0.81514,0.35185,0.14239,-2.0842
1.1004,2.0682,0.34539,-1.1481,0.24918,-0.14997,0.69324,-0.6816,1.4242,0.37945
-1.4197,-1.5985,0.73039,-0.044458,0.71004,1.2156,1.6877,-0.13279,0.34388,-0.90616
-0.20364,0.99118,1.5731,-0.35178,0.1414,-0.62358,0.98383,0.0051125,-0.25749,0.36806
0.017913,1.0433,-0.26929,2.1609,-0.99167,0.72393,-0.28385,0.90747,1.7875,-1.2035
0.10035,-0.10079,-0.10209,1.259,0.11025,-1.1208,1.234,0.1036,-0.28947,-1.4003
0.87636,-0.94775,-0.52079,-0.37103,2.1008,-1.2234,-0.72927,-1.0528,-0.64369,-0.2828
0.70069,-0.34661,-0.0088534,0.72009,-0.72857,0.39368,0.74782,-2.2188,-0.92143,-0.84987
0.65202,-0.33626,-0.66159,-2.0183,-0.35863,-0.91464,-0.34301,0.015011,-1.2181,-1.1225
0.17853,0.57817,-0.77293,1.1465,-1.5134,0.3182,0.024961,-0.52168,0.9664,-0.84669
1.676,0.24411,-0.64766,-0.27762,-0.26541,1.3575,-1.5199,0.31471,2.2748,0.78905
-0.3251,0.71628,-0.84396,-1.251,0.73098,0.65249,-0.15323,-0.58335,-1.9081,-1.2267
0.10115,-0.079975,1.8151,1.5871,1.9553,-0.2505,0.68926,-0.99727,-0.064885,1.0758
-0.57669,0.58579,0.66112,0.019766,-1.4435,0.72324,-1.2788,0.11964,0.58207,0.45413
-0.061528,-0.097557,-0.42876,-0.76148,0.6954,0.78939,0.52396,-1.0631,-0.34564,-2.8094
0.72559,1.7925,-0.89612,1.068,0.48287,0.7851,-0.0023286,-0.93142,-0.51937,-2.3983
-1.2273,-0.70486,-0.23933,0.9786,0.09521,1.8188,-1.0805,2.0152,0.53045,0.24667
0.19093,0.73296,1.0501,-0.6331,0.30063,-0.60452,0.63355,-0.49767,0.10579,-0.2726
-0.73482,2.2555,-1.1598,0.78127,0.29652,-0.71646,-0.61239,0.2174,1.1073,1.7916
0.78838,-0.58129,-0.65512,-0.54795,0.64906,2.0366,-0.72074,0.33901,0.02361,-0.17561
-1.9654,0.070611,1.1589,0.060125,-2.3439,1.2885,-0.81717,-0.62069,-0.34404,-0.56541
-1.9555,0.7692,0.50496,-1.813,-0.9202,0.48196,0.87148,-0.74037,1.4829,0.26825
1.6243,0.090374,-1.8317,-0.74575,-0.64667,-0.3022,1.0041,-2.0533,0.54294,0.25906
-0.14942,0.95402,-1.3574,0.18698,0.86968,-3.09,1.5848,1.4059,-1.2658,1.4131
-1.9683,0.29615,-0.26522,0.89179,-1.3376,-1.8346,-0.15448,0.86167,0.76942,-0.2304
-1.6861,1.367,-0.56406,-0.32922,-0.44943,1.6021,0.063955,0.40927,0.35377,-0.29126
-0.086922,-0.21625,-1.3653,0.66993,-0.22417,-0.31908,1.031,-0.79952,0.5308,-0.73073
0.30739,-1.7283,-0.011435,-0.049223,2.4521,0.46166,-0.51467,0.90681,0.8315,-1.2777
0.33755,0.78933,-0.026679,-0.80248,0.68712,-0.17771,-0.83601,1.0683,-1.4966,-0.44422
1.067,-0.3602,0.21872,1.2193,-0.5067,0.99295,0.49285,1.5658,1.8926,0.058717
0.33294,0.047137,0.79807,1.2458,-0.64813,-1.0104,0.53408,1.0058,-0.62518,-1.254
-0.073484,0.63114,-1.1091,0.35801,-0.3704,0.45495,1.8665,-0.28119,-0.49096,0.7582
1.0478,-1.9397,-0.95392,1.8506,-1.0888,-1.0675,-0.50017,-0.22196,0.50575,-2.3973
2.0589,-0.35928,0.9728,0.020477,0.28921,0.0041397,0.79418,1.0344,-0.82685,0.88757
0.026693,0.58748,0.02953,1.4621,0.36208,1.095,0.87197,-0.32767,-1.1116,0.30001
-0.24052,-2.2806,-0.69384,0.20368,-0.72651,-2.0181,1.7508,1.0779,-0.47869,0.70264
1.0385,-1.1169,-1.0888,0.87335,1.1118,-1.1331,0.5163,0.66125,0.22869,-1.8565
-0.50723,-0.81649,0.63777,1.2507,1.0275,1.9428,-0.022431,0.95084,1.1247,-0.48562
-1.4831,-0.48533,-0.2331,0.69931,-0.49111,1.1735,1.6835,-0.75732,-0.28802,0.40246
-0.10649,0.66502,0.076806,0.76769,-0.91126,1.2283,0.32914,0.14383,0.23709,-1.0148
0.24526,-1.3283,-0.90435,1.7611,1.0492,1.0929,-0.6572,-0.026566,0.020076,-0.5871
0.14579,-0.12616,1.6936,-1.0408,-0.41133,0.58239,0.95873,0.42432,0.11781,-0.35544
-1.1181,0.63291,1.0169,1.013,-0.38695,0.56619,-1.7529,0.58584,-1.5374,-1.4763
-0.59694,0.46998,0.12846,0.21651,1.919,1.377,-0.36509,0.46663,-2.2194,-0.77041
-0.67949,0.063516,0.33145,1.0875,-0.045209,0.07177,-1.1865,-0.12229,0.78427,-2.4279
0.95505,0.55625,0.67648,2.0506,-0.025928,-0.79442,-0.19268,-0.33847,0.82681,-2.274
-0.1308,1.5756,1.1939,-0.050946,-1.1598,-2.1684,0.40022,0.12101,0.8299,-0.66993
0.6494,0.12563,-1.4799,1.1358,-0.44075,-0.55331,-0.72165,-0.11363,-1.9189,-0.65857
0.59852,1.6256,-1.5104,1.2696,-2.216,0.17694,-0.35921,0.22101,0.91545,0.87086
-0.1925,1.7998,-0.64937,-0.060134,-2.4875,-0.14373,1.9053,-0.32149,-0.84591,0.40352
-1.9808,-0.48137,0.077984,-1.1771,-0.99886,0.29603,0.45892,0.14261,0.21155,0.023616
0.36294,-0.39254,0.12165,0.56116,-1.1416,-1.9999,-0.62256,-0.39422,-0.46318,-0.47881
0.70395,0.60741,-0.81435,0.21573,-0.60172,-0.26944,-0.63003,-0.49471,-1.9338,2.1158
-0.7526,-0.75157,-1.4932,-1.5244,0.92294,0.82131,-0.14952,0.50269,1.4213,-0.17871
-0.016917,-1.6554,0.74462,0.16836,-0.80731,-0.37752,1.3527,0.0043954,0.42538,1.1652
-0.44166,0.27174,-0.38759,0.071732,0.88662,0.57709,-0.040641,0.61172,-1.3719,-0.97769
1.7013,0.43544,0.054801,1.5059,-0.87377,-0.81755,-0.11963,0.26024,-1.9928,-0.57424
-0.030569,0.19721,0.36779,-1.1672,0.61408,-0.25411,-0.61903,1.0246,0.383,0.73027
0.20392,-0.962,1.41,0.29906,-2.0227,-1.4582,0.12249,0.11095,0.19624,1.3069
-1.0478,-0.3922,-1.966,-1.6398,0.26932,-0.537,-1.578,-2.1191,-0.25467,-0.2774
-0.73537,1.0303,-0.091386,0.42502,-0.71023,-0.081565,0.87445,-0.8135,1.3097,0.83009
-1.3566,0.17998,-0.060275,0.25728,-0.73454,0.43772,-0.092273,0.50625,1.1159,0.14079
0.72859,-0.19327,-0.32805,-0.55818,-1.5857,1.334,-0.35064,0.6022,-0.38408,-0.61256
0.60719,-0.57406,-0.023709,-1.0853,1.4273,-1.1515,-1.0637,-1.1189,0.046965,-0.77654
-0.82829,-0.36318,1.2315,-1.2767,0.23098,-0.22011,0.78385,-1.0217,0.2001,0.48112
2.8876,0.029741,-1.5065,0.071157,0.3566,-1.1336,1.0513,0.38454,0.90698,-0.61374
0.91914,0.30411,-1.9518,-2.0227,0.83295,0.84676,-0.84465,0.51554,-0.22873,0.2689
0.40579,-0.7021,0.39104,1.1525,-0.2728,-1.6406,0.33344,0.0083344,0.16846,0.56174
1.9162,-0.99578,-2.0663,-1.3257,-1.1489,0.69324,-0.31311,-2.1282,0.61437,0.23459
-2.4557,0.04383,-0.28423,-1.0906,0.98852,0.88674,-0.85304,-0.62741,-0.641,0.10107
-0.091063,0.16304,-0.80436,1.0967,-0.23347,-2.395,0.3464,0.83879,0.56758,-0.42963
-0.02468,0.034175,2.088,1.1349,-0.16375,0.45471,0.58213,0.21801,-0.55624,0.078848
0.19994,-0.61575,0.29481,-0.89475,1.344,0.19545,0.25733,1.089,0.14036,0.75355
-1.0383,-1.66,-0.054081,0.68197,-1.0108,-1.8431,-2.7486,-0.92129,0.08544,0.44992
0.52937,-0.17172,0.45178,-0.61801,-0.24113,0.89606,0.2527,1.3095,-0.27816,-0.39556
-2.2171,0.86575,-1.1628,1.2323,-0.43777,0.99827,-0.51197,-1.0345,-0.19756,-1.4458
0.10742,1.8107,-0.48061,0.90633,-1.6757,1.9263,1.2742,0.45709,0.38312,1.3067
0.43891,0.5167,-0.80791,-0.79927,1.0141,0.12654,0.1069,-1.0844,-0.28348,0.53324
-0.040993,0.33607,0.58807,0.22215,0.13464,1.2131,-0.08697,-1.6877,-0.45364,-0.016455
0.36431,0.46281,-0.80926,0.25281,-0.55859,0.24492,0.034079,-1.2037,-1.3187,0.0057791
-0.7637,0.10803,-0.29749,0.92301,-0.60554,0.5345,-1.5417,0.053668,-0.44627,-0.85428
0.54952,-0.81247,-1.494,0.61123,0.55215,-0.20822,-0.42482,-0.15353,-0.14683,-1.1356
-0.37464,-0.60956,1.2441,-0.099415,1.697,-0.5336,-0.77606,0.27697,0.36946,0.31817
-1.6592,-1.1479,1.0502,1.2891,-1.9229,0.78908,1.1686,0.54796,-0.55857,0.014859
-0.31023,-0.14573,-1.615,0.24432,0.75235,-2.0117,0.94248,-0.21872,0.06913,-1.4936
-0.61994,0.18402,-0.36888,-0.84602,1.1054,1.2958,-0.9123,-0.80125,-0.16303,-1.0018
-1.0246,0.84055,-0.50134,-1.0517,0.84886,-0.45724,-0.71098,1.2751,1.7826,0.65375
0.505,-0.40861,0.2209,-1.6804,1.3035,1.1218,-0.040165,-0.59463,1.3439,-0.098963
0.040473,-0.95864,0.36539,1.1644,2.3047,-0.28861,1.3074,-0.14589,-0.21697,1.7766
-0.25473,0.32682,-1.1926,0.0033913,-0.96228,-0.17784,-1.2424,1.1973,-0.083848,1.0222
-0.54774,-1.4364,-0.17255,-0.44213,0.62492,0.0022094,1.9006,2.126,0.6928,-0.39696
1.6766,-1.043,-0.59644,0.92218,0.23115,0.19063,-0.94116,-0.28362,0.17399,0.82012
1.173,-1.6052,0.95797,0.32268,-0.46,0.010736,-0.50158,0.48779,0.27939,1.5453
-0.18906,0.059029,-0.27286,-1.5901,0.018387,-0.42297,0.68721,0.92893,-0.36831,1.5825
0.086573,0.32709,-0.27067,0.65625,1.2537,0.73366,-1.5124,2.7816,-0.056849,0.89395
1.5126,-1.0086,-2.0296,1.0137,-0.29651,0.58445,-1.7467,-0.29981,-0.44016,2.0669
1.7933,-0.23358,0.75687,0.14499,1.7238,-0.28046,0.99055,1.2844,-0.34278,-0.88411
1.1026,0.64791,-0.011659,-0.000387,0.53843,0.14328,1.1312,-0.60725,-0.055294,-0.75731
-0.32585,0.23266,-0.58835,-0.91665,0.18858,-0.13974,1.1863,-0.090387,-0.80629,-0.36221
-0.58281,-0.2781,0.44413,0.81613,-0.18034,-1.0482,-2.5795,-0.67071,-1.05,-0.13176
0.75159,0.063167,0.9371,-1.4952,0.19166,0.40491,0.51083,-1.3986,-0.49365,-0.07888
-0.86373,-0.1706,1.6131,-0.34295,-0.54079,0.53881,-1.2785,0.47624,0.63151,-1.0974
-1.0709,-1.2828,1.0581,-1.3616,1.847,0.54008,-0.019175,-0.039723,1.0781,-0.38873
-0.35524,0.5069,-0.55882,-2.625,-0.39864,-0.16932,-1.848,-1.212,-0.19892,-0.14665
0.95588,0.776,0.91246,0.25945,-0.49719,-1.3406,-1.1336,0.25058,-0.43151,0.96062
0.15928,0.25302,-0.17109,-1.6792,1.597,-1.1926,1.1867,-1.5041,-0.084415,0.43981
0.24494,0.35148,-1.7518,0.15248,-1.1614,1.8635,-0.41252,0.2686,-0.50039,-0.69665
1.1247,0.3952,-0.49173,1.7418,-0.58627,1.1093,1.101,-0.7281,-0.94871,3.0908
0.23463,0.34242,-1.3696,-1.5422,0.31893,-0.9971,-0.82946,-0.86824,-0.40952,1.0384
-1.1386,-0.45449,2.0473,0.35913,-1.9312,-0.32014,-2.0696,0.64799,-0.25945,0.29307
0.84209,0.4004,2.7166,-0.27602,0.059353,1.3393,-2.1963,1.8304,0.35341,0.50034
0.47634,0.49527,0.67451,-0.99519,0.11029,-0.39117,1.1914,1.5834,0.034999,-0.85452
-0.08839,1.3769,-1.3496,0.90289,-0.83063,0.98195,0.99406,0.94409,-0.038798,-0.093511
-0.41304,-1.6908,0.4347,1.7589,0.37737,1.0274,-0.41332,0.044375,0.69087,0.57751
-0.54458,-1.5319,-1.1327,-0.46945,-0.51919,-0.20375,0.31959,1.7349,1.7482,-2.1452
-0.024007,0.65561,0.93977,0.22517,-0.6753,-0.043333,-0.63981,1.3032,0.85516,0.86747
-0.80051,1.1328,0.59551,-0.44525,0.049519,0.34469,-1.294,-1.3283,0.067252,0.37906
-0.51219,0.31619,-0.9531,1.2066,-0.17415,1.4996,0.95272,0.10207,0.22893,-2.7711
-1.4867,-1.1975,-1.1357,0.10939,1.2776,-0.34663,-1.7911,0.045249,-3.3203,-0.15778
-0.51864,-0.57234,-0.76539,0.21647,-1.0013,0.7599,-0.731,0.18696,-0.87797,0.042531
-0.69323,1.0137,0.10782,1.2293,-0.44168,-1.2154,-0.24803,-0.81528,0.22205,0.58471
0.57765,1.2322,1.2539,0.92333,-3.1786,1.1812,0.1868,0.89906,0.77618,-0.1248
1.455,0.7077,2.0989,-0.64706,0.33275,1.8814,-1.6205,1.2008,0.37846,-1.5107
1.0355,-1.472,-0.36492,-1.0256,-0.77079,-1.1883,1.949,-0.78215,0.65127,-0.25182
1.0468,0.45258,-0.93763,1.5806,-0.070513,-0.13849,-0.052632,-1.3912,1.5126,0.22274
0.67621,-1.9431,-0.58389,-0.27308,1.1931,0.19549,-0.38891,-0.11183,1.5262,-1.1247
0.54659,0.2262,0.38492,-1.9279,0.62665,-0.28275,-1.7408,-2.1653,0.35928,0.50553
0.74999,-0.12025,-0.089743,-0.62182,-0.81276,-0.86441,-1.749,1.1337,0.13892,0.48903
-0.72984,0.75856,-2.3022,-0.23153,-0.02973,0.41982,0.0105,1.342,0.17826,-0.85703
0.8332,-0.12788,0.12492,0.45481,0.75649,-0.067316,-0.071717,0.93034,0.71282,-1.4789
-1.1986,-1.0358,0.13275,-0.69432,-0.66476,1.2195,0.63778,0.85645,1.3132,0.86887
0.61877,-0.30073,1.3368,-2.0681,0.6945,-0.46557,-0.97933,0.2448,0.069468,-2.1046
-0.83241,-0.12265,-0.071897,1.0314,2.3266,0.4236,-1.3183,-0.85133,-0.58906,0.33582
-0.97049,-1.4968,2.8868,1.1636,-1.7847,-0.36977,-0.89681,0.6527,-0.93455,0.96567
-0.45351,0.3079,0.59198,2.1779,1.9411,0.76867,0.079918,1.915,0.031716,-1.5539
-1.3027,-0.88212,0.083835,0.26972,-0.19759,0.22208,-1.1215,-2.087,-1.0831,1.0095
0.015975,1.1146,0.090828,0.15073,-0.97114,-2.1412,-0.95349,0.077806,-0.69546,0.99681
1.1107,0.4863,0.3545,-0.28863,-2.5161,-0.27401,-1.1636,1.0166,-0.59378,0.57699
-0.24937,-0.49952,0.7718,1.0083,0.19637,0.75224,0.46172,-0.25727,-0.59366,0.50259
0.4957,-1.1148,-0.87131,0.75267,0.48754,0.74535,-0.7169,0.85931,-0.46641,1.202
0.16204,-1.6821,-0.11346,-0.31417,0.60525,-0.07766,-0.39293,1.1045,0.3674,0.24427
1.2118,0.89437,0.078533,-0.047254,0.54382,-0.89599,0.11038,-1.8236,0.2437,-0.40486
-0.15832,1.3169,2.7469,-1.2253,-1.0508,0.88003,3.1271,-0.028778,0.19028,-0.20947
0.29297,0.26677,-1.665,-0.89814,0.1578,0.66052,-0.45803,0.5578,2.0902,1.6289
2.4677,-0.5899,0.15675,0.53938,-0.18558,0.83925,0.9631,0.57971,-0.15989,0.022291
1.1462,0.47629,0.18937,-1.6553,0.36898,1.2904,1.6386,-2.0205,1.3988,1.1929
-0.93384,0.053787,-1.4661,0.022593,0.10446,-2.0874,-1.0592,-0.94609,-0.49534,1.6452
1.1198,0.27337,0.042728,1.8702,0.64775,1.1907,0.22623,0.96019,-0.66987,0.089016
-0.92423,1.7258,-1.3214,0.86391,0.28194,0.22896,0.33322,-0.86083,-0.76683,1.1509
0.009907,-0.20315,-0.50468,0.37041,0.11019,-0.56357,1.0189,0.44261,-0.22387,-0.49334
0.28937,0.11731,0.94218,0.5687,-0.5894,0.35065,-0.18079,0.046781,-0.91049,-2.4382
0.87,-1.1745,-0.52022,0.33545,0.23726,-0.32772,1.7534,-1.4905,-0.53664,-0.23143
-0.39726,-0.72217,0.12398,-0.28326,-2.5857,-2.426,-1.1246,-1.4301,-1.5164,-0.87267
0.53786,1.0277,1.3429,-1.653,-1.0907,-1.2795,-0.009529,-0.95416,0.69634,0.36585
1.7697,-0.54946,-0.064386,-0.20942,0.10406,0.33159,-0.85737,-1.5244,-0.23181,0.48578
-1.9055,-1.8451,0.62687,1.2669,0.54714,0.88245,0.59547,0.69731,0.73312,-0.49194
-1.0767,0.56268,0.4468,0.15595,-1.2303,1.4446,0.95994,-0.77223,-0.75614,-1.0485
1.1949,0.57641,-0.067046,-1.3734,-0.12466,-0.30529,-0.51115,0.23466,0.63278,-1.2138
-0.29395,0.51816,0.54376,-0.95593,-1.0964,0.95509,0.21965,0.88646,0.40582,3.0807
-0.038178,0.82728,0.44195,-0.93986,0.29123,0.11042,-0.27771,-1.1554,-1.3257,-0.024059
0.92393,-0.66861,-0.33693,2.6592,-0.45909,1.0138,-0.73704,-0.89306,0.24613,0.94843
2.2231,0.35786,-0.11504,-0.51377,-1.0185,1.3657,0.81312,0.0036616,-0.99059,-1.4731
-1.3019,-0.25255,-1.3888,1.3407,-1.2833,0.53282,-0.34136,-0.64644,-0.85492,-2.0808
-0.90899,0.43782,0.44091,-1.0784,2.0039,0.9315,2.0958,1.1032,0.72875,-0.7875
-0.0775,-0.87547,-2.5011,0.30461,0.59537,0.20082,1.3229,0.33668,0.89155,1.0222
0.00051045,0.2669,0.41268,-1.3017,1.4238,-1.3207,-1.0528,1.0801,-0.43587,-0.19511
0.10686,-0.20715,-0.79073,0.71881,0.95457,0.19064,0.66029,-0.30369,0.86373,1.0787
-0.31246,1.9421,0.012145,-0.69968,-1.1405,0.013253,-1.1768,-0.18366,-0.36417,2.0574
1.2196,-0.11788,-0.096794,-0.75123,1.6089,-1.738,1.1029,0.48411,-0.43813,2.2347
-0.90956,0.42122,1.1088,1.223,-0.15952,-0.86677,-1.4982,-0.24735,1.4134,0.017391
0.20398,0.45984,0.16655,-0.39145,1.0659,0.74545,-0.22263,0.52966,0.49218,0.75915
0.98975,-0.50174,0.46794,-1.2032,-2.3427,1.479,0.96552,2.4135,0.44977,1.0996
0.3752,1.1841,-0.11444,0.11101,-0.99573,-0.92144,-0.52733,1.3274,0.19141,-0.35121
-0.62213,0.40779,-0.47791,-0.77289,-0.3739,1.0728,-0.20934,-0.29799,-1.0348,-0.26952
0.12055,1.028,0.19084,1.7853,-0.3266,-1.0415,-0.053708,1.6677,-0.95621,-0.86446
-0.3174,-0.67744,1.7394,-0.24051,1.324,0.93759,1.7087,-0.93825,1.2523,-0.29543
-0.59968,-0.80886,1.7433,-0.078536,0.032558,-1.3219,-0.18181,-0.37235,-1.5669,0.63239
1.3532,0.54249,0.17332,-1.3975,-0.59294,-1.3178,-0.0996,0.17948,-1.6379,-0.83776
-0.19767,0.68482,0.067253,2.4585,-0.18589,0.37632,-1.2428,0.23634,-2.6423,1.2423
-0.578,0.61666,0.20094,-0.083933,0.58175,0.074795,0.51207,-0.252,0.482,-2.1917
-0.75597,0.98105,-1.8009,-0.82262,-0.09098,-0.60202,1.0701,0.14484,-0.87009,-1.4379
0.1212,0.072865,-1.2637,-2.419,0.56319,-0.58739,0.99736,-0.58521,-0.52431,1.8202
-1.4958,-0.10831,0.22179,-0.81518,-0.25256,-1.2311,1.5805,0.40888,-0.87741,0.43852
-1.6462,-1.0486,0.10898,0.88409,-1.3894,1.6155,0.057989,-2.0341,-0.18461,-0.70901
0.1929,0.092419,0.63835,0.0088711,1.8066,-0.024925,-0.33893,-0.64562,0.1704,-0.082212
-1.2898,0.56468,-1.3047,1.0175,1.8458,0.4382,0.58616,-0.78202,-0.097749,0.20826
-0.39985,1.2539,-1.7686,-1.7692,1.0605,-0.10738,2.948,-1.0712,0.081128,-0.56251
0.7754,-0.72768,0.5108,0.64003,0.52541,-2.1803,0.00058654,1.7074,0.3438,-0.53729
0.92215,0.48213,-0.53843,-0.91886,0.083793,0.10651,0.57805,1.1172,0.027768,0.64187
1.5445,0.7434,-0.21467,0.15565,0.49161,-2.107,0.091561,1.5105,0.74808,-0.59007
-1.0096,1.0969,-1.52,1.5275,-1.8029,-0.47759,1.2226,-0.54898,-0.38067,0.9415
0.85671,-0.13243,-0.26121,0.67914,0.61429,-0.42241,1.0336,-1.0146,-1.4056,-0.49248
0.32529,-1.0808,-0.90495,0.26602,1.341,-0.65663,-0.50529,0.56967,-0.99514,0.5846
1.2524,-0.41856,1.9687,0.77693,-0.038185,-0.081957,0.84151,0.12091,0.0010343,1.9543
0.22016,-0.79079,0.64343,0.2243,2.0615,0.4973,0.19729,0.25016,0.89272,1.3773
0.8152,-0.017594,-0.075237,1.3,-0.31965,-0.71736,0.50135,-1.8944,0.81414,-1.6782
1.1394,-1.6407,-1.4896,-0.52862,0.98054,-0.4851,0.11099,0.29098,-0.64096,-0.0044397
-0.41171,-0.65962,0.77003,-1.449,-1.8031,0.47357,-1.4163,-1.0702,-1.137,0.94004
-0.46107,-0.5912,0.97037,0.11546,0.61162,0.23773,1.5946,-0.31627,0.1168,1.3983
-1.329,0.76876,1.9483,-0.96903,2.0183,1.0686,-0.1263,0.24982,-1.891,-1.0978
-0.0875,0.97915,1.6054,-0.51953,-1.9173,-0.15416,-1.0811,0.31439,-0.60224,1.2358
0.35545,0.52413,-1.6902,-0.17557,1.6002,-1.4542,-3.0479,1.8999,-1.7581,1.0822
-0.74314,-0.65734,-0.77371,0.45926,-0.599,-0.63863,-0.93456,-0.26857,-0.082683,-0.84736
0.072031,-0.58249,1.1123,1.1614,0.023525,-1.0814,-1.7954,-0.52761,-1.1737,-0.75963
-0.3564,-1.7132,-0.14437,1.1255,-0.58616,0.51133,0.45394,1.4092,-0.12483,1.1619
-0.43169,1.3234,1.5334,1.2922,-0.69133,0.38769,0.20176,-0.58485,1.5205,0.26484
0.77933,-1.8443,-0.77446,1.6484,0.61428,-0.026334,0.15546,-0.65114,1.4387,0.024217
0.81632,0.82928,-0.4012,-1.3434,0.23123,-0.60318,-1.2476,1.1283,-1.4279,-1.4992
1.1483,-1.1436,0.39088,0.57587,-0.55325,0.45596,0.22627,-0.022289,0.038506,-1.5484
-1.085,0.052984,0.26022,0.29014,-1.6743,-1.1005,1.3725,1.2701,0.21984,-0.97575
-0.13612,-0.23154,0.22231,-2.2702,0.092373,-0.62026,-0.83505,0.023181,-0.24857,-0.37274
0.65509,0.78759,-0.76012,1.2085,-0.58418,0.65725,0.73834,1.3102,0.40065,-0.014689
-1.2935,1.3982,-1.6,-0.68895,0.88822,1.7717,-1.0567,-1.3703,-0.010691,-1.3771
1.9267,-0.25522,-0.53954,-0.34748,-2.4051,-0.3363,0.012423,-1.2384,0.77325,-0.36603
0.23325,1.3299,1.4219,-0.59282,0.17612,0.073297,0.32306,0.68578,-0.51941,-0.97229
-0.54502,-1.4307,0.35094,-0.84892,0.62042,-1.134,-1.8851,0.08908,0.30871,-0.29316
1.0328,-1.347,0.32525,-0.2096,1.5277,-2.5413,2.0449,-0.27247,-0.70115,-0.059751
0.37714,0.65039,-1.0545,2.4113,-0.24887,0.35173,0.72286,-1.3164,0.63884,0.33783
0.10926,0.54452,0.038854,-0.44039,-0.3838,-0.8976,-0.36345,-0.11095,-0.44541,0.85048
-0.68019,0.15199,-0.74445,0.10427,-0.5021,0.47856,1.9851,-0.95679,0.56928,0.77565
-1.7654,-1.6447,-1.3228,0.73822,-1.0109,0.70456,0.79326,0.97004,-0.40632,0.33308
-0.96357,0.77295,0.82142,0.089674,-0.19691,-1.1601,0.28078,-1.9685,-1.0097,2.863
-0.64563,1.2209,1.3029,-0.39317,-0.14514,-0.37797,-0.0077543,0.33858,0.9278,-1.8983
0.45253,0.15273,-1.3603,-0.042171,-0.58931,-0.21553,0.39958,-0.23947,-1.2203,0.082283
0.6145,-0.1708,0.25594,0.56818,0.29501,-0.32713,-2.0769,0.50129,-1.4275,-0.80066
-0.7853,-1.0414,-1.8361,1.2041,0.31228,-0.90059,-0.85229,0.53945,-0.6059,-0.031488
0.82818,-0.21255,0.72166,0.62946,-0.10258,-0.33054,0.94099,-0.12687,-0.17904,-1.8543
0.66742,1.0365,0.065306,1.7762,-0.32806,0.62066,-1.4418,-0.14018,-1.158,-1.9658
-0.1255,0.087246,0.1297,0.23272,0.49114,-1.0482,-0.66778,0.85769,-0.27619,0.14203
-0.95123,-0.010485,0.3711,-0.93462,0.56731,-1.6984,0.64885,-1.4034,-0.4636,-0.035441
0.89204,0.5641,0.47006,0.34853,1.2747,0.43153,-0.96661,-0.39253,0.22663,0.49555
-0.12972,-0.76675,0.86922,0.54092,1.1571,0.55559,0.1131,-1.1572,1.1229,2.1216
-1.0135,-0.38907,0.38036,-0.11165,0.66112,0.80842,0.76152,0.4814,0.66963,0.59064
0.25229,-1.2456,-2.2363,0.42051,0.099554,0.87956,1.8893,-0.65756,0.76909,-0.15953
0.52359,-1.5904,-0.60884,1.0639,-2.1665,1.1247,-0.62818,0.8564,0.54079,-1.0566
-1.4616,-0.35583,-0.71933,-1.5244,-0.14205,1.0437,1.7653,-0.68291,0.96202,-0.037654
1.8664,0.87512,0.071588,-0.23032,1.2763,-1.2449,0.38627,1.3361,-0.90859,-0.46267
-2.1491,-0.41566,1.3957,0.1325,-2.6908,-0.069545,0.047917,0.33287,-0.64225,-1.8156
-1.6352,0.88993,0.14203,0.62728,-1.3494,0.077025,-1.418,0.9409,0.026715,-0.67866
1.224,-0.84075,0.54131,-1.2332,-1.8119,-0.41431,-0.59053,-0.64452,-1.1888,-0.21481
0.32517,-0.10809,-1.774,-0.0080791,0.67687,-0.41222,0.078999,0.33425,1.6477,-1.1002
-0.42891,-0.74195,0.81826,-1.1458,-0.09695,0.26096,-0.0086074,-0.88009,-0.68414,0.73316
0.011596,0.45205,-1.1453,0.72941,-1.8273,0.9651,-1.4197,-1.2349,0.94217,-0.15627
0.73132,0.56817,0.69704,-1.1106,0.092902,-1.0544,-0.27098,0.84799,-0.75917,-1.1346
-0.86802,-0.54179,0.99013,0.7784,0.79023,0.68877,0.93296,0.67485,0.22463,-1.802
0.92816,-0.85706,-0.070383,-0.62657,1.3092,0.78461,-0.59015,1.7393,0.54004,-0.14064
0.69732,-2.8912,2.1402,-0.40469,1.6484,0.057877,-0.45485,-0.41974,2.1383,0.55244
-0.04515,-1.4754,0.071007,-0.55363,0.36787,1.1347,0.26848,-0.86963,0.98297,-0.9688
0.19121,0.86678,-0.77634,0.084109,1.937,-0.017214,1.3969,-0.42934,-0.40308,1.6018
-0.62876,2.0146,-0.58381,-0.49149,0.069518,0.27558,-0.854,-1.1221,-1.0953,0.16097
-0.85661,0.41106,-1.5671,-0.52906,-1.0265,-0.89659,-1.3526,0.21682,0.030797,-0.016201
-0.38871,0.037729,-0.45079,0.79022,0.097831,-1.0797,-1.548,1.0562,-0.5351,-0.84632
1.0285,0.53518,1.1467,-0.9546,0.70335,1.0762,-0.26862,-0.55021,-0.68258,0.3725
-0.23972,-1.6582,-1.1009,1.0382,0.21758,0.68781,-0.47228,-0.20933,-0.64607,1.1908
-0.45162,1.057,0.51416,1.0151,-0.40098,0.68545,2.161,-1.0213,1.8915,-0.16229
-0.97927,0.18295,-1.4924,-0.051953,0.18816,1.8575,-2.6668,1.1798,-1.7217,0.41455
-1.1334,-0.8396,-0.44406,0.47933,-0.015431,0.62326,0.6405,0.27575,-0.6592,0.11094
0.022121,0.0039004,-0.50336,0.44962,-0.67547,-0.63096,-0.088864,-0.65779,0.43473,0.11332
1.0402,0.064865,0.34176,-1.183,1.5562,-1.0783,1.2682,1.0265,1.229,0.25396
1.2315,0.10128,0.11965,2.5098,0.78624,-1.5401,0.90318,1.2648,-0.048024,-0.81719
0.56018,0.95439,0.043477,1.1174,1.5551,-0.53272,-0.38446,-0.65929,0.13263,-0.77803
-0.30904,0.12465,-2.1062,0.32668,0.45976,-1.8229,2.6141,0.52893,1.7253,-1.3583
-0.3676,0.11813,1.5341,-2.7334,-1.3824,0.50115,1.0268,-0.034677,0.0077987,-0.71198
0.36563,1.446,-1.4051,-1.1021,2.2487,-0.27082,0.75093,-1.6228,-0.57117,-0.02364
0.93744,-2.2707,0.63815,-1.2665,-1.0083,0.0014446,-0.23361,-0.42179,1.4452,0.085639
0.97424,0.39396,1.8586,0.15056,1.3264,2.0012,-1.9472,0.39337,0.69682,0.30134
-2.1189,-1.4355,-0.94259,1.0055,-0.072811,-0.22119,-0.60072,-1.8974,-1.9545,-1.6598
-0.046465,0.22495,0.68264,-1.0403,0.37816,-0.78579,-2.2588,2.587,-1.441,-0.17623
-0.96678,1.5638,0.90095,-0.28965,0.55349,-0.81821,1.1915,-0.2979,-1.1158,2.2839
-0.47125,-1.6974,1.0705,0.20254,-1.0614,0.81959,-0.3765,0.10256,0.14569,0.75029
1.7352,0.11098,0.60171,-0.59782,-1.961,1.6052,-1.0598,1.7041,0.19372,0.87649
-0.77753,-0.77346,0.87946,-0.48624,-1.1824,-1.3804,-0.51553,0.15493,0.68864,-0.61179
-1.6838,0.83202,1.3529,0.32614,-2.3765,0.67186,-1.2887,-0.4428,1.7243,-0.38577
0.17703,0.31615,-0.27599,0.48626,0.6416,-0.52604,-2.0743,-0.14874,0.57395,0.74443
-0.12448,-1.2052,-1.8662,2.7794,-0.52858,0.60057,-1.8722,0.46107,-0.90941,-0.37601
-0.41555,0.61226,-0.50187,1.1898,0.20544,-0.99814,-0.90951,0.10527,-0.77461,-0.3874
0.87946,0.80025,0.079271,1.165,-1.8339,0.48118,-0.82474,-0.12697,1.1063,0.83034
0.56613,-0.94978,1.3897,0.44651,-1.6248,1.0987,0.20082,0.62497,-0.15207,-0.14042
0.37592,-0.5866,0.10595,1.3659,0.74649,0.77354,-0.07247,-0.18693,-1.125,-1.4342
-0.27695,1.4002,1.8672,-1.3594,-1.405,0.17072,1.6592,-0.48092,1.1996,1.1163
0.3501,-0.3499,-1.5754,0.58942,0.10469,0.20073,-0.17446,1.1617,-1.9617,0.10539
-0.29131,0.89321,0.58517,0.44532,-1.3535,-0.25199,-2.0655,-1.0548,2.4447,-2.3998
0.18608,1.4971,1.1916,-0.65235,0.76842,0.96797,-0.84291,2.3281,-0.094973,0.13276
0.5766,0.93737,1.9673,0.64957,0.2939,1.317,-0.4361,0.403,-0.46397,-0.23727
0.33966,1.404,-1.5123,0.96833,2.291,0.24864,0.65886,0.22005,-0.26219,0.68829
-0.67283,-0.44857,-0.63365,-0.52765,1.9814,-0.50605,-1.681,-1.5171,-2.2996,0.59109
-0.53701,0.89225,-1.0573,1.8702,1.0039,0.246,-0.69841,-1.0573,0.22475,-0.38863
-1.0402,1.5198,1.4703,0.20082,0.20032,1.2583,-1.046,0.15535,2.5265,-1.0182
0.99728,1.1592,-0.55652,-0.52265,1.7511,-0.20013,0.86905,1.5298,-1.7269,1.7177
-0.026054,1.8145,1.2603,0.28787,0.12628,-1.0691,1.1143,-1.7099,0.00014489,-0.71793
-0.657,-1.7014,-1.197,-1.3917,-0.037889,0.19833,1.3054,-0.22536,-0.87553,-2.1977
0.67775,0.8017,0.54255,-0.63157,0.48227,0.99232,0.358,-1.2549,0.14208,-1.131
-0.51083,0.18867,-1.1565,-0.36041,0.6006,0.061322,0.24708,-0.37907,-2.0549,0.043358
0.446,0.23996,0.37131,0.55452,-1.0926,0.54455,-0.39661,-0.29911,0.32116,-1.448
1.5166,1.1637,-0.61311,-0.8602,-0.67235,-0.47688,0.12976,0.30995,-0.92618,2.4672
0.93776,0.011309,-2.1408,0.10259,1.3166,-0.54593,-1.0044,1.0086,-0.49365,-0.03269
-0.16016,0.62326,-0.18529,-1.5976,1.2088,-1.4711,-0.10624,0.50441,1.5366,-0.39295
-0.11384,-0.88146,-0.69079,1.2776,0.75194,-0.84149,-0.80372,0.33907,-0.74251,0.53297
1.9371,0.1783,0.17979,1.1451,-0.86021,-1.5341,1.7038,-0.32744,-0.71007,0.81431
-0.1708,0.5735,-0.76002,0.64729,-0.9834,0.23535,2.3067,-0.092162,-0.44573,0.98394
0.30117,0.041045,0.46991,-1.092,-1.4555,-0.84141,-0.27883,-1.0384,0.44752,1.5112
0.32599,-0.45081,-0.54675,1.3995,0.96129,-1.4101,-0.40929,-0.068076,1.1443,-1.2599
0.92484,0.99493,-1.4066,-0.051642,-0.96925,2.3738,0.083236,0.77997,0.57124,1.5538
0.21529,1.584,1.3655,-1.2626,0.81363,-0.7109,0.7785,0.56585,-0.39847,0.37278
0.36625,0.46677,-2.9686,0.38448,0.66026,0.95561,0.97569,0.070015,-0.33682,-0.24881
0.32215,-1.1855,0.092374,1.3305,0.20698,-0.36641,-0.89168,1.0587,0.46003,1.3943
2.689,0.02688,-1.8675,-0.51432,0.26246,0.67348,-0.75105,2.0907,-0.033958,1.2281
0.87607,-0.10066,-0.84728,1.0331,2.1624,-1.6638,-1.4014,-1.4828,-0.62757,0.5001
-0.87649,-2.5343,0.52363,0.5491,-0.11071,-0.31197,-0.010459,1.1592,0.44698,-0.77152
-1.2174,-0.28607,0.43193,-1.8583,-1.2519,1.0919,-0.97765,1.144,-1.1393,0.59639
-1.6148,0.6318,0.40567,-0.11877,-1.2537,-0.2571,-0.24224,-1.8518,0.73418,-0.88974
1.8401,0.70631,0.073835,1.0389,1.6267,-0.13208,-0.17095,0.28537,1.5412,-0.25343
-0.81893,-2.0189,1.5579,-0.4765,0.42176,-1.2659,2.1834,-1.2371,1.6504,1.1372
0.99214,-0.27268,0.30508,1.0985,-0.28192,2.238,1.2323,0.31744,0.62502,-1.557
0.53382,0.81929,0.025256,-1.6527,0.45251,-0.65775,-0.92399,0.12333,2.5719,-1.3551
-1.5267,-0.63304,-0.2566,2.0944,-1.7062,-0.60984,0.40379,0.73651,0.69791,1.7403
2.0229,0.68422,0.13698,0.13119,-1.2504,1.7142,1.0367,-0.85107,-0.69106,0.82935
0.5523,-1.0361,-0.035015,0.19517,-1.7415,1.1815,-0.3561,-0.13819,-2.9833,1.3938
1.8201,0.94844,0.13438,0.72948,1.054,-0.20552,-0.25043,0.36226,0.16835,-0.81845
0.34264,1.4091,1.3795,-0.14062,0.48528,-0.0482,-0.47253,0.72082,1.65,-1.5192
0.17956,0.81367,0.83389,-0.67663,-0.61234,0.75809,1.1554,-0.44363,-2.9089,-0.56073
-1.0193,-0.1782,-3.5562,0.67039,-0.65851,1.3642,0.44872,1.2023,1.9402,0.78205
0.037599,-0.045221,0.37189,1.2624,-1.833,0.23384,0.59634,-1.7244,-0.91947,0.2959
0.13712,-0.63959,-1.2627,-0.93892,0.8521,0.61986,1.2091,0.18044,-0.2529,1.2045
-1.5211,-0.4383,0.29331,0.69646,0.72085,1.0669,-0.62454,1.9765,0.59475,0.56052
-0.018918,0.6231,0.43859,0.64148,-1.0438,-0.66334,0.1185,-0.49117,1.0509,1.0894
0.16325,0.08226,1.0006,-0.12351,0.45265,2.0571,-2.4941,-0.3209,1.1819,-0.62712
-0.72115,0.15066,0.15833,0.79074,-1.4116,1.4462,1.3342,0.072185,-1.3116,-1.1287
0.4106,0.86616,-1.2192,-0.11019,0.27118,0.0063413,0.7394,-0.45594,0.15601,0.23792
-1.2126,0.58198,0.6082,0.94033,0.67669,-1.3688,1.0773,-0.59442,-0.5164,0.22992
-0.57374,0.22973,1.0573,-1.1113,-1.5303,0.37782,-0.051303,1.3939,-0.78607,-0.045757
0.10539,0.98624,1.3417,-2.1902,-0.0017548,-0.37024,1.1525,0.75026,-0.33025,0.14118
-0.6051,0.066,-0.18973,0.11859,-2.5656,0.75135,-1.1123,-2.4719,0.57464,-0.54369
0.42179,-1.2892,0.011824,-0.3856,-1.6387,-0.07944,-0.71012,0.38375,-1.1602,-0.74557
-0.36281,-0.09164,0.42162,-1.0021,0.64838,-0.092853,-0.65361,-0.15077,-0.09756,-1.2201
-0.87412,1.8749,0.94557,-0.39975,-0.046073,-1.8556,-1.2844,0.36466,-0.4017,1.2766
0.93159,-0.22933,1.0739,1.408,-0.013925,-1.1188,-0.24677,-1.2571,0.70747,0.17516
0.60004,-1.1767,1.2244,0.96156,-0.58678,-1.8639,0.77406,-0.059459,0.0073828,0.097557
0.57136,0.19286,-1.207,1.496,-1.7263,-0.35869,-0.2092,-0.37606,-0.24342,-0.88758
0.68511,-0.44641,1.0272,-0.95576,0.38928,0.56057,1.5565,-1.3828,-1.6105,1.0492
1.0094,0.84361,0.34159,1.3634,-1.3386,-1.5368,0.76246,-0.38342,0.53192,-1.4438
0.99087,1.2028,0.63748,-1.4196,-2.1296,-0.67133,0.24875,1.5011,-1.8895,0.73971
0.033691,-0.087965,-2.5081,0.051803,-0.71685,0.60798,0.073631,-0.41328,1.6865,-0.81747
-0.45027,0.98941,0.564,-0.67616,1.5592,1.4729,-0.81955,0.020088,0.74978,0.17469
-0.11066,-0.33709,0.24972,0.63817,1.1168,0.54393,1.9158,0.028262,-0.88397,-0.61214
1.2379,-0.50593,-0.21623,-0.79053,-1.5614,0.48145,-0.42054,0.16508,-2.306,0.34597
-1.1979,-1.4468,-0.51411,1.2713,-0.48435,1.9935,-0.34847,-0.19835,0.22749,-1.3751
-0.56439,-0.455,-0.15718,0.51625,0.5524,0.91692,0.24492,-1.2805,-1.0142,2.1019
1.0433,1.4136,0.30617,1.7876,-0.083873,-0.87524,0.86721,0.48484,2.3867,-0.27612
0.846,0.28006,-0.85985,1.5772,-1.8083,1.1568,-0.17766,0.4407,-0.64311,0.082591
-0.49554,-0.65277,-1.3366,-2.277,-0.30624,-0.19053,-1.2121,0.48561,1.2644,-0.5492
-0.20682,-0.60567,1.3636,-0.71618,0.88182,1.188,0.98065,-0.50888,-1.0415,1.2709
-0.1558,-0.47568,-0.766,-0.7277,-0.14198,1.5584,0.97839,0.80826,0.18047,1.4349
-0.2754,0.87145,-0.66651,-0.77225,0.63328,-0.1853,0.17737,0.50995,-0.58536,-0.054773
-2.4432,0.013344,-1.1863,1.1827,-0.093941,-0.47731,-0.43227,0.48283,-0.49084,0.74696
-0.42732,0.1877,0.0071686,0.57574,0.45231,-1.3906,0.11542,0.81864,0.22381,0.50886
0.30906,0.16561,-0.27307,0.1756,1.2011,-0.55106,-0.48295,0.3416,-1.1285,2.0857
2.4516,-0.11184,1.556,0.23714,1.3917,0.097636,0.80901,-1.4884,1.2565,-0.13592
-1.4626,-1.6422,-0.40718,0.12041,-0.1434,-1.5219,-0.18356,0.40864,-0.87515,0.32201
-0.63554,1.3647,-0.73779,-0.66774,-0.13542,1.0727,-0.074005,2.4069,-2.1367,-2.4535
-0.38547,-1.5857,-1.891,0.14794,-2.1799,-0.63935,0.25734,0.3302,0.07008,1.3655
-0.94228,-2.6305,-0.14339,-1.0022,1.4621,-0.30888,-0.37183,0.65994,0.65985,-0.019341
-0.67377,-0.44754,0.64629,0.12644,-0.05198,-0.50322,-1.1102,-0.5895,1.0969,0.96835
-1.9242,0.72469,0.65774,-0.97667,0.32229,-0.36216,0.97142,-0.61448,-0.85348,0.73205
-0.11242,-0.031712,-0.077655,-0.18906,-0.60647,0.5088,-0.58926,-0.0036864,-0.11054,0.93006
-0.51851,-0.26331,-0.42632,-0.75646,1.1096,-0.5469,2.7244,-0.75404,1.6932,1.4322
0.53498,-0.15475,0.27164,1.0438,0.51667,-0.36041,-0.36947,-0.15039,-0.011121,-1.5068
0.057408,0.38956,0.25158,-1.1379,0.1837,-0.0054631,1.3591,0.20034,-2.0131,-0.091479
1.0658,0.39705,-0.94136,-0.51908,0.35948,-0.22344,0.12513,2.1909,-0.82671,0.13871
1.6207,0.78175,-0.61206,1.1571,-1.3854,1.5753,1.4247,1.2535,-1.3543,-0.12442
0.12185,-0.75661,0.32385,0.75212,0.58062,0.34461,0.44401,-0.26261,0.47946,0.28589
-1.238,-0.94681,-0.62971,-1.1582,-0.056148,0.89417,-0.70294,1.8848,-0.66259,0.39798
0.24413,0.82535,-0.42613,-0.40283,0.62874,-0.45376,-0.86014,0.74907,-1.7196,-0.50586
1.3983,-0.31197,-0.31845,0.062913,-0.54453,1.7237,-0.58812,0.0018506,0.3275,-1.0534
-0.095473,-0.70125,0.1522,-0.39994,-0.008529,-0.75093,1.3785,0.60314,-0.5003,1.352
0.38762,-1.1497,0.53757,0.17232,0.79026,-1.6335,0.96704,-1.7319,2.476,1.0739
-0.96631,-1.0365,0.1684,-0.30907,0.30996,0.17302,0.21872,0.91702,0.74936,-1.276
1.5092,-0.38003,1.4275,-0.44606,-1.2958,0.28423,-0.21819,-0.30217,0.068971,0.057247
0.40383,0.56843,1.1267,0.18366,1.0194,0.28063,-1.9395,1.0215,1.64,1.3781
-0.42214,-1.0971,1.4545,0.67584,1.2683,0.53201,1.3684,2.282,1.1128,0.61511
-1.674,1.5249,-0.60632,0.84179,0.55092,-0.73673,-1.0828,0.71568,0.10821,0.10579
-0.68763,1.4892,1.565,0.75592,-0.33207,-0.8583,-0.063631,-2.8129,0.72587,-1.9564
-1.0272,1.2459,1.2531,-0.59083,-1.855,-0.81502,0.39289,0.14813,1.4533,1.7289
-0.49256,0.10454,-1.0076,0.33628,-2.4387,-0.1769,-0.89714,2.4493,1.458,0.49032
0.34681,-0.42599,-0.9314,-1.0349,1.348,1.2994,-0.88988,-0.45558,0.36521,0.20857
0.82935,1.0509,-0.033612,-0.11327,0.89697,0.58052,-0.56426,-1.0488,0.8643,1.1984
0.15563,0.021975,-1.2633,-1.5131,0.99471,-0.58803,-0.48925,-1.1696,2.3728,0.41495
0.083714,0.28206,0.91983,1.206,-2.1031,0.28616,0.26003,-0.15244,-0.80967,-0.62935
0.37462,1.0661,-0.68871,0.051842,-0.02727,-0.71821,0.91278,-1.1133,0.215,-1.6723
2.6532,-1.7763,-1.7041,1.743,0.29769,-0.95424,-1.0835,-0.23331,0.63694,0.42706
0.33271,1.1587,-0.305,0.79601,0.33519,-0.42166,-1.6064,-0.35156,-0.18339,-0.2922
0.14077,-0.51065,0.0609,-0.39552,-0.66918,-0.21033,0.61755,-0.29627,-1.5318,0.84322
1.5778,-1.7207,-1.7616,0.29672,0.35598,0.63698,-0.60997,0.75989,0.60507,1.1569
0.089548,-0.26923,0.12459,0.23919,-0.28799,-0.0038448,0.97492,1.9864,0.53019,-0.56826
-0.67298,-0.92149,0.40233,0.60254,0.39159,0.073533,0.39003,-0.83266,1.5978,0.10553
0.93189,-0.87501,-1.1131,0.65858,-0.84272,0.07104,-1.3882,-0.99651,-1.2033,1.4034
-0.35789,-0.95859,-0.1203,0.13301,1.2543,-0.96588,1.3767,1.6729,0.47143,-0.4046
0.2021,0.61551,-0.0037877,-0.41201,-0.043379,0.46151,-0.030415,0.98013,0.44585,2.1828
0.87625,-0.74509,0.29733,1.56,-0.49872,0.16803,-1.3557,-0.93534,-0.93922,-0.50073
0.80795,-0.57196,1.6418,0.46537,-1.8883,-0.93724,0.25765,-0.72938,-0.029905,0.39776
-1.6033,0.14449,0.68481,0.7247,0.36889,-1.1128,0.59959,-2.5731,-2.048,-0.73967
-2.3621,-1.3716,-0.059808,1.0686,-0.10262,-1.2823,1.366,-1.2052,1.3234,0.1055
-0.7017,0.88828,-1.0857,0.43323,-1.8613,3.4172,0.72066,-1.3379,-0.044482,-1.5359
1.6519,-2.646,-0.67529,1.004,0.052334,0.092102,-0.47437,1.0997,-0.10706,-0.72454
0.23507,-0.38862,0.38603,-0.94775,-1.5273,0.68466,-0.37399,0.45644,0.080481,0.064443
-0.15175,-0.60206,0.69614,0.078854,-1.5572,0.00072691,-2.3187,-1.9751,0.38606,-0.65677
-0.15589,0.71054,1.2372,-0.034036,0.13111,-0.22255,-0.15472,-0.5425,-0.012426,1.0675
1.0382,0.40686,-0.3891,-0.093457,0.15832,1.248,-0.53923,-0.35242,-0.29544,0.32261
0.33048,0.59502,0.18774,1.12,-1.2336,0.29985,1.0458,0.0013207,-0.28028,1.775
0.47581,-0.50465,0.95155,-0.0024336,0.47034,-0.92162,-0.80606,-1.1736,-0.028571,0.30907
-2.0905,1.8554,1.0559,-1.0902,-0.67668,0.39618,-0.85175,0.18614,0.92861,0.994
-0.17403,-0.47499,0.78611,0.31169,0.8001,1.6819,-0.17515,-0.82791,0.083582,0.51432
0.019188,0.0034612,1.0147,0.64261,-1.0965,2.6041,-0.94923,-1.4294,-0.59952,0.45292
-0.86003,-0.69495,-0.27224,0.41233,0.073614,1.5567,-0.71002,-1.2535,-2.6169,-0.99715
-0.022949,1.2752,0.67249,-0.10396,-1.4459,0.64107,-0.0081673,-0.25983,0.044265,-0.59544
-0.60232,-0.95519,0.24881,-0.53434,0.033823,-0.28554,0.40831,-1.0999,-0.83631,0.030425
0.8699,-1.4309,-0.79754,0.19201,0.013897,-1.3467,1.3289,-0.35179,-0.18249,1.1711
-0.57081,-0.31222,-0.28714,-0.98986,0.11967,0.038728,-0.3769,0.37532,1.1824,0.73978
1.3047,2.0572,0.95935,1.1689,1.1317,1.1688,0.3185,1.0228,-0.10723,-2.0447
-0.042644,-0.26703,-1.5576,-0.4855,1.5899,-1.8243,-2.5071,-0.061541,-0.22647,1.4664
0.89553,-0.75167,-0.50393,0.15548,0.25909,-0.90045,-1.587,0.088867,1.3755,1.2564
2.2849,0.010729,0.16503,0.76876,1.105,0.72095,-0.22567,-0.84143,2.1043,0.10535
0.066827,0.22557,-0.91609,-1.311,0.39185,0.32715,0.87612,0.083505,1.4687,0.63399
1.4946,-0.29361,-0.36987,0.34211,-1.3686,-0.33927,1.1252,-0.88414,0.51209,0.12768
-1.0725,0.48259,0.0054796,0.41053,-0.86339,0.21093,0.53547,1.5353,0.39269,0.084283
1.8233,-1.5416,-0.74915,1.0106,0.99912,-0.27704,-1.0864,-0.99083,-0.42954,-0.13496
-1.2084,-1.4327,0.80622,1.6315,-0.20145,1.9883,0.86249,0.014303,0.78071,0.14016
-0.065392,-3.5558,0.34508,1.5981,-0.37681,-1.5651,-1.4896,0.14967,0.09851,2.0017
-0.32684,0.08079,-1.7055,2.291,1.238,-1.8129,0.87822,0.54406,0.81273,1.5858
-1.1492,1.4429,1.2061,-1.1563,0.18052,0.39371,-0.026155,-0.16303,0.54757,1.4104
-1.308,0.23812,1.5772,-0.71387,0.66783,0.33547,-1.1523,0.26131,0.1904,1.6935
0.64638,0.12272,1.0342,0.38264,-0.41675,-0.31098,1.2728,0.14964,-1.2245,-0.10081
-1.3892,0.84533,0.31008,-1.4292,0.80646,2.2091,0.21384,2.0308,-1.7017,0.5264
-1.3407,-0.3415,3.2939,-1.1816,0.10823,1.622,2.1909,0.44276,-1.2864,-1.0306
1.1289,-0.60763,-0.50301,1.0579,1.0263,0.68108,-1.5595,0.079338,0.14671,1.1164
0.0016961,0.2706,0.62912,-0.22857,0.3595,1.3656,0.59162,-0.38462,1.2257,0.091847
0.37968,0.72573,0.50205,0.40124,-0.1561,-0.79481,0.39861,2.093,-0.13034,-0.15652
-0.90133,1.0602,0.96642,-0.13724,-0.45249,-1.6462,0.87753,1.0536,0.93072,0.79389
-0.19679,-1.1141,0.81649,-1.1332,-0.0069797,-0.38161,-0.39738,0.15167,-1.5571,-0.12296
0.30694,-0.23973,0.57493,-1.0709,-1.1273,-0.30703,0.41427,1.7981,-0.72369,0.98369
0.16746,-1.8818,-0.72542,0.8683,-0.81677,-0.37664,-1.5551,0.98812,-0.57962,-0.097669
1.7881,-0.19339,0.29977,1.4954,-1.737,0.89892,0.12928,-1.5689,0.50962,0.34638
-0.62408,-0.76195,-0.60316,-0.80042,0.44116,-0.11435,-1.2584,0.092602,-1.3558,-0.11168
-0.14996,0.42729,0.96475,-0.4155,0.2226,0.74682,-0.55253,-0.3636,-0.72277,-1.1224
0.83222,0.45267,-1.2583,0.54149,-0.92059,2.1453,-0.55015,0.56065,-0.47782,1.0786
0.94809,0.97489,-0.46267,-0.39229,-0.0037795,1.3475,-0.81635,2.6495,0.32579,1.3394
-1.9737,1.3369,-0.67153,0.02009,-0.036043,0.22602,-0.77643,-0.27741,0.26484,0.93471
-0.39188,1.4792,-0.39894,-2.7959,-0.4381,1.3035,0.867,-0.92815,-0.4887,0.40972
-0.67671,-1.9967,-0.23872,-1.6891,-0.5728,0.8127,-0.22853,1.5898,1.2014,-0.62098
-0.016021,0.036254,-0.12549,0.60925,-0.1291,-0.3854,0.28347,-0.91587,-1.2926,-0.76507
0.51517,-1.2807,-0.17654,0.78637,1.274,-1.6988,0.82387,-0.034145,-1.6991,0.16242
0.44483,0.73495,1.4979,1.1187,-0.046044,0.021612,0.16356,0.77619,-1.0721,1.3387
1.1409,-0.60684,0.3667,-0.84544,-1.207,-0.38651,0.034433,-1.0983,-0.60012,-0.62538
0.44768,-0.64068,1.2074,-0.40804,-0.046436,0.28274,0.29764,1.2885,0.87935,0.76457
0.31544,-0.57303,-0.51743,0.60622,0.51952,0.58523,0.093062,0.58914,2.3717,0.071447
0.94559,-0.9155,0.26476,1.4072,-0.16611,-0.084283,-1.5459,0.22221,-0.39983,3.3428
0.42866,-0.36805,-0.15231,1.073,-0.45138,2.298,1.332,0.15227,-1.7368,0.43239
-1.3246,1.0879,0.91092,-1.5315,-1.3866,1.7374,0.42631,-0.91863,-0.65589,0.26705
0.10982,0.7593,0.73939,0.082023,0.55271,-0.54226,1.8252,-1.5009,-2.8992,2.1657
-1.6547,0.10498,0.6272,-0.89451,-0.045913,-0.69101,0.71875,0.94585,-0.68519,-0.08388
1.1107,-0.25958,-0.65169,0.38641,0.64367,-1.3582,-1.7072,-0.89775,1.2704,2.1911
-2.1079,-3.1114,-1.7515,0.39728,0.069666,2.0761,0.87045,0.77813,1.5578,-1.6543
-0.54984,-0.62736,-0.66718,-0.13962,0.68023,0.75398,0.53009,1.0223,-0.606,1.9195
0.094261,0.35195,0.97887,-0.38775,0.071395,-1.8171,0.4547,-0.63385,-1.5515,0.63203
-0.03822,0.41168,1.9942,-0.59489,-0.60694,-0.24361,-1.4358,0.31785,0.37581,0.41258
1.8829,0.30163,-1.0034,0.76141,-0.11481,1.2103,-1.0574,1.0065,0.27436,0.29202
0.055461,-1.0691,0.6648,0.93719,-0.58333,-0.46569,1.0662,0.25599,-0.52551,-1.641
-0.61389,-0.096047,1.987,-0.8282,-1.6035,0.82976,-0.078539,-0.93459,0.9901,0.37779
0.58702,-0.72517,-2.2863,2.2499,-0.31149,0.8691,-0.52168,0.022363,0.3214,-3.0213
-1.2067,1.2022,0.40304,0.10784,-0.66886,0.91658,-0.54544,-1.8953,0.23126,1.0515
0.54533,1.3928,0.15608,1.0098,-1.5471,0.064523,-1.9102,-0.36776,-0.62241,0.58597
0.25093,0.88634,-1.4664,1.7185,0.37039,-0.41671,1.2909,0.57023,1.2738,-0.34475
-0.39275,-0.13528,0.78294,1.4539,0.49511,0.75862,0.98434,-1.9461,1.5868,0.3249
-0.62204,0.64054,0.36054,-0.48573,0.48474,-0.26928,-0.45739,-0.22314,-1.1179,0.12842
-1.1905,-0.88351,-0.16938,0.11785,0.01753,0.47469,2.5124,-0.70804,-0.24357,-0.75452
-1.8785,1.4016,-0.27962,0.78679,-0.1988,-0.038825,-0.54541,0.97653,0.32566,0.092092
-0.42401,0.77264,-0.84806,-1.2533,-0.02239,-2.4018,-1.8253,-1.2126,-0.18415,0.99632
0.77724,-0.38584,-0.54858,-0.67134,-0.45851,-1.3092,-2.0592,-0.13922,1.0753,1.4715
-0.71393,0.63186,0.9234,-0.41704,0.36459,-0.084671,-1.604,-0.19878,-2.0111,-1.0654
1.5846,-0.070976,-0.030151,-0.99035,1.333,1.5712,-1.8972,0.034098,-0.23982,-0.9532
-0.88831,0.60483,-0.30702,0.58646,0.72159,0.92092,-0.59025,-0.17933,-0.32736,1.5618
2.1408,-0.69648,-0.69919,-1.8835,0.55251,0.51659,0.047825,1.233,1.8571,0.73253
-0.69218,0.24498,0.25429,0.31259,0.90679,0.37031,1.119,0.77835,-1.0695,1.403
0.099297,-0.68154,1.513,1.29,0.29543,1.8721,0.18518,-1.6961,1.1176,0.39939
1.435,-1.338,-0.52525,0.43355,2.1386,-1.8972,-0.088816,0.76965,-0.26607,-0.48525
1.2334,-0.68595,-1.0694,0.026453,0.34873,-0.26218,0.2783,-0.8767,0.37424,-1.1059
-0.75764,-0.48642,0.24042,-0.19813,-0.24219,1.3032,0.96314,1.1967,-0.95746,-0.19438
0.73858,0.75854,0.082748,0.25178,-1.1271,0.078764,-0.44079,1.6192,-0.1907,0.51776
-1.1144,-1.0711,-0.5235,0.6652,0.97907,0.21563,1.3788,2.0689,-1.5163,-0.67294
-1.7059,0.6265,-1.6537,0.22796,-0.4346,0.93505,0.74961,-0.21954,-0.97233,-0.56191
0.66116,-0.91825,-0.21099,0.4171,-0.5275,-0.87923,-1.503,-1.2338,-1.0788,2.8717
-1.7296,1.0565,0.23582,-1.5561,0.19429,-0.70158,0.52315,-0.11094,0.94211,0.66447
-2.1381,0.086366,-1.3868,0.88583,-0.097041,0.57871,-0.54999,0.40909,-0.61447,-0.48645
-0.060048,-0.1446,0.079007,0.19626,0.11603,0.5805,0.021357,-1.4523,-1.2379,-1.195
1.3857,-1.203,1.3278,-1.4426,-0.19293,0.065151,-1.0678,0.40188,-1.9203,-1.6781
1.2178,-1.1419,0.46973,0.40383,0.42598,-1.032,0.53234,-0.84917,0.11644,0.57673
-1.4951,-0.22088,0.747,-0.85784,0.40215,-2.4085,2.6279,-0.26866,-1.5363,-1.4946
0.037283,1.2708,0.99069,0.27148,0.94159,-1.7057,1.2463,0.7232,-1.205,0.67758
0.80287,0.058332,0.89941,-0.89333,1.3238,-0.58476,0.22405,2.0178,-0.8423,0.072829
0.97385,-1.0116,0.92105,0.91648,-0.15102,-1.4734,1.2306,-0.16603,-1.4536,-0.88934
1.5607,0.89082,-1.2267,0.35828,-1.2782,1.4159,0.3077,-0.91898,0.58816,-0.23725
1.5862,-0.1045,0.81742,1.2366,0.994,1.3154,0.56575,0.47125,0.98509,1.2097
0.8563,0.8689,2.0552,1.7418,-0.88314,-0.257,-0.6991,-1.8133,0.99684,0.59368
-1.4245,-0.55525,1.027,0.94431,1.8772,-1.4356,-0.31765,-0.21103,-0.48061,-1.0587
0.039702,0.18948,-0.53226,0.12235,2.0356,1.5976,0.082426,-0.50937,0.40571,-0.21408
-1.3799,-1.4061,0.9291,0.55862,-0.095235,-0.49176,0.47607,1.9853,0.031345,-0.26176
1.2331,-0.82712,-0.95524,0.21367,-1.6193,-0.29977,0.43758,0.59406,-0.024067,-0.90023
1.7421,0.69662,1.5972,-0.36512,0.48753,0.18506,-0.57307,0.38154,-2.2408,-2.2045
-2.0015,0.53306,-1.879,-1.6352,0.71619,0.20418,1.1803,-1.3573,-0.24896,0.8637
0.8355,1.1975,0.31146,-1.3073,0.57689,-0.69196,1.4368,0.77324,1.5421,0.033424
-0.34282,0.50615,-0.88656,-1.3312,0.13215,0.39193,1.2578,-1.0712,-0.97192,0.5886
-0.47796,0.17969,0.53554,-0.56781,0.8144,-1.0012,0.83313,-0.8065,0.29239,0.021372
-0.8891,0.72959,-0.17586,-1.3981,-0.33283,0.56484,0.86973,0.74798,0.8409,0.45212
1.2634,0.7985,-0.29463,0.59439,0.0033457,-0.0042085,0.43677,0.32137,-0.31419,1.1253
0.3832,1.1297,-1.4479,0.23494,0.39301,-0.56502,-0.9148,-0.41576,0.81723,-0.13822
-0.11887,1.5823,-0.25481,-1.6991,-0.44177,0.090615,0.55784,0.061146,0.51443,0.19165
0.41725,0.75635,1.2717,-1.9748,0.20865,-0.6563,-0.93529,-0.56443,0.22422,-1.5744
1.0132,-0.1542,0.75316,-0.36909,-1.427,-0.81341,1.2267,0.21309,0.47436,-1.4638
-0.86952,-1.3275,-0.25758,0.66357,-1.3488,0.86511,1.7386,0.031736,1.4288,-2.2116
-0.79468,-0.66249,-0.22244,-0.45731,0.31182,-1.6751,-1.6788,0.097096,1.9624,-0.49377
0.6885,-0.82087,0.62413,-1.4812,-0.55905,0.32562,0.31497,0.84921,0.30327,1.8777
1.5857,-0.5633,0.8256,-1.4747,-1.263,-1.174,-1.1665,2.1151,0.06247,0.27204
1.2502,1.4651,0.90999,0.9273,-0.85577,1.9881,0.90577,-0.98083,0.94013,-0.69212
-0.1156,-0.91839,-0.32069,0.038949,-0.067157,-1.0616,-0.36058,-1.3258,0.84998,-0.66477
-1.3318,0.66853,-1.7838,0.41374,0.67192,0.94842,-2.0325,-0.2871,0.61449,0.89795
-2.3428,-1.4843,1.3,-0.69803,-0.55199,0.41351,-0.93443,1.0071,-0.34367,-0.024771
-0.92656,-0.30162,-0.055702,-0.20033,-1.0768,-2.3835,0.54965,0.26066,-1.9863,0.19296
1.1296,-0.083297,0.98508,1.2257,-0.8236,1.0659,-0.15593,0.4396,-0.15949,0.17332
-0.54913,-0.56252,1.2044,-0.32292,-0.31613,0.16552,0.64679,0.38169,-0.825,0.20976
0.28373,1.0134,0.65123,-0.066822,-0.40447,-0.6261,0.7008,1.3056,0.50253,0.17637
0.21278,-0.33299,-0.66177,-1.352,-0.29231,-1.5144,-0.21498,1.2811,-1.9567,-1.5356
-2.2028,1.2386,-0.6716,-0.38001,0.52613,-0.69506,2.0213,0.005729,1.0966,-0.039367
1.2511,-0.66634,0.65237,1.5117,-0.51411,-0.39962,-0.62194,-0.08465,0.39486,-0.13106
2.0247,-1.1875,0.56789,-0.88468,0.47542,-0.73222,-0.39428,0.74714,0.56787,0.08145
-0.038897,0.60703,-1.0491,0.59344,-0.57589,1.0077,-1.1594,0.35919,-0.96182,0.419
0.99858,1.8944,-1.1642,-0.30682,-1.62,-1.8724,0.45192,-2.0419,-0.50513,-0.38555
-0.75733,1.3384,-1.4061,0.53557,0.32314,1.5401,-0.30557,1.3703,0.20779,-0.35601
0.59615,1.0753,-2.5682,1.3129,-1.9695,0.31703,0.4746,0.36761,1.0578,0.61882
2.1232,0.64891,-0.6939,0.25677,0.47683,2.1462,-2.3485,1.7964,1.0347,-1.1861
1.3117,1.6839,-1.9902,-0.46532,1.1337,-0.81125,0.23129,-0.061365,-0.99136,-0.43364
-0.69994,1.3734,0.69578,-1.3564,-1.2136,-0.98536,0.79323,-0.48927,0.066348,0.59347
-1.0196,-0.31517,-0.41546,-0.078778,-0.54669,-0.4268,-0.25933,-1.1181,-1.3829,-0.39524
0.053115,0.14351,-0.2304,0.53456,2.2869,-0.4961,1.0026,1.4997,-2.0523,-1.3183
-0.23702,-0.88312,-1.6984,0.34676,0.81802,0.46164,-0.53967,0.14041,-0.4735,-0.13318
-0.062736,-0.15294,1.0799,0.0068796,-0.34768,0.17581,-2.489,-1.9018,-1.0605,-0.94887
1.2711,0.79242,1.388,-0.44191,0.031027,0.27565,-0.34924,-1.2017,-0.31777,0.13509
0.22114,0.40794,1.4352,0.19957,-1.1591,-0.21962,-0.32358,0.6276,0.78601,0.30789
1.664,-1.0159,-1.0613,0.13625,-0.73372,0.12675,-0.52913,-0.66783,0.97615,1.4432
-0.04296,1.2525,-0.72789,0.454,-0.25101,-0.13199,1.918,1.3367,-0.18954,0.2655
-0.13324,1.0048,0.8054,-0.85844,1.5065,1.0497,-0.13365,-1.2033,-0.40287,0.58012
0.7932,1.1753,-0.25192,0.21876,-1.7533,-0.32481,-2.1592,-1.1915,-0.42702,0.50795
0.42627,0.31658,0.79362,1.7597,-1.6155,0.16574,0.23418,2.5452,-0.7772,-0.038402
-0.2099,0.97148,0.58034,-0.73256,-0.50304,1.2294,-0.06925,-2.5843,0.46016,0.028956
-1.5882,0.51297,-1.0533,1.5785,0.8121,2.4315,1.9875,0.18011,-0.42889,2.4723
-1.1164,0.55087,1.0044,-0.040687,2.2501,0.3993,-0.52987,0.56854,0.46529,1.8908
0.61686,-0.06263,0.13066,-1.4487,-0.93951,-1.5371,1.2896,0.52019,-0.90898,-0.5715
0.54346,-0.36861,-0.74498,1.3618,1.1476,-1.433,0.21169,-1.3194,0.86826,-0.10396
-1.4679,-1.3655,0.708,1.1983,0.79126,1.4732,0.34372,2.2034,-0.5046,0.99178
0.11991,-0.12239,-1.0433,-0.63849,2.1984,-0.38993,1.3851,-1.9738,0.12039,-1.1325
0.52936,-0.64829,0.15161,-0.3366,-1.4009,-0.15089,0.22196,1.4155,0.79107,0.20969
-1.1752,-0.73025,-0.72413,1.0777,-1.4782,0.41654,0.44207,-0.89358,-1.1354,-0.25274
-0.99822,-0.35912,0.82795,-0.20041,-0.047509,-0.11756,0.15495,0.26745,-1.4967,1.0414
1.194,0.41389,0.38956,0.17949,0.21003,0.18765,0.2171,-2.0114,-0.79192,0.79704
-1.7537,-1.3704,-1.2526,-0.99524,-0.94171,-1.9037,1.2748,-0.82202,-0.11345,-0.72459
0.44653,0.18129,-1.1897,0.020832,-0.27049,1.3962,-1.0512,1.5841,0.79533,1.2721
0.97806,-0.3205,0.75712,1.0289,0.95115,-0.61577,-1.1551,0.29538,-1.6956,0.29605
-1.7913,-1.7305,2.7112,1.1188,-1.5198,0.19604,-0.89871,-0.39202,-0.55902,0.8695
-0.13019,-2.4452,0.19133,-0.072465,-0.35994,-0.59533,2.8575,-1.9689,1.9363,-0.59217
-1.1752,0.89424,1.0075,-0.034,-0.12597,0.038532,-0.089225,1.8233,1.5652,-0.10668
0.089962,-0.43905,2.1217,-0.076994,0.37965,-1.7593,-0.0058281,-0.43578,0.81075,-1.2187
-0.42217,0.66221,-0.44888,-0.10176,-0.22333,2.193,-1.6139,1.4489,0.36654,0.51538
-1.6509,0.27586,-0.0013259,-0.59151,0.29834,0.26168,0.91706,0.045464,-1.7438,-0.92502
0.61797,-0.55137,-0.19729,1.778,-2.1073,0.56448,-0.4091,-0.41952,-0.23774,-0.13235
0.59616,0.82054,0.71253,-0.1475,-0.38769,-0.90332,-0.35203,0.93237,0.9739,0.65427
-0.61844,0.81866,2.0436,-0.41694,-0.52369,-1.4518,-0.13281,1.3971,1.0115,-1.0291
0.52788,0.15979,0.61369,-0.24603,0.061444,-0.23023,0.17139,-0.52913,-0.87611,0.42901
-1.3443,0.99362,-0.46791,-1.0404,0.71559,0.36794,-0.091147,-2.1901,-2.2283,2.4067
-1.2348,0.3803,-0.2561,-0.38799,-2.1779,-0.050545,0.52519,-0.18235,-0.50433,-1.9668
-1.1534,0.73987,0.80584,0.034417,-1.1688,0.69785,-1.2138,-0.5852,-0.12037,0.98334
-0.10933,-1.1566,0.92802,-1.0941,0.73247,-0.45886,-0.12791,0.6697,0.20083,1.23
-0.52419,1.0748,-0.36361,0.065464,1.632,1.0969,-0.3325,1.2368,1.9077,0.575
1.9113,-1.7422,-0.50675,0.74758,0.81916,-1.1858,1.8596,1.9993,1.3484,0.0054826
-0.071106,-0.48882,-0.57252,-1.0289,1.8822,-0.7203,0.35009,0.72153,0.673,0.97487
0.56184,0.61151,0.16684,-0.018124,0.49824,-1.6747,-0.42285,1.0197,-2.42,0.84338
0.57407,-0.45995,0.49076,-0.53747,1.4333,0.9333,0.34899,0.035336,-0.19415,-0.20679
0.37173,0.4659,1.6419,0.60504,-1.2698,0.92161,-0.73514,-0.60449,0.95968,0.24147
0.19169,0.56666,-0.1526,0.98996,0.56511,0.026256,0.84377,-1.2616,-0.084342,0.051682
1.2441,-0.6335,-0.18258,1.0219,-0.20492,0.44386,0.81177,0.30991,0.91922,1.5092
-1.1642,0.78231,1.8265,-0.29601,-1.8767,2.0121,0.89731,0.42386,-1.147,-0.579
1.6353,0.26648,-1.2422,-0.19988,-0.65959,0.92912,-0.56641,-0.30771,1.7048,1.7243
0.68633,0.043245,-0.1084,0.14328,0.11386,-0.48215,-0.36308,0.15754,-0.50244,0.086107
-1.1495,0.92904,-1.4269,0.12745,-0.50199,-2.1601,0.69387,0.77552,-0.064935,-0.61041
1.1102,-0.18061,-0.61152,1.3,-0.93926,0.19914,-0.20002,-0.76679,2.2322,1.0124
1.1826,-1.0148,-1.3442,-0.39131,1.0832,0.17326,-0.414,-1.3316,0.95847,-0.32034
1.7073,0.60821,0.79049,0.781,1.8339,0.31098,-1.4519,1.1141,-0.9471,0.16582
-0.42032,0.73746,-1.496,-0.3827,0.3634,-1.1531,1.0852,2.1854,-1.1184,-0.049475
1.6394,-0.79095,-0.36562,-1.7289,-0.61711,0.90066,0.32027,0.47127,1.583,-0.10052
0.26347,1.4554,-0.94527,-1.276,-1.1504,-0.15436,-0.21521,-1.5048,1.0561,-0.75469
-1.4635,-1.1194,-1.1116,-1.5928,-1.7252,-0.21609,1.1686,0.65968,-0.38841,-0.49688
-0.77617,-0.86273,1.817,-0.90754,-0.39055,0.36106,0.54723,0.34703,0.52032,-0.4167
0.92949,0.53635,-1.2171,1.1865,-1.7579,0.32718,-0.39053,-0.28626,-0.0094294,0.0033469
1.793,-2.1669,-0.26201,-0.16924,-1.5653,-0.97813,-1.5998,1.8637,0.52673,-2.9018
-1.1832,-1.3281,-0.51008,-0.79581,0.74346,-0.78131,1.0493,1.2892,-0.054728,-0.33679
-0.11118,-0.3853,0.502,-0.42062,-0.054364,-2.7514,1.2459,-0.06461,-0.25782,1.4064
-0.65677,1.1777,-1.1379,-1.6521,1.4716,1.0723,0.16031,0.62544,-0.98638,-0.031568
1.8797,1.3876,-0.2818,0.72422,-1.1,-0.11051,1.1382,-0.90963,0.8537,0.63058
-0.89608,-0.8316,1.5297,-0.13257,-0.18368,1.83,0.21959,-0.55178,-0.72565,-0.0064834
1.3315,-0.67382,-0.74104,-1.6803,-0.36923,0.166,0.30395,0.40011,1.9608,-1.2485
-0.62457,0.38006,0.9893,0.78083,-0.29542,0.45731,0.12737,0.66381,0.51945,-0.60664
0.77668,0.96433,-0.31903,1.7378,0.23678,0.070225,-0.48769,0.12253,-0.41488,2.106
-1.3243,2.5696,0.33193,-0.77893,-0.19124,-1.2011,-0.11233,0.70655,0.43262,0.099892
1.5003,0.33719,0.43648,0.67403,0.39635,-0.63236,0.65864,-0.89971,-0.23587,0.010559
-2.2029,0.80785,-1.9947,0.70353,0.87563,2.0125,-1.7742,2.2327,-0.6626,-0.084004
0.32251,-0.42625,0.17402,0.48846,0.77454,0.57516,-0.41366,0.76875,0.80387,1.8654
0.421,-0.98878,-0.17806,-0.15617,-0.07344,-0.72847,1.6214,0.39876,-0.29235,0.89665
-0.8207,0.13234,-1.3455,0.93541,-0.039712,-1.0624,0.44038,1.2197,-1.1238,0.5461
-0.96646,0.26439,0.32968,-0.72942,0.0049907,0.75873,1.6971,-0.39368,0.53197,0.22378
0.60935,-0.80473,1.0605,0.055276,-0.28539,-1.0329,-1.7058,-2.1082,1.23,-1.0111
-1.0362,1.1733,-1.0243,-0.42571,2.6491,-1.0744,-1.4069,-0.20505,-2.3893,-1.5733
-0.028238,1.4199,1.0409,0.099759,0.66393,0.1121,-0.007059,-0.23653,-0.031308,-1.5949
-2.8198,0.40278,-0.71293,0.31938,1.2424,1.8203,0.058391,1.9561,0.050974,1.0524
-2.081,1.3794,-1.2608,-0.31945,0.47268,0.26759,1.3714,-0.6332,-2.072,0.54672
-0.044753,-0.53191,0.73323,-1.2425,-1.3208,0.078049,1.3525,-0.11215,-0.94139,0.74578
1.118,-1.343,0.56759,0.536,-0.85963,-0.051805,-0.64649,0.20098,-0.34318,0.86919
-1.6495,-1.2891,1.0363,-0.49162,-0.85896,-0.62985,0.61688,-0.58144,0.86853,-0.64428
0.67867,0.40672,-0.14558,0.072155,-0.2268,0.094906,0.92563,1.5023,0.31345,-1.3349
0.49432,-0.34596,-0.36091,0.40083,0.51994,-1.4128,0.83542,1.3511,1.9289,1.0751
-0.58847,0.44592,1.042,0.14657,1.3712,0.76867,0.061103,1.7531,0.20966,0.51845
-0.023925,1.0806,-1.1548,2.6643,-0.094035,-1.031,1.2692,1.5909,-0.27414,-1.2284
2.1913,0.54123,-0.90908,-1.9212,0.59808,1.5706,-0.76146,0.58555,0.19076,-0.5356
-1.4006,0.60489,-0.15647,0.02428,0.9786,0.54365,0.61302,0.55398,-0.74148,2.1947
0.4801,-1.697,-0.37111,0.24763,1.4782,-0.08269,2.0584,0.28457,-0.89088,0.77781
0.20755,-0.52519,-0.067047,0.9658,0.39861,-1.006,-0.77956,0.052328,-0.47684,-0.35185
0.32208,-0.22392,-1.1511,-0.39158,-1.2837,0.62044,-0.58175,-0.071056,1.2584,-0.032312
-0.0058805,1.5452,-0.017394,0.22959,-0.29438,-0.093623,0.33212,-1.1794,-1.0294,0.077293
0.28139,0.18886,1.1996,0.58363,1.0051,-1.3387,0.054566,-0.53746,-1.3756,-0.071607
-0.25134,-1.5735,-0.9082,-1.8873,-0.43963,0.57493,0.049131,0.044952,0.43672,0.85639
-1.6935,1.6438,-1.556,0.58248,1.652,-0.47052,-0.27017,1.2274,0.37261,-0.29739
-0.58402,0.49526,-0.65917,-0.39107,1.4455,2.0809,0.39509,-0.47297,-1.2915,0.68682
0.23444,0.015756,0.061111,0.92679,-0.78833,2.2482,-0.96697,-1.0655,0.85625,0.15356
0.25879,-0.48319,0.091635,0.60561,2.3879,1.3526,-0.12631,0.22349,0.38049,-0.93124
0.60366,1.2109,0.98384,-0.093213,-0.75601,-0.24557,-0.014238,-0.15139,0.068102,1.267
2.221,-0.84431,0.33383,-0.72775,1.5056,1.2231,-1.1162,0.016891,0.22997,1.2606
-1.6541,2.1917,0.42919,-1.1592,1.7142,-0.87873,-0.77062,1.2447,-0.71333,2.3281
0.68041,-0.18184,0.97397,-0.99096,-1.5253,-0.73749,0.97857,1.5918,1.4936,0.54703
0.13583,-0.97142,-0.043122,-0.48674,-0.38822,0.044216,2.5055,-0.61625,0.57873,0.92168
-0.037987,-1.3531,-0.88746,-0.4686,0.21971,-0.22288,-0.20257,-0.84163,-0.61033,-0.68844
-0.69314,-0.31301,-0.74102,-0.5766,-0.089075,2.0991,0.79862,0.95096,0.14715,-0.77379
-0.12753,0.048484,0.098504,-0.12374,-1.0524,-1.594,0.44247,1.5246,0.051954,0.73989
0.68036,-0.38137,0.24405,1.3623,0.53235,0.36084,-1.6139,0.11053,-0.27878,-2.9167
0.42621,-0.71195,0.5327,0.18593,-0.80571,-1.6684,0.44036,0.78984,-0.73354,0.67499
-1.6057,0.56759,-0.65517,0.01318,0.59594,-1.0928,-0.28993,-0.32911,0.47823,0.35627
0.90621,-0.77302,-0.81115,-0.72106,1.3883,2.0242,1.1527,-0.83257,-0.34063,1.1634
0.24951,0.27626,-0.56452,0.22062,0.69855,0.81066,-0.78686,0.60101,0.82517,0.43626
1.8942,-0.26558,0.32629,-0.56985,-1.2236,0.16407,1.454,-0.36869,-0.388,0.92576
-1.1124,0.63454,0.21492,-2.8148,0.20543,1.5624,1.3121,0.91225,-0.064605,-0.87312
-0.72204,-1.5588,0.84358,-0.1796,2.3009,0.59331,1.2601,-0.5539,0.51864,0.087138
-1.7522,0.96004,-0.63451,0.80756,-0.93633,-2.5141,-0.40686,-0.16036,0.38488,0.15558
0.0036123,-1.0304,-1.4061,1.0139,1.2005,-1.9339,1.1256,-1.3934,-0.98621,-1.011
0.99514,-0.8512,0.13679,0.20152,-0.77012,-0.89876,0.15066,1.0695,0.085884,-0.014961
-0.47897,1.0126,-1.0449,-0.2954,0.084676,0.3052,1.2935,-0.59442,-0.88509,0.19892
-0.5191,1.7252,0.42437,-1.4004,0.97146,1.128,-0.29803,-0.73363,1.1597,2.4806
-0.29466,-0.42107,0.49453,0.10018,0.00045633,-0.56101,1.4027,1.8782,1.641,-0.21447
-0.16055,0.2117,-0.87184,-0.69614,-0.26223,-0.061072,0.11525,-0.1959,-0.052137,-0.71013
1.0235,-1.1977,-0.1062,-1.0317,0.0072469,-1.1333,1.24,0.81619,-1.2084,0.79424
0.015895,-1.6105,-0.010004,0.051864,0.068624,-0.97659,-1.7519,-0.462,0.71932,-0.77872
-0.48266,1.1744,-0.50381,-0.53321,1.1655,1.3617,-0.62035,-0.80106,2.0039,1.3214
0.63467,0.74914,0.22453,0.78956,-0.37903,0.29566,-0.48884,-1.1098,0.15331,-0.32783
-1.3644,-0.03458,-0.037741,1.0504,0.46789,1.0218,-0.046351,1.7277,-0.96827,-0.6471
0.59862,-0.51758,-0.23275,-1.1283,0.22961,2.8112,-0.90923,-1.2356,-0.9608,-0.24987
-0.2065,-1.2422,0.75539,-0.11059,-0.61395,0.1741,-0.59776,-0.71227,0.15752,-1.9734
2.1394,-0.55706,-0.56953,-1.5214,-0.73905,1.9003,1.9776,-1.4543,0.060661,-0.66385
-0.64881,1.4949,0.74604,-0.021927,-1.2161,-0.10893,0.24262,2.321,2.1657,-0.2591
0.42359,-0.23982,-0.19881,-0.35307,0.05146,0.96724,0.1529,-1.8044,-0.52926,0.002978
0.11787,0.56957,0.039741,1.1745,0.7417,-0.32802,-0.92837,-0.4894,0.00074324,1.2312
-1.0808,0.094422,0.014513,1.4895,-0.097314,-1.1352,0.34013,-0.014487,-0.76786,-0.025226
0.87553,-1.3357,0.27628,0.68176,-1.6782,-2.0833,-1.5209,-0.46459,0.1274,-0.1859
-2.2263,-1.7112,1.8182,-0.051471,-1.4424,0.59906,-0.8274,-0.023118,1.6978,0.4225
-1.9461,1.0508,-0.51155,-0.19294,-1.6412,-0.66849,-0.6905,0.38038,0.43613,-0.93874
-1.3096,0.22269,1.7279,1.1349,-0.75901,-1.2762,-0.61965,-0.52718,0.44793,-0.67882
