1.3056,2.8472,-0.92368,0.24908,0.30015,0.35895,-0.18622,-0.92556,1.7352,1.0241
0.98397,-0.14976,-1.3836,0.32464,-0.33385,-0.62299,-0.29191,0.81032,0.26754,-1.0231
-1.2514,0.6511,0.20778,-0.71705,-1.7729,-1.2021,-0.49338,1.9269,0.70077,0.074881
-0.17975,0.14691,0.38486,1.001,-0.50974,0.86336,-0.17072,0.0014271,0.30959,-0.43833
-0.74341,-0.64797,0.056022,0.63737,0.10833,0.29414,-1.5881,0.10602,0.45631,-2.0619
0.23324,-0.81648,0.29643,0.57867,1.3404,-0.19287,0.84549,0.39899,-1.7674,-0.53602
2.1013,-1.0061,0.80737,1.1948,1.2575,0.43253,0.4112,-0.3958,1.5659,-0.79542
-0.87667,1.0125,1.4599,0.08368,-1.4832,-0.51574,-0.46481,0.66457,-0.41181,1.5235
1.9488,-0.55819,-1.0445,-1.2121,-0.41976,-0.69886,0.78636,0.77003,0.36848,-0.70083
-0.46527,-0.96916,1.8038,-0.077919,-0.73853,0.3738,1.8339,0.90639,0.6178,-0.96164
-0.65192,-0.17484,-0.86215,0.19568,0.89755,-0.28411,-1.4036,1.4436,-1.4809,0.11795
0.60963,-0.67693,-0.49459,1.3476,1.2631,0.52115,-0.16136,1.5097,-0.74354,0.75413
0.70912,-0.11347,0.11179,-0.046597,-0.1018,-1.3338,0.14881,1.2654,0.21653,-0.84267
0.2798,-1.8679,-1.4637,-0.95995,-0.68122,0.31343,1.0837,-0.80775,-1.2579,0.002258
-1.4675,-1.196,-0.87468,0.59553,-0.35454,-1.4827,-0.36436,-0.83952,1.5145,2.1013
-0.69132,0.06087,-0.98188,1.4534,-0.032158,1.0597,1.3104,-0.99785,-3.961,0.42364
-0.86799,-0.77295,-1.2597,0.61042,0.5581,-1.4458,0.89448,0.92082,-1.0105,-0.93678
-0.51251,-0.64474,-0.94953,-1.3379,0.35116,0.80852,-0.24228,0.17247,1.3747,-1.6651
-0.78209,1.8485,-1.0318,0.76319,-1.4065,-0.8355,-0.8031,-0.45617,0.040008,1.4016
0.42579,1.2822,-0.50154,0.70929,-1.3655,-1.0533,-0.11813,-0.8268,1.1631,-0.080392
1.0115,-0.22338,-0.36839,-1.4277,0.28641,-1.0968,-0.35944,0.44187,1.6806,0.68194
-0.25067,-1.2041,-0.66867,0.1007,-0.30168,0.18414,0.47023,-0.76567,0.17015,0.35985
0.55424,-0.94221,-1.9054,0.77141,-1.5779,-0.33861,-0.49599,0.66581,0.4992,-0.22114
0.75888,2.2141,1.7895,-0.45809,0.88633,-0.92803,-0.66936,0.12879,0.96056,1.3247
0.13384,-0.1309,-1.6475,0.70034,-0.32396,0.3689,1.6417,-0.73879,1.5628,-0.20063
-0.27256,0.26813,1.2034,0.81457,1.1827,0.13875,1.7554,-0.083907,-0.090549,1.6783
-0.54263,0.029081,1.3105,0.8444,-0.49855,-1.4893,1.9024,0.4166,0.0087483,-0.79994
-1.1631,1.1303,-0.47859,1.5037,0.34859,1.4716,0.41179,-0.11682,-0.16411,1.0353
-0.27352,-0.76975,-1.2124,-1.9757,0.36998,-1.8692,0.14716,-0.20282,1.1183,-1.5771
0.1595,-0.73982,1.3988,-1.9895,0.259,-0.18828,0.033173,0.19293,-0.18481,-0.37915
-0.18671,-1.7884,0.56938,-0.19574,1.3872,-0.7231,-1.1805,-0.24142,1.3163,0.40357
0.2179,-1.5274,-1.0814,-0.50955,0.23892,0.51616,-0.92985,-1.1828,-1.7902,-1.4339
0.046238,0.26947,0.085442,0.052368,-0.39489,0.0070625,-0.47512,1.3917,-1.239,-1.3114
0.67032,-0.087772,-1.6588,-1.3405,0.11305,0.32411,0.78957,2.1766,0.30057,0.57717
-0.6305,0.76946,1.8849,2.1317,1.0345,1.8002,-0.34969,-0.21671,0.76914,-0.70714
-0.11841,-0.51305,0.6638,0.010829,-0.19224,-0.27464,0.46105,1.5235,1.1399,1.9838
0.24206,0.45651,-1.3882,-0.87228,-0.13974,-1.9463,0.10311,-1.3037,0.41031,-0.83806
-0.37608,0.74929,1.6155,0.38841,0.091494,0.55783,-0.43189,-0.14011,-0.67082,1.1804
0.28044,1.9267,-1.7365,-1.2547,-1.1398,-0.47526,0.96586,-1.1386,1.1295,1.0907
-1.7745,-0.086363,-1.1542,0.53487,-1.1566,-0.86424,1.1142,0.98019,-1.7663,-0.23268
0.45858,-0.18411,0.56468,-0.3037,-0.79048,0.73317,0.027115,-0.49544,1.6967,-0.71636
0.46182,0.08823,0.87179,-0.93769,1.1942,-0.28937,-0.7016,-0.22982,0.51376,-0.18503
-0.0011875,0.074207,0.14865,-0.19363,0.97672,-1.1578,0.02241,-0.5464,0.36205,-0.12136
-0.35294,-0.1709,2.1208,-0.23661,-1.0783,-1.2002,-0.75402,-1.9245,-0.18133,0.5807
-0.43299,1.875,-0.38014,0.61596,-0.70623,1.2201,-2.536,-1.0866,-1.0832,-0.42828
-1.7048,1.2386,-0.60912,-0.20515,-1.1138,0.43293,-1.3047,-0.39193,0.019388,-0.39769
1.0957,-0.51887,0.4039,0.015601,-0.91423,-0.24719,-2.4772,1.1143,0.54481,-0.12153
0.63577,0.82761,-1.2437,1.1485,0.45275,0.6925,0.91317,0.10824,-1.148,-0.11351
-1.0872,1.244,-0.31829,-0.22568,0.8507,-1.3094,-0.91571,0.59867,-2.12,0.64519
-1.4773,-0.93334,0.46078,-0.40698,1.1616,-0.0086507,-1.0321,-1.414,0.054228,0.043133
-0.38525,-1.0725,-0.42875,0.0030792,0.82696,0.5219,-2.1708,0.19701,0.67652,0.88877
0.68084,-0.34541,0.0096303,1.4768,0.53781,0.62795,-0.38161,0.24938,1.2879,0.99833
0.83265,0.23005,-0.69284,1.7312,0.40723,0.88111,-0.26781,-0.70324,-0.76752,0.53514
0.5346,0.11951,1.2846,-0.19543,0.9704,-0.078011,1.4402,0.49187,-0.79349,0.22095
0.76802,-0.10374,-0.096968,0.46474,-1.8898,0.4111,-0.19881,-0.27564,-0.57966,1.293
1.7549,0.19636,1.6857,1.1984,1.758,0.56517,0.29786,-0.49157,-0.012591,0.67639
-1.7043,-0.95359,-0.7759,-0.52591,-0.085552,1.9207,-2.0136,-0.81374,-0.23315,-1.4211
0.46951,-0.87926,-0.53459,0.4615,0.95391,0.11583,0.78273,1.2153,-1.312,1.3012
-0.054304,0.34687,-0.22689,-0.65479,1.1717,-0.87138,-0.79481,-0.34601,-0.20783,0.39897
-0.74887,-0.19846,0.61008,-0.23209,2.7192,1.3967,0.28875,1.1167,1.1156,-1.1165
0.71676,-0.4157,-0.39724,-1.3042,-1.2173,-1.3352,0.12413,0.092623,0.095692,-2.0923
-0.0055129,-1.713,-0.96843,-0.27496,-1.3581,0.44624,0.91338,0.088283,1.1965,0.13479
1.2001,0.20994,-1.3683,-0.49422,-1.8455,-1.3863,-0.23736,0.93059,0.57244,-1.0828
-1.034,0.38041,0.305,-0.23171,0.50784,1.6677,0.40018,-1.7146,1.1343,0.15086
-0.84757,-1.3927,-1.2546,0.47636,1.323,-1.1252,-1.767,-0.85016,1.4314,1.125
0.43342,-0.20104,0.85094,-0.61234,1.4208,1.3651,0.48568,-0.41268,0.53048,-0.57627
-0.88752,-0.026028,0.92157,-1.3503,-0.95231,-0.91617,-0.75945,-0.76317,2.1025,-0.41748
0.12123,0.81084,0.83778,-1.9341,1.2201,0.16857,2.2424,1.0158,-1.6532,-1.1791
-0.4019,-0.7405,0.53558,-0.91428,0.37794,0.90306,0.70032,1.5217,0.085497,0.76719
1.0967,-0.64053,-0.3146,1.3542,-0.76057,0.51435,-0.11793,-1.1249,-0.64163,-0.1104
0.43667,-0.81523,0.71085,1.4813,0.2073,-0.53362,-0.65816,-0.27698,0.84148,0.73879
-0.407,-1.7805,-0.23546,-0.51591,-0.32188,-0.16297,-1.1164,0.085456,0.65211,0.61576
-0.63869,0.064596,0.44297,-0.32304,0.35257,-0.11768,-1.1672,-0.84102,0.1848,-0.83876
-0.40488,0.31246,1.3578,-0.042,0.44806,0.572,0.046532,1.9692,0.36354,0.39766
2.3939,-0.80366,0.66572,0.82642,-0.67237,-0.536,0.43449,-1.545,0.58898,-1.3556
-0.049623,-0.95426,1.7002,0.14553,-0.22831,-2.4998,-1.7498,-1.8285,0.51525,0.65216
-0.20258,-1.1799,-0.71485,-0.0072546,-0.57121,-0.11435,-1.2242,-1.3283,0.95981,-0.37309
-0.19753,-0.1978,-1.649,0.94923,0.40931,0.74614,1.0542,0.55345,1.9332,2.2095
1.5163,1.0656,-0.28579,-0.017649,-1.7171,-0.80525,2.2481,0.28672,-0.095571,-0.049988
-1.7322,-2.8281,1.1508,-1.7518,0.62526,-1.627,-0.8946,1.5338,-0.39339,-0.064348
1.1125,-2.267,1.3659,0.15054,1.5766,-0.052901,0.69961,-0.063557,2.173,-0.63293
-0.71928,1.0387,0.89443,-0.010571,0.91982,-1.4411,-0.44134,0.84844,0.5006,1.0119
-0.27337,-0.71846,-1.3526,1.8351,-0.86694,0.86713,-0.55644,0.03873,-0.2535,-1.3452
0.6774,-0.064093,-1.9363,-1.4192,0.15357,2.8702,0.62722,0.644,0.55421,-0.28676
-0.93645,1.1782,0.18297,1.4981,0.37561,0.3815,-0.31276,-2.1855,-0.29033,0.090153
0.42572,1.5233,0.88121,0.79017,0.23463,-0.50148,0.97761,-0.78162,-0.46058,-0.22518
-0.074543,0.030259,-0.62143,1.0992,-0.42477,0.26155,-1.4399,-0.061971,1.2378,-1.196
-1.3988,0.65744,1.4183,0.24545,-1.0866,-0.68235,1.6208,-0.09418,2.2013,1.9651
0.19231,0.18868,-0.16616,-1.0806,-0.5147,-0.025554,0.29457,-0.85882,-2.0578,-0.58141
0.58039,0.47329,-1.2689,-0.52486,0.38084,-0.13913,-0.73824,-1.65,-0.73131,0.015467
0.63786,-0.36969,0.28053,2.2262,0.15545,1.1608,0.91545,1.0097,0.34424,-1.5454
-0.56598,-1.5065,-1.0509,-0.4124,-0.64995,0.35778,-0.21461,-0.5413,3.4307,0.35501
-0.016138,0.56868,-0.48967,1.116,1.6878,-0.23951,-1.0013,0.54268,0.38116,-0.45823
0.62232,0.62545,-0.7702,-0.017934,-0.1248,0.68844,-0.89776,-2.0489,1.9298,0.70626
0.53344,-0.40275,0.17539,-1.3631,-1.169,0.46065,1.8208,-1.8224,1.5685,0.053115
-0.38934,-0.56886,0.92951,0.1497,-1.2607,1.2529,-0.26452,-0.21813,0.22634,-0.094576
-1.2717,-1.4542,-0.15654,0.24565,-0.4898,-0.56624,-1.2762,-0.97121,-2.0753,0.50054
0.2726,-0.53684,0.31464,0.44561,-0.46413,0.027767,0.31979,-1.3535,-0.27885,-0.39931
0.31747,-0.59845,-1.077,0.64224,1.3905,-2.1577,-2.0697,1.3601,-0.90551,0.6546
1.4984,-0.37695,0.34639,1.2035,0.52037,-0.18178,-0.2772,-0.43436,0.98204,0.82946
-1.5538,1.6485,0.60828,-0.0049334,1.973,-0.32917,-1.5334,1.6162,1.6411,1.0653
-0.35429,0.35346,0.77805,-1.0052,1.6461,0.40859,-2.4865,-1.259,-0.58419,0.49663
0.43423,-0.403,0.27185,1.9464,-0.23975,-0.16464,0.46032,-1.0558,-0.85442,-1.2861
-0.10148,0.29777,-1.531,0.59257,0.020273,-0.74455,0.28646,-0.25852,0.65642,-1.3711
2.0288,0.29261,1.3272,0.55697,-1.7223,-0.35215,0.17322,-1.2747,-1.6603,1.0806
-0.36721,1.1639,-0.19636,0.029576,1.4928,0.83143,-0.36565,-1.7065,1.6934,0.3825
-2.3638,0.86627,1.0055,1.136,-0.4512,-0.57343,-0.82604,-0.52626,0.53945,0.064617
0.72986,0.99473,0.42372,-0.75003,-0.0093402,0.085876,-0.076347,0.86789,0.20298,-0.94742
-1.399,0.16387,-1.8801,-1.3067,0.099499,0.4584,1.5831,0.23236,-2.3387,1.4436
1.3149,0.36472,0.2407,0.52514,0.35132,1.0411,0.85135,0.7167,0.55237,2.4744
0.40383,1.0617,1.6689,-0.98155,-0.44578,1.317,-0.082916,-1.0817,0.73357,-0.44002
-0.34417,0.088825,-1.0199,0.32009,1.0186,-0.14815,-0.76204,-1.0733,-1.6001,-0.028259
-0.98006,-1.5603,0.20838,-0.065655,0.62631,1.7791,-0.77433,-2.4865,-0.33276,-0.51272
1.8573,0.17088,0.42976,-0.033212,1.7856,-0.33136,1.4694,0.72602,0.62905,-0.15852
0.30954,-0.94166,-0.28725,-0.17881,-0.027442,-0.74336,-0.55537,0.068811,-0.56484,-2.3012
-0.4891,-0.075117,-1.1561,0.18707,0.062314,-0.32631,0.61895,-0.24839,-1.0449,-0.24576
-0.69488,-0.4822,-0.14694,0.57657,1.0133,-2.551,-0.27691,-0.82101,-0.45425,0.69648
-0.18039,-0.69186,1.0489,-1.7348,-0.1793,-0.80707,-0.65661,1.0786,-1.4092,0.025969
1.2563,1.133,0.43771,-0.046299,-0.19699,-1.1138,-0.9405,0.96145,1.0096,0.22717
1.9107,-0.38366,-0.35334,-1.4878,-0.17062,-2.1092,1.8054,0.17928,0.92608,-0.050288
0.027193,-0.00024153,0.8524,-1.3133,1.0432,1.7525,-0.28315,-0.20613,-0.84203,0.43403
0.42713,0.072493,0.47492,-0.41847,0.036946,-0.44054,-1.3709,-1.6973,0.62132,-2.0117
0.32336,-1.4298,0.99345,-0.35802,0.6255,0.15271,-1.3529,1.8207,0.39908,-0.18705
-1.649,1.1679,0.70884,2.3565,-0.89715,0.17278,-0.47418,0.68404,0.014788,-0.26847
0.14034,-0.1473,-0.082744,0.41114,0.50785,1.8168,-0.077965,-0.70171,-0.23917,1.025
-0.49804,0.80107,0.30982,0.2354,-0.292,-0.44272,0.043687,0.99998,-0.1279,-1.4863
-0.42777,0.27148,0.7443,-0.62892,1.2949,-0.22079,-0.15688,-1.32,-0.9827,-0.80432
-0.15087,1.1291,-0.19861,0.30653,0.2942,0.75854,1.0424,0.56507,1.6812,0.5866
-2.8908,-0.74157,-0.81641,0.28922,0.14653,-0.18651,0.4898,0.18494,0.6214,0.96757
-0.73454,-1.719,0.83026,-0.51831,0.7073,0.99905,-0.4596,1.2229,0.61347,-0.046843
0.75622,-0.5141,-0.53302,-1.6189,2.254,-0.42399,0.82249,0.23275,0.80037,0.78814
0.12079,-0.63913,-0.43437,0.09753,1.5308,-1.8129,-0.6388,-0.44525,0.35993,-0.82746
-0.51591,-1.2146,0.37319,-0.97964,0.45493,-0.70112,0.0081877,0.70169,-0.44779,0.24573
-0.34086,1.1408,-2.0059,-0.75752,0.17467,1.4314,-0.052948,-0.21418,-0.69343,0.95188
-1.08,0.9382,1.1768,-1.4765,0.63851,1.1399,0.087781,1.2858,-0.92623,-0.2791
-0.69739,0.82367,-0.13349,-1.1352,0.47796,-1.7194,-1.543,2.707,0.75563,0.81506
-0.583,-1.8168,0.65184,-0.044859,-0.36781,-0.085519,1.9813,0.63268,0.56437,0.38771
-0.18613,-1.7346,-0.38113,0.074434,0.037541,-2.0266,-1.0568,0.25808,1.1018,0.19867
0.58796,1.5575,-1.1904,1.1028,-0.23701,-1.0573,1.6573,-0.41945,2.6461,0.75717
-0.021041,0.081168,0.22374,-0.65695,-2.0343,0.88482,-0.68588,-1.1824,-1.2493,-0.11524
-0.079761,0.52361,-0.64179,-1.7769,1.0948,-0.32884,-1.7355,-0.16264,-0.40296,-0.55665
-0.83551,-0.34281,-1.3503,0.18744,-1.4637,0.51143,-0.3725,0.57021,-1.1569,-1.0054
0.97862,-1.7147,-0.26114,0.48992,-0.96305,-1.1711,-0.99947,0.5851,0.58257,1.665
0.23548,-0.055943,1.702,-0.3332,1.1326,0.22824,-0.97547,-0.48154,-1.5548,-1.4493
0.56605,-0.26592,-1.0046,-0.077978,0.9351,-1.6783,-0.89159,-1.3713,0.8679,1.1111
0.21929,2.6818,-0.81688,1.6462,-0.44759,0.65839,0.13896,-0.08721,1.4903,-1.366
0.80771,-1.1547,-0.78781,-0.48733,-1.63,0.47126,-0.86302,-0.81915,-0.65792,-0.86339
1.5125,-0.38335,0.58409,-1.6908,-1.4309,0.87865,3.5703,2.4064,0.2343,0.26272
-0.43163,-0.96648,0.85565,1.4664,-1.1972,-0.49806,0.092565,-1.3197,-1.402,-0.73981
0.54256,1.9834,-0.12405,-0.91508,-0.46315,-0.86768,1.5239,-1.5997,-0.37304,1.2791
0.6793,0.70682,-1.1543,-1.0116,-2.9272,0.7548,-1.012,-2.587,1.8805,-0.75444
-0.0087669,-1.2174,-1.3671,-0.3046,0.75,1.8979,-1.699,1.2647,-1.458,0.67911
1.9119,0.32161,1.5563,-1.669,-0.40083,0.75501,-1.3537,-1.3147,0.0089653,0.30132
-0.97862,-1.2887,-1.4111,-0.34298,-0.13849,0.01561,1.5053,-0.35185,0.23664,-2.1608
-0.48613,-0.31919,-1.2203,0.88282,-0.43594,0.37952,1.49,-0.33645,1.2468,-1.2874
0.077898,3.0379,-0.82768,1.1806,0.18655,-0.69913,-2.6807,0.32065,-1.1365,1.008
0.026201,0.33821,-0.18526,-0.44632,-0.075576,0.047931,1.0516,0.75943,1.6235,-1.3299
-0.22278,-1.0769,0.49317,0.815,0.51861,-0.97257,1.3334,0.34638,0.20695,-0.98544
-0.47971,0.23574,-0.58108,-0.038438,2.0221,-0.344,0.6486,0.078738,-1.4626,-0.41447
0.82459,-0.67303,0.61844,-0.4222,-1.9853,1.97,-0.05901,1.238,-1.8054,0.26706
-0.060403,-1.022,0.24071,1.2445,0.53547,1.2187,1.0785,0.82601,-2.3616,-0.42983
-0.80676,-0.92952,-0.62862,-0.57937,-1.3632,0.46946,-0.338,-0.13031,0.32586,-0.40677
1.7128,0.11633,-1.559,-1.8792,1.927,-0.98994,0.13704,2.105,0.76478,-0.3223
0.91216,0.77494,0.19386,-0.35437,0.010488,2.304,0.57928,-0.99455,-0.051974,1.3115
1.4888,-0.072376,0.042202,-0.16597,-1.2337,-0.0086231,1.3064,1.2634,1.2445,1.3219
-0.026748,-1.293,0.51392,-0.033597,-0.78641,0.40396,0.018542,-1.4462,2.1587,1.097
1.9158,-0.76138,-0.81607,-0.98075,-0.50804,0.76875,1.7543,1.507,-1.2874,-0.71058
0.91968,1.7726,0.60325,-0.046536,-1.4085,-0.85907,1.5103,0.53603,0.13729,1.631
-1.8081,-0.65594,1.3037,-0.15927,1.4693,1.1157,1.6645,-0.54046,0.51231,-0.85084
-1.2653,-0.45488,0.22026,1.8845,-1.6703,-0.65378,-0.40016,0.45979,0.5271,0.43294
0.58363,1.2558,1.3889,0.25399,-0.23566,0.97491,-1.0617,0.5028,0.54334,0.36474
-0.11619,-1.3283,0.17454,-0.014025,-1.7511,1.2924,0.17775,-1.6338,1.616,-0.52182
-0.14381,0.70523,1.4765,-0.75182,0.48539,-0.18055,0.80144,0.65606,-0.77786,1.4783
1.0748,-0.43696,-1.5005,0.97769,-0.48226,0.57224,-1.216,-0.39929,1.4174,-1.8843
1.7022,-0.72463,0.26834,-0.57015,1.1965,-2.4153,-0.12671,0.62303,-0.54765,-0.77425
0.39124,0.96435,-0.38228,0.38564,-0.96053,-1.387,-1.2473,-1.6061,-1.5866,1.6103
0.12733,0.1407,0.42134,1.3393,0.10544,-1.8887,0.74921,-0.27123,-0.14656,0.54633
2.2509,0.33014,-1.2566,-0.66333,-0.63431,-2.0657,-0.95932,-2.1055,-0.30133,-1.0176
-0.010678,0.33646,-1.2763,-0.45141,-0.9538,1.0002,-1.9916,0.63689,0.17957,-0.88819
-0.45055,0.21663,-0.47174,-1.4056,0.9245,1.3547,-1.7262,-0.826,-0.61646,1.2602
-0.59505,-0.85523,-1.201,-1.0311,1.7277,-0.52224,-1.0536,-1.3456,-1.9784,1.2199
-0.73567,-1.1585,-0.064621,0.38401,0.98094,-1.5324,0.60209,-0.27686,0.35172,0.47972
0.081695,0.52371,-0.55587,-0.25574,1.8303,-0.53964,-0.0019735,-0.36586,-0.91949,0.69385
-0.86086,-0.54372,0.26381,-0.95572,0.38056,-0.10812,1.1127,0.89373,0.31689,0.26304
-1.8584,1.6757,-0.66185,0.23982,0.51793,-0.02896,-0.30429,-0.03446,-0.80269,-0.83679
-1.2849,-0.29633,-0.90024,0.89711,0.37702,2.2747,0.88649,-0.75407,0.64422,0.23338
0.4362,0.38096,-0.32287,1.9852,-0.53331,-0.27619,-0.62213,0.065757,-1.7459,0.9307
1.0913,1.8775,0.22255,0.37729,0.90214,-0.47006,-0.52437,1.1262,-0.34969,0.99124
1.2026,-0.046345,1.1077,1.055,-0.49188,0.89517,-0.42388,2.1568,-1.3539,1.0242
2.3129,0.35646,-0.22062,-0.10167,0.31366,-1.2326,0.26077,-1.7435,0.54473,0.0015493
-1.084,-0.19219,-0.45358,-1.0034,1.2183,-1.0975,0.95922,-0.055573,-1.7228,-0.48014
1.3645,1.5312,0.25892,0.15137,0.075594,-0.49876,-0.3701,0.45328,0.82996,-0.56386
0.08168,0.25571,-0.35424,2.4171,-1.1058,0.89542,0.89393,-1.0594,0.71732,1.8969
-0.46778,1.1644,-1.4071,-0.36226,-0.54955,-1.7717,0.49331,-0.019528,-0.64108,-0.31777
-0.42638,-0.35859,-0.68598,0.11452,-1.2996,0.65175,2.1578,-0.90549,1.5037,-0.14067
0.88962,-1.6127,0.61237,-0.44404,0.55488,-0.34757,0.01767,0.23347,0.19469,-0.53784
0.64975,-0.030457,-2.202,-2.3457,-1.074,-0.61845,-1.5501,1.1047,0.25204,-0.30686
-1.8062,1.2026,0.12341,-0.33059,-1.365,0.51646,-0.50552,1.1672,0.31135,-0.60123
1.0247,0.75524,0.97625,-0.53375,1.1326,-0.45782,-1.5009,-0.17576,2.4652,1.8294
0.82523,-0.22424,0.72087,0.24423,-1.7027,2.0671,-0.42823,0.34185,-1.2784,0.75671
-0.23633,-0.0029777,0.37495,-0.19281,0.8503,-0.15797,0.28558,-0.18818,0.49478,-0.40467
-0.98127,-0.93137,0.67032,0.94245,0.18469,-0.63236,0.99526,0.07883,0.43434,-0.22048
-0.76959,0.703,-0.574,-0.1746,-0.0025243,1.6094,-2.108,0.15024,0.73798,0.88488
-1.2361,-0.81171,-0.30305,-0.15655,-1.109,-0.91454,-0.388,1.2751,-0.25685,-0.43242
-0.050215,0.3322,0.23019,-1.9927,-0.75363,-0.012184,-2.3308,-1.2236,0.28766,0.42548
-0.38866,-1.1327,-0.45879,-0.0024514,-0.050145,-2.7518,0.35696,0.36546,1.9791,1.155
-0.31195,0.088528,1.0626,-0.049212,1.3312,-0.37074,-0.72416,0.43707,-0.61594,-0.060316
0.22136,1.5797,-0.58218,1.3653,-1.067,-0.67862,0.073028,0.051766,-0.18157,1.3054
-0.29732,0.12104,-0.2887,-1.0568,0.54926,0.61923,-0.065341,-0.67333,0.47329,0.013147
-1.6972,0.40868,0.86151,0.11554,-0.89952,-0.52903,1.1609,-1.0039,-0.46089,-0.24686
-0.59871,-0.2719,1.3731,0.89094,0.77601,-0.78077,-0.15425,0.041851,-1.1982,-0.82299
-0.52335,-1.2601,-0.16656,-0.46948,-0.16657,0.61084,0.47312,-0.43919,-1.1974,-0.3438
-1.7158,1.2884,1.1633,-0.56675,0.032517,-1.7655,0.35201,-0.096029,-0.36791,1.3707
0.88568,1.4913,-0.99024,1.564,2.027,0.051534,-0.21032,0.86904,-1.1647,-0.58177
-2.1666,0.34686,-0.37446,-0.55618,-0.42889,-0.40665,1.1624,-0.47545,-0.46289,-0.13737
0.42213,0.384,-0.10303,-1.6443,1.4999,1.132,0.1786,0.36849,0.30473,-0.57379
-0.29481,0.32635,-0.23711,1.5798,-0.31661,-0.40225,0.73787,-0.20462,-2.4105,-0.27623
-0.36425,-1.3924,-0.89077,0.46371,-0.34113,-1.1236,-0.24278,-0.40516,-3.2964,0.82518
0.64766,0.13287,-1.3921,-0.29554,0.40303,-0.48811,1.5302,0.29271,-0.78618,2.2678
-0.30353,0.72772,-0.28282,-0.15887,-1.4573,1.3548,-0.10156,0.1067,0.70234,1.2247
-0.22684,-1.232,1.4949,-0.01821,-0.191,0.31966,-0.77045,-0.33695,-0.37263,-1.4119
-0.87158,1.0986,1.0641,-0.41387,-0.16376,1.3527,-1.7828,0.27084,-2.0786,1.1914
1.1258,-0.86985,0.22206,0.53849,0.94985,-1.4064,0.40549,0.67514,0.92856,1.0636
0.99162,-0.1021,0.9419,1.0006,0.57755,-0.16607,-0.26378,-0.063288,0.34466,1.1052
0.68644,-0.86699,-0.16525,0.0059489,-2.4786,-0.52027,-1.0991,1.8729,-0.65176,0.57593
0.53125,-0.32814,0.26071,-0.29469,0.58182,-0.0028536,-0.8741,-0.44099,2.2603,0.84192
0.72644,0.96342,-0.1063,0.334,0.061358,0.58645,0.50241,-2.7408,-0.82636,0.29309
0.69425,-0.90411,0.24819,-0.48163,0.35197,0.0047087,-0.27632,0.19723,-0.89698,-2.2715
0.3941,0.42707,-0.80201,0.087762,-0.65313,0.45849,0.55065,1.4161,0.013535,-0.22276
0.63162,-0.19903,0.64615,-1.3291,1.6201,0.78296,0.22709,-0.45159,1.0005,1.0361
-0.7091,0.21446,-1.6291,0.39013,0.17409,-0.71504,-2.1046,-0.52204,0.071211,-0.3374
0.029347,-0.41901,-1.0895,0.75647,0.94952,0.43743,-0.50814,0.29766,-1.944,-1.431
0.55038,1.2165,0.60732,1.2584,-2.0335,0.033059,1.275,-2.088,0.51082,0.57935
-0.72548,1.5228,-0.013487,1.4897,-0.7627,-0.064992,-0.52009,2.0099,1.4922,-0.90651
0.00076437,0.062211,-0.054541,0.66559,0.59302,0.79853,-0.16211,0.38518,-0.36369,-0.042962
-0.18751,-1.9302,-1.4824,1.5031,-0.11408,-0.0045412,-0.43044,-0.13292,-1.0678,-0.053757
1.2414,0.062306,-0.86552,0.78077,-0.031991,0.21441,1.7609,0.021218,1.1444,-1.3223
0.47249,1.375,1.12,0.57796,-0.73822,1.2819,0.7472,-0.30489,-2.477,0.06303
1.0945,0.15775,-0.12514,-0.12622,-0.32541,0.58884,0.46084,-1.4532,1.6559,0.36303
0.62267,-0.36314,-2.2931,0.088152,-1.4602,-0.1471,0.94463,0.50046,0.64843,-0.29141
1.0092,-0.10111,-0.059671,-0.68532,1.0647,-0.41926,0.69198,-0.92278,-0.61742,-0.3469
-0.094497,-3.0006,1.0184,-1.2828,-0.20345,0.53856,-0.0022053,0.5651,0.91924,0.41793
0.11515,-0.22037,1.3139,0.19272,1.5249,-0.39593,-0.29873,0.54033,-0.97828,0.89804
-0.62816,-0.46462,0.026835,1.1311,0.96428,1.0612,1.1729,-0.74889,0.089858,-1.8135
0.38757,-0.38988,-0.066908,-0.36145,0.20325,0.97411,1.3474,1.5692,0.88485,0.43388
3.0743,-0.06314,-0.70576,1.5596,0.54578,-0.84689,-0.47222,-0.55847,0.28872,0.74867
0.097586,-1.3856,0.70489,-0.10282,0.11832,-1.3634,0.97682,-0.87889,-1.7563,-0.67205
-0.045595,-1.5855,-1.1158,-0.19082,-1.2944,-0.71806,0.20524,-0.59301,0.36246,-0.0093088
0.85826,0.59272,-1.3555,1.2769,-0.95402,0.14088,1.4518,-0.38485,1.0995,2.3065
-1.5636,-0.69387,-0.5189,0.20764,-0.15022,1.0273,0.87908,0.06124,-0.72368,0.50173
1.1282,-0.48736,0.93018,0.67671,-0.12123,-0.32683,-0.91191,0.5384,-0.74188,1.073
-0.84757,0.70857,-0.87933,-0.35055,0.063305,1.0392,-0.15075,-0.50301,-0.65546,-0.53584
0.56751,-0.31884,0.26346,0.12081,1.5896,-0.98112,-1.0891,0.90698,-0.75167,-0.8679
0.2766,0.70074,-0.81249,0.68416,-0.027787,2.3343,1.8151,0.26524,-0.95704,1.3896
-0.067025,0.23555,1.7745,1.1176,0.37477,0.89972,-0.55257,-0.46052,0.089097,0.17723
-0.71728,-0.30673,0.50494,-0.27694,-0.38116,2.1778,0.61746,0.97812,0.11742,0.81131
0.41731,-0.11454,-1.2052,-0.95492,0.16166,0.91562,-1.231,-0.50569,0.97347,1.1096
1.1246,-0.98949,1.0868,1.7739,0.59789,2.0966,0.33035,-0.22636,-0.99356,0.019551
0.68264,0.62026,-1.3386,1.2236,-0.41121,-0.094501,-1.6854,0.17604,1.3851,-1.0893
1.3961,1.0164,-1.5851,0.65857,-0.63893,0.59558,1.5682,0.046464,-0.055851,-0.13862
-1.3886,0.69516,0.59583,1.2327,-1.4881,-0.63662,0.23103,-0.2362,-0.43526,-1.0509
0.019262,0.37382,-0.51864,-0.30788,-0.86046,-1.0676,2.7721,1.0426,0.21478,0.50735
-1.3504,-0.7002,-1.0221,-1.0536,-0.62383,-0.22854,-2.7285,0.40063,0.15007,-1.2981
0.11464,-1.6549,1.0875,0.35562,-0.42719,-0.026435,1.0664,-0.83,1.2729,1.4595
0.54163,-0.51262,-1.2368,0.62899,-1.125,2.0596,0.96382,1.3789,-0.11281,-0.20259
-0.76767,1.2435,2.4739,-1.3242,0.98424,-0.14508,-0.61091,1.6992,-1.3878,-0.56777
1.2828,0.61937,-0.11782,0.13595,0.067726,-1.1539,-0.061825,0.50036,-0.044936,0.92517
-0.47486,-0.43287,-0.56639,-0.078678,0.97164,-0.097889,1.6124,-1.1784,-0.33285,0.071263
0.62343,-0.96928,2.0569,-0.43924,-0.099663,1.0542,-1.2368,-1.7544,0.98087,0.47791
-0.3477,-1.0487,0.77689,1.1098,-0.71471,0.21732,-0.2174,-0.6603,-1.1173,-1.3375
-0.75832,-0.90437,-0.70982,-0.52426,-0.1649,1.947,0.60566,1.8594,0.59592,-0.19961
-0.73717,-0.25416,0.97757,-0.68278,1.5486,1.5068,-0.057602,-1.8819,0.63884,-0.72808
-1.451,-0.39016,-0.3584,-0.94549,-1.3614,-0.60241,0.44507,0.34078,-0.16329,-0.56396
1.5208,-0.81083,0.70959,0.028961,-0.61102,0.31075,0.10934,-1.3915,-0.020625,-0.72427
-2.4472,-1.1046,1.0501,-0.22689,-1.5624,-1.1518,-0.55283,1.205,1.0422,-1.5796
-1.29,-0.069444,-0.010352,-0.13739,0.43511,0.56598,0.55257,1.87,-0.7919,0.15376
-1.9846,0.21196,-0.025192,1.5993,1.5261,-1.4627,1.3099,2.095,-0.070677,2.2966
-1.3429,-0.17908,0.73738,1.2072,-0.32025,1.5209,-1.7973,0.56535,-0.6204,0.85624
-2.7918,-1.8441,-0.13598,0.15131,1.1659,2.3202,-1.9769,-0.93813,-0.4133,-0.60525
0.60219,-1.647,0.96034,1.6325,-0.13696,0.35346,0.55479,0.16123,-0.41225,-1.3465
0.040443,0.41214,-1.046,-0.3187,0.61598,-0.47131,1.3085,0.83509,0.63392,1.965
-1.0309,-0.36568,-0.21128,-2.2982,-0.05961,0.03042,0.7405,-1.2165,1.3246,-0.89945
-1.301,-1.1208,0.72987,1.34,-1.0724,-0.6962,-0.51615,0.46128,-1.2322,0.12634
-1.318,2.3983,0.77948,-0.28893,1.0429,-0.51923,-0.46042,1.0215,-0.49917,-1.0447
-0.27846,1.0976,-0.83608,-0.30746,-1.53,-1.6975,0.14951,1.4416,-0.88932,-1.1654
-2.0221,0.62792,-0.33438,1.2214,1.237,0.94459,-0.12298,-1.6022,-0.40103,-0.47547
0.40673,-0.01669,0.27252,1.6854,0.32282,0.99228,0.92752,0.9836,1.4907,0.21012
-0.089826,-0.14242,0.33574,-1.4821,-1.4681,0.39512,0.69345,0.85385,-0.69144,2.1001
-0.34226,2.0988,0.9105,0.78651,-0.67451,-0.023711,-1.6903,0.394,-0.94302,-1.0469
0.65223,-0.9285,0.78004,-1.324,0.39474,-1.5077,0.026397,0.30874,0.31437,0.34539
0.34574,0.83305,-1.416,-0.30256,-0.20419,0.32085,0.80671,-1.8509,0.031811,0.60898
-0.34469,0.52447,-0.47943,0.66269,-1.0627,1.4587,1.8163,0.64883,-0.28952,0.16317
0.030786,0.60884,-0.03403,0.33508,-0.19384,1.0522,-0.95927,-0.2706,-1.046,-2.0796
-0.13335,-0.08683,-0.47925,0.46132,-0.66834,0.97683,-0.67938,0.86578,-0.36324,-0.12025
-0.62604,1.8034,-1.0162,1.3302,-0.40697,0.43814,0.42066,0.28481,1.5718,0.94374
1.1114,1.0929,-0.51412,-0.61278,0.061054,-0.11607,0.70255,-0.40586,-0.74117,-1.5548
1.2022,-1.5261,-1.2267,-0.27041,-0.66185,-1.546,0.57594,0.13032,0.7745,-0.97683
0.072382,0.31662,-1.4213,0.33142,1.0867,-0.10966,2.0773,-1.4765,-0.98533,0.78493
-1.0267,0.58071,-0.66875,0.16158,-1.856,1.1342,-1.8801,0.73273,0.32398,1.8146
-1.173,-0.17389,0.93069,1.0171,-0.36232,0.62336,-0.15906,0.43625,0.62317,-2.4779
0.251,0.18872,-0.34028,0.16797,-0.75913,1.301,0.87655,0.079601,1.2202,-0.72004
-0.26462,1.3042,1.3411,0.87264,-0.098735,1.801,1.0377,1.1301,1.1747,-0.23314
-0.81319,0.22421,0.13214,-0.45989,-0.50055,0.54962,-1.6226,1.6163,-1.353,0.87855
0.13202,1.7002,0.29835,1.053,0.93179,0.61927,0.4297,0.46232,0.95086,0.75993
-1.1847,-0.90483,0.91006,0.13205,0.003744,0.76992,-1.0415,-1.0928,-0.93057,0.33581
0.34042,-0.46082,-1.1125,0.20683,-0.70452,-0.60125,-0.44515,-0.02834,-2.0942,-0.99031
-1.5921,-0.26365,1.1186,-0.67931,0.5399,-0.012069,-0.71337,-0.8135,0.73875,0.29377
-2.4538,0.47292,-0.0050923,0.14422,-0.043523,1.2419,-0.77405,0.020955,1.7273,0.87132
-0.20812,0.41292,-0.42857,-0.45611,1.7557,-0.047041,0.81292,0.40321,-0.51274,0.88645
-0.98193,0.93869,0.040726,-0.59164,0.58619,0.72478,0.33845,1.337,0.43761,1.1012
1.5311,0.60346,0.51367,-0.13021,0.58903,-0.42624,1.3837,-1.0281,-0.26672,0.5842
1.3727,0.32323,0.084672,0.59827,0.38272,-1.2605,0.66402,0.61324,-0.20587,0.89948
-0.61212,0.69979,-0.48368,-0.90722,-0.13006,-1.0195,-0.70222,-0.53219,-1.8494,-0.28615
-0.96674,1.3405,1.1793,0.29146,0.29152,0.11718,-0.095135,0.51843,-1.1744,0.17856
-0.2164,0.81261,-1.0927,1.1707,-0.41476,-1.4701,0.21392,-0.18943,0.16618,-0.28728
-0.31608,-1.6329,0.097367,-0.021078,-0.72298,2.5181,1.145,-0.60801,-0.99734,-1.164
1.3853,-0.87672,-1.39,1.0489,0.93006,0.31914,-1.1053,0.95878,-0.19781,-0.56104
-0.3483,-1.9276,0.23109,-0.12242,1.1713,1.4415,0.4884,0.80964,-1.215,-0.21096
1.2055,1.8855,0.10673,0.17637,0.40331,0.18686,-1.4266,-0.6667,0.66092,-1.858
1.2372,-0.3366,-0.12642,-1.7156,-0.41941,1.1285,-0.60285,-2.0287,-1.0926,-1.8886
2.5197,-0.083636,0.80377,-1.1637,1.7325,0.43366,0.22705,1.4814,1.3545,1.1025
-0.37945,-1.7755,-0.97384,-0.60963,-0.30379,0.66465,0.72397,0.18858,0.16356,0.70752
-0.47527,-0.77332,-1.6347,-0.62953,-0.20221,1.3082,2.3709,0.039585,-0.10214,1.3231
1.6757,0.9473,1.3535,-1.1422,0.77144,0.52022,-0.44172,-0.86376,0.69717,1.9874
-0.73837,-1.0769,3.2967,-1.7782,0.86615,-0.38891,0.2954,-0.53694,-1.2364,1.0214
-1.8155,1.7488,-0.48371,-2.3879,1.197,-0.7935,-0.50176,1.6208,1.108,0.21681
0.086728,-1.4862,0.32809,0.87446,-0.029069,0.34712,0.1165,-0.5553,-0.55073,0.66226
0.50026,-1.2405,0.55826,0.43953,0.92366,-1.4439,-0.46414,1.0222,0.12832,-0.81555
-0.36298,0.42994,0.77522,1.1565,-0.86654,0.38782,1.4905,1.6808,0.38659,0.059367
-0.35069,-1.5216,-0.78227,1.0638,1.1089,-0.20316,0.81025,-0.99617,0.0046198,-0.073775
-1.3629,-2.4719,-0.51189,-0.91879,-0.19268,-0.21559,-0.0065474,-1.9534,0.53548,1.2287
1.7228,0.49963,0.30742,1.0226,-1.606,0.025237,0.2128,1.2906,0.50037,-0.35399
0.20137,-1.1992,-0.7417,-0.99689,0.55345,-0.4104,1.4408,1.6153,0.38141,-0.29081
-0.54769,-0.50424,0.76176,0.78227,1.3308,-0.297,0.4441,0.20099,0.097947,1.2248
0.40181,-0.48554,1.2038,-0.37588,0.87398,-0.83231,-0.75363,-0.18255,1.0942,0.6296
0.8344,1.2389,1.5441,0.46166,0.70621,-0.55095,-0.66386,-0.04386,-1.1444,0.27813
-1.0483,0.15304,-1.0941,0.086476,-0.4297,0.36316,-0.88517,0.2349,0.37427,-1.8516
0.22526,0.05658,1.4009,0.95567,-1.6739,0.87283,0.026809,0.62156,-0.46032,-1.941
-0.48237,0.18297,-0.71144,-0.056951,0.81858,1.2052,-1.159,-0.45092,-0.01827,0.13534
1.6507,-2.053,-0.9595,-1.4814,-0.44177,1.1536,0.41526,0.46977,0.62932,3.2396
0.15893,-0.61279,0.52357,0.68498,0.60715,-0.19321,-0.70519,0.13209,0.90835,-0.30647
-1.1247,0.064905,-0.4089,0.69961,-0.25727,0.93073,0.57644,-0.19746,0.53039,0.018158
-0.11106,-0.37827,-0.7377,0.35456,-1.2491,-0.22984,1.9475,0.04999,0.72406,-0.14217
0.44905,-0.70221,0.35993,-0.64519,0.79087,-0.59739,0.20512,1.2263,0.34394,-1.1605
2.1006,0.11469,-0.73924,0.0095834,-0.12375,0.38335,-1.7857,-0.32648,0.056796,-0.65513
0.039567,-2.5256,0.0067798,-0.55077,-0.85661,-1.0787,1.1388,-0.48523,0.83536,-0.73744
0.57157,-2.0978,0.13883,-0.12987,1.3066,-0.18748,0.85307,-0.86609,-0.77404,0.70548
1.2007,-0.23304,-0.20258,0.49291,-0.78743,-0.5715,-0.80556,-0.099568,-1.0552,0.41782
0.50877,-1.777,0.065529,0.30188,1.1566,1.7323,-0.35253,-2.8552,-0.6603,1.7284
-0.86976,-0.6162,0.23148,-1.3655,-0.79353,-0.57021,1.1012,-0.75911,0.19847,1.2668
-0.16106,-0.50083,-0.35546,0.32748,-1.4626,-0.29511,-1.4623,-0.4142,0.89961,0.30374
-0.65782,-0.34388,1.4039,0.90488,0.5669,1.1649,1.5209,-1.6624,-0.24138,-1.8243
0.70675,0.2801,-0.62563,-0.35924,2.534,-1.5265,0.40543,-0.0097343,2.39,1.1804
1.5403,0.070789,1.2686,0.5505,0.48018,-1.8488,-0.099849,-1.5461,0.96421,3.1821
-0.021942,0.80285,-0.32092,-0.51905,0.33486,0.46579,0.49288,-0.13998,1.8758,-0.11789
1.0548,-0.1609,-0.59102,-1.6415,-0.17509,0.85033,1.1766,0.69774,-0.19533,0.086393
-0.69676,1.0866,0.50274,0.59389,0.51793,1.8062,-1.0245,0.015925,-0.55613,0.37914
0.1593,0.81798,-3.179,-0.83581,0.042505,-0.23232,-0.49549,0.66826,1.1873,-0.92906
-0.17647,0.21642,-0.79075,-1.3868,-0.62793,0.74198,-1.6391,-0.38031,-1.1167,1.0014
1.6303,1.9377,1.5828,-2.6141,-0.29499,-1.8552,-0.17696,-0.82104,0.26587,0.67297
0.29396,-0.098795,0.40714,0.25303,-0.9093,1.6035,0.082946,-0.45342,-0.16073,0.97982
0.76771,0.49406,0.56739,0.9158,0.41879,0.29764,-0.69896,-0.34916,0.58082,0.18333
-0.34119,0.11548,-1.1706,-0.85801,-0.41217,0.90219,1.2709,-0.62845,1.3735,-1.1041
-0.6334,1.3181,-0.51892,-1.1533,0.45554,-0.28086,-0.46168,1.5771,0.14675,1.0675
0.3947,-1.2981,-0.46845,0.4155,-0.54226,0.091607,0.79733,0.57604,1.1229,1.3644
-0.81844,-0.89931,-0.91081,-0.5446,0.75169,0.26569,1.4839,-0.78064,-0.16343,0.3548
-1.3617,-0.31247,-0.025862,-0.79323,1.123,-0.58926,-1.5137,-0.85997,-0.64584,-0.70593
-0.30212,-0.13242,-0.31573,-1.1331,1.1336,0.90119,1.3833,-0.21047,-0.017262,-0.61385
1.5992,-0.18629,-1.3078,0.67748,2.4898,-0.98457,0.862,0.49823,1.4422,-0.95086
-0.39232,-0.49272,-1.6268,-0.40811,1.8734,2.1045,-1.3959,-0.32769,-1.0604,-0.68185
0.22083,-0.85362,-1.0472,-0.16532,-0.18391,1.0427,-0.6678,0.42901,-0.75796,-0.42114
-0.59372,-1.5274,-1.2968,-0.61436,-1.287,-1.577,-0.054686,-0.35923,-1.1424,1.8049
-2.0504,-1.6221,-0.71064,2.212,-0.12219,-0.15739,0.95843,0.33387,0.097037,2.4281
0.00042709,0.78021,-1.3499,0.66426,-0.043365,0.36502,0.37828,-1.0573,1.0917,-1.131
1.6937,-2.093,-0.20556,-0.76272,-0.1008,0.038821,0.33186,-0.3412,-0.71363,-0.80539
-0.33153,0.30699,-0.42179,-0.70744,-0.81825,0.2493,-0.4894,0.60432,2.0136,-0.19279
-1.1501,0.068069,-0.44338,0.69217,-0.67559,-0.42528,1.5477,1.5676,0.45472,0.77145
-0.99067,0.46237,0.43662,0.011882,-0.39535,0.30839,-0.99736,-0.33761,-0.93,0.50837
0.36419,-1.0729,-0.16509,-0.56944,-0.3148,0.36318,1.7585,-0.17807,-0.30662,0.49515
-0.42033,0.24006,-0.26693,-1.0961,-0.70906,0.25741,-0.3639,1.0075,-0.23887,-1.2099
0.98362,0.0072116,-1.9367,0.46298,0.85528,-0.10073,1.9108,0.36937,1.2515,-0.66079
-0.27577,0.82333,-0.047515,0.59442,-1.6183,0.49924,0.64437,0.12131,-0.15029,0.83921
-2.0855,-0.60493,2.204,-0.63577,1.9735,0.25202,-0.42146,-1.6692,-1.7142,1.044
-0.43947,1.8606,0.52821,-0.39327,-0.77922,-0.38464,-0.16699,-0.73086,0.81305,0.043418
0.71192,1.0702,0.70243,-2.2279,-0.012088,-0.62673,0.71149,1.1806,0.73488,-1.1858
1.0265,0.18689,-1.3568,-0.8533,-0.68992,0.52954,-0.22144,-0.1476,0.1051,1.1123
1.2849,0.028363,0.30865,-0.5189,0.24174,1.1069,-1.8885,1.6713,0.18861,-0.58031
1.0007,-0.94667,-0.73773,0.60821,0.45368,0.4083,-0.43417,0.43562,1.9724,-0.80779
1.0734,0.60799,0.47392,0.025026,-0.75006,0.067974,0.42935,1.5718,-1.5219,0.66597
1.894,0.54581,-1.4695,0.15415,-1.4766,0.87024,-0.084846,4.1106,-0.056087,-0.24287
1.5344,0.85182,1.2069,0.36744,0.01089,-2.3165,0.26989,-0.76419,-0.33166,0.28256
0.17559,-0.017914,-1.2335,-0.089339,0.097284,-0.97925,-1.3127,0.26857,0.23871,-1.5789
-0.47612,0.90761,-0.57376,-1.1415,0.45707,-1.2597,0.20823,1.2128,1.5024,-1.0108
-0.27975,-0.60831,1.4159,-1.0137,1.4375,-2.0354,-0.8856,-1.3867,1.0446,0.58839
0.70263,-1.562,0.61282,-0.18876,-1.1037,0.14113,-0.63922,2.0897,-0.36253,0.57587
1.2082,-1.019,-1.1639,0.21382,-1.0599,-1.4608,0.28254,-1.0494,0.56685,1.1585
-0.24756,1.4792,1.5989,-0.15052,-0.52171,-0.39565,0.13752,-0.45643,-0.90549,-0.70317
1.5127,0.64601,-0.9396,-0.15307,2.2279,0.13919,-0.73771,-0.12402,-0.33945,-0.19865
-0.72495,-1.2485,0.57032,0.64685,-0.64856,-0.73938,0.67533,0.69343,0.77736,-0.052908
-0.46533,-0.24667,0.55247,-0.17611,0.14623,0.53669,0.14626,-1.2527,0.82237,0.91157
-0.38695,0.33782,2.3743,-0.54196,-1.0732,-0.28683,-0.86678,-0.36752,1.0127,0.13379
-0.66195,-0.26845,1.1095,-0.50679,0.59079,0.294,0.78229,-0.15023,-0.88318,0.23688
0.8699,1.574,-0.04608,-2.0738,1.1222,0.44818,-1.7354,0.61567,2.1033,1.1398
-0.18709,-0.049935,-0.30155,0.48145,1.1761,0.4991,0.029588,-0.59609,1.6503,1.4034
1.8515,-0.31902,-2.8874,2.7728,0.52035,0.94785,-0.26604,1.3333,0.050924,1.0358
-0.0061285,-0.55856,0.99572,-0.016124,-0.38821,-0.49384,0.66921,-0.64775,0.82135,-0.36816
1.8663,-0.43912,-1.5621,0.46468,0.5894,1.669,2.1279,0.40448,-0.1339,-0.3991
-2.43,-0.11553,-0.3175,-0.89389,-0.48139,0.83023,1.2041,-0.56619,-0.27959,-1.0663
0.36182,-2.0439,0.93022,-1.3318,-1.9931,1.283,-0.379,-1.472,0.5278,0.28735
0.28348,0.86555,0.36221,-0.52657,0.74992,-1.051,-1.0967,1.961,0.4468,-1.343
1.9352,-0.1675,0.26941,0.14973,0.45828,0.31142,-0.92759,-0.59296,-0.73188,-0.091797
0.26172,1.6444,-0.5802,0.10246,-0.45747,1.2996,-0.83158,-1.4766,-1.1179,0.43925
1.7792,1.1335,-0.74462,-0.91847,-0.80173,-1.5973,-0.40954,-0.56689,-0.28368,-0.61992
1.8927,-1.1634,-0.21197,-0.1609,-1.5564,0.63381,2.1697,-2.8145,-1.1555,-1.4779
-0.62032,0.56196,0.85253,0.22127,-1.3205,1.8603,1.408,0.058421,-1.5722,-2.0231
-1.1907,-1.0713,-0.66814,-0.78172,1.2853,0.16198,1.6797,-0.76572,0.082043,-1.637
0.85819,-1.0382,0.15356,-0.64131,-0.23032,0.73908,1.2601,1.7703,0.77522,0.020358
-0.81508,-0.35997,-0.41164,-0.44589,-0.27098,-0.11856,-0.54206,-0.88909,1.6555,0.60541
-0.15715,-1.4659,-0.84421,-1.028,0.16262,1.3234,0.84648,-0.76376,-0.48038,1.1352
-0.57123,-1.1405,-0.94616,-0.078823,0.88721,-0.23513,1.114,-1.1242,-0.30035,0.13661
0.10081,0.14846,0.012402,-0.53527,-0.036998,-0.42874,-0.72031,0.61637,0.073066,0.059217
0.59642,-1.2967,0.4509,0.75163,-0.28985,-0.43212,0.31391,-0.36747,0.56953,0.2288
0.7122,-1.587,-1.5148,-0.64338,-0.69644,-1.6409,-0.025824,0.0067953,0.97679,-1.4204
0.13564,1.4176,-0.74393,0.51925,0.727,2.0917,-2.2045,0.016834,-0.55458,-0.27715
-0.94691,1.0392,0.62838,-0.077521,-0.76129,-0.76151,-0.2668,-0.74963,-1.5938,0.67278
-0.84693,1.1342,-0.68941,0.24587,0.79691,-0.21346,0.25182,0.35944,0.9405,0.87089
0.2923,0.52777,0.48314,-0.57616,-0.12365,0.37206,0.16782,0.093772,-0.37452,0.72594
-2.1843,-0.070741,0.82703,-0.56906,0.28458,-0.4182,1.1479,1.2313,0.53219,-0.20972
-1.1744,1.3205,-1.0366,-1.1574,0.6461,-0.20032,-1.1951,0.46849,1.5426,-1.2831
-1.5658,1.6702,0.66134,0.47458,0.5084,-1.6152,-0.94641,-1.3546,-1.547,-1.3572
-0.32795,-0.51711,-0.12433,-0.86529,0.33537,-1.5778,-1.5697,0.9723,-0.58078,-0.26413
0.48522,2.0304,0.35304,-2.2457,1.9057,0.45397,-0.80895,-1.0562,0.016057,-1.5682
2.3648,-1.6658,-1.0878,0.75464,1.5948,-0.37011,-0.56055,-0.99324,-1.11,0.75951
-0.004127,-1.5947,0.31225,-1.621,0.42687,0.9757,1.621,0.9522,-1.1584,0.61202
-1.0676,-0.58484,-0.51517,-0.27581,0.46092,0.70647,-0.66348,-1.8507,1.8393,0.78917
-0.45355,-0.52223,0.27085,0.16572,-0.5019,1.1384,1.5329,2.4306,0.18056,-0.76687
0.45822,0.51036,-0.7796,-1.7971,-0.81308,0.042462,0.95566,0.71793,0.5717,1.4305
1.0218,0.71611,-1.4627,0.13256,-0.29057,-0.25883,-0.094496,0.95431,-0.78445,0.53479
-0.45907,-0.71018,-0.25727,0.052938,0.2307,-0.31085,-1.3635,0.11321,0.34453,-0.91114
-0.0046098,0.95112,-0.79405,0.25957,0.51507,-0.48027,1.0567,1.2011,0.92345,-1.0295
1.1859,0.69798,0.34275,-0.89599,1.1419,-0.11071,-0.1476,0.69021,1.3065,0.8244
0.22374,-1.4538,-0.46788,-1.5145,-0.4009,-0.66124,-1.6084,2.1299,0.55754,-0.39882
0.080392,0.5855,0.87559,1.031,-0.3873,0.71711,0.17007,0.73884,1.3443,-0.47344
-0.33107,1.0772,0.21295,-0.17136,-1.2001,-0.20536,0.064728,0.35844,0.41821,-0.019105
-0.38463,-1.0183,-0.45685,-1.2471,0.18359,2.6064,-0.78273,-0.84803,-0.51467,0.99522
1.058,-0.55333,0.15625,-1.0884,0.86307,-0.026667,-1.4287,-0.19493,-1.0401,0.19284
-0.53166,0.99871,0.29018,0.25571,0.63672,-0.11806,-0.6945,0.79814,-1.1544,1.2699
-0.04727,2.1958,0.73686,0.0033822,-1.8474,-0.79639,1.7899,0.3005,-0.65956,-0.58076
-1.0338,-0.34697,0.012202,-0.8216,-1.0639,0.15281,0.64107,0.29474,-1.1846,-0.31646
0.60375,-0.3242,-3.0219,-0.23923,-1.2238,-0.060583,0.063811,1.34,1.65,1.0028
0.24918,0.52938,0.78024,0.69326,0.45494,0.94104,0.80733,0.51214,-2.8828,-0.22509
0.44154,-0.25751,0.79611,0.31891,0.010548,0.012689,-0.072548,0.84155,-0.9308,0.61497
-0.026926,-0.86035,0.24302,-0.082883,1.5133,0.27605,-0.49492,2.5717,-2.2819,-1.0146
-0.7421,-1.249,-0.5973,-1.6137,-1.7485,0.83867,-0.56333,0.086087,-0.52677,-1.0694
-0.085315,-1.6592,-0.3076,-0.57101,-0.48124,0.5597,-0.35407,-0.0036213,1.9893,0.4504
-1.2841,1.8749,-0.39621,0.53465,1.0643,-1.5666,-1.8161,-1.4949,0.72239,-0.29223
-0.3386,0.41248,0.44682,0.0039318,-0.017923,0.4928,-0.072664,1.6592,0.70084,-0.78414
2.3072,0.31508,-0.31291,-0.45473,-0.028243,-2.3601,0.73863,1.2392,0.052924,-0.041603
1.6723,0.33741,-0.86168,1.3952,-0.076255,-0.83734,1.7198,0.13904,1.0512,2.158
0.86778,-0.79566,-0.1908,-0.47894,2.2515,0.57803,2.1649,-0.55365,-0.45221,1.1655
0.43806,0.53461,-0.75116,-0.72412,-0.28999,0.71313,-0.012533,0.18189,0.6045,0.72265
0.82656,1.1919,-0.26664,-0.020087,0.56376,-1.4944,-0.70903,0.10815,1.3787,1.2171
0.3895,-1.6283,-1.5314,1.8326,-0.41538,-2.0512,-0.36767,-1.2449,-0.37295,1.2985
0.93175,0.36271,0.15085,1.0681,1.5145,1.463,0.82786,-0.39547,2.4564,-1.8598
1.2058,0.16536,-0.70929,-1.1966,-0.39169,0.74858,-1.5905,-1.1028,-1.1266,1.7125
-1.0213,0.30118,1.8562,0.3964,-1.1581,1.0156,-0.93706,0.30206,-0.0032158,-0.28864
-0.19099,-0.010722,1.1919,0.83844,1.269,-1.0372,0.10708,1.1174,-1.2905,-1.0438
-0.027151,0.39647,0.56289,-0.61649,-0.40629,0.20094,-0.0047725,0.0037145,0.37643,-1.4248
-0.55512,-1.1047,-0.81495,-0.70125,-0.041293,0.16169,0.28238,0.61529,0.23806,0.51021
-0.99418,0.49947,-0.31545,-1.0025,-0.84289,1.4901,-0.36688,-1.1682,0.50486,0.37945
1.2721,0.19452,-0.52258,-0.8654,-0.41068,1.3161,-1.4808,-0.23072,-0.52679,1.2695
0.66781,-0.35688,1.0122,-2.0257,-1.2391,0.27975,0.25524,0.20595,0.10165,-2.1479
-0.91078,0.48855,1.4383,-0.75764,-0.55075,-1.3055,0.34596,-0.033437,-0.97535,-0.26563
-1.0527,-0.53093,0.67012,0.61824,-0.48183,-0.78997,0.056367,-1.0525,-0.56295,-0.76095
0.4272,-0.47393,0.86792,-0.56013,0.58595,-0.44426,1.042,0.26348,-2.2851,-0.59223
-0.68884,0.45327,1.7716,1.4245,-0.11754,-0.53594,1.0739,0.26728,-0.13314,1.7786
-1.1983,-0.43476,0.25003,-1.3621,0.34766,0.60414,1.0116,2.6682,0.31187,0.72092
-0.24746,-1.5504,-1.0338,0.026265,0.94609,0.29956,0.10794,0.5919,-0.10601,0.32279
-0.84473,-1.6039,-0.3457,-0.6023,-1.2906,-0.054417,-0.056925,-1.9205,-2.184,0.13207
0.84962,-0.78682,0.16003,-0.033093,-0.04192,-0.63826,-0.83243,1.1478,-0.67493,1.5811
2.3066,1.8679,-1.9057,-0.23506,1.1354,0.43875,-0.46894,0.34814,0.48633,2.5386
-1.701,2.2972,-0.1752,-0.89905,-1.4023,1.272,0.61476,2.7964,0.095557,0.75493
0.8375,-0.066853,0.5822,-0.17403,0.50489,-0.63848,-1.2136,-0.56938,-0.65274,0.05424
0.42243,-1.5552,-0.01322,1.1629,2.0448,1.0647,0.31326,-0.11085,-0.8894,-0.82378
-0.84256,0.0050223,-0.23514,-0.67037,1.0053,-0.86008,-0.15872,2.0945,-0.22133,0.83215
0.96166,0.68997,-0.30173,-0.17272,-0.099379,0.23987,0.27645,-1.2683,0.3271,0.56175
-0.88837,2.5733,1.1701,0.38975,-0.53357,1.7328,0.62371,-0.038204,0.96631,-1.3821
-1.8822,1.7257,0.52196,0.45577,0.20887,-2.6334,-1.7394,-1.2252,0.72777,0.32365
-1.1233,-0.40078,-0.17715,-0.17857,0.29123,-0.1598,-0.19457,0.20659,-0.66461,1.1535
0.57816,-1.1979,-0.8295,0.62538,-0.78304,0.84644,-0.27,2.0209,0.74271,-3.0336
0.41031,-0.49312,2.6146,0.34118,1.705,-0.061097,-0.065084,0.67774,0.82482,-0.21494
1.0027,-1.1326,-0.91741,0.83987,0.81373,-1.4907,1.0583,1.9274,-0.1202,0.63622
0.49077,1.3293,0.55828,0.74152,-0.1439,0.28688,0.67774,0.49972,-1.5461,0.10986
1.2604,-0.42361,0.24705,0.57938,0.00050742,-0.46529,-0.85196,-1.0781,0.51972,-0.82417
-2.0048,-0.17841,-0.28315,1.6171,-1.9041,-0.57331,0.061889,-0.25118,-0.16583,-0.27555
-0.30451,-0.87468,0.49362,-0.10376,1.6847,1.5562,-0.66767,1.0997,0.7764,1.0851
-0.3632,0.65961,-1.5357,0.24506,-1.0153,-1.1545,-0.16546,0.20167,1.417,2.861
-0.057884,-0.92296,-0.12245,-0.39631,1.6626,-0.96777,0.81449,1.7615,-2.0355,0.26735
1.0672,0.72631,-0.40164,0.30795,-1.6328,-0.17591,0.43451,-0.23109,-0.65349,-0.38872
-0.67642,-0.99763,0.3153,-0.25583,0.63379,0.5867,-1.0863,-0.22848,0.91505,-1.5011
0.25245,0.27866,1.1554,-1.0247,-0.040366,-1.7599,-2.1672,0.61613,-0.22231,0.53073
-1.9107,-0.48409,1.0136,-1.5588,0.68305,0.065679,0.76809,-0.2227,0.65398,1.2513
-0.91536,0.73902,-0.61006,0.547,-0.14823,0.22368,-0.033909,-0.10889,-0.34679,-1.5223
0.94014,-0.73003,1.0525,0.37695,-0.78255,-0.52212,2.1841,-0.71043,-0.058382,-1.1947
-1.7435,-0.72328,-1.4441,-0.24606,0.56719,1.6684,-2.0248,-0.85203,-0.8021,-0.82747
1.4148,-1.0033,-0.40139,-0.30935,1.2121,0.68712,0.12309,0.69271,-1.3158,1.379
-0.4841,-0.12931,0.31089,1.2524,1.5661,-0.26522,-1.3181,-0.82339,1.8553,-0.22609
0.52777,-0.49924,-1.6402,0.29682,-0.74143,0.62272,-0.30787,-0.25562,1.5164,1.0763
-1.1763,-0.55463,-1.9647,-0.56742,-1.7778,-0.42493,0.82183,1.1826,1.5836,0.30117
0.75481,0.93351,-1.8861,-0.27193,-0.11603,-1.1742,0.73569,0.44791,2.0572,0.67391
-0.0014105,1.2934,-1.3859,-0.068965,1.7905,0.33781,1.5055,0.16115,-1.291,-0.6216
1.2541,-0.35111,-0.48397,-0.87545,0.56079,0.42065,-0.16622,1.0383,1.0607,-1.3349
-0.54674,1.9127,1.7165,-0.13347,-0.016518,-0.55002,0.01067,-0.73025,-1.2023,0.40526
-0.73536,0.84754,0.14805,2.0086,0.20101,1.0919,0.72941,0.50268,0.40031,1.211
-0.75608,1.7299,-0.81433,0.051984,-0.73045,-0.92134,1.415,1.0277,-1.2137,-0.18594
1.9747,-1.0067,0.60422,0.22682,-0.77161,2.2756,0.8887,-0.54969,1.4707,0.87034
-0.32971,-0.50429,0.29739,1.2961,0.64366,-0.089546,2.0602,-0.75435,-1.9771,0.79932
-1.609,0.93605,1.1475,-0.16502,0.017329,0.59395,-0.91008,-0.25342,-0.34977,0.48408
0.94857,0.66776,-0.82383,-0.56052,2.4598,-0.71366,0.29499,-0.064326,1.1474,-0.55299
0.024952,1.3481,-1.0876,0.19145,0.6452,0.52536,1.2076,0.73398,-0.31804,-1.154
-0.35587,0.34146,0.7562,0.73451,1.6137,0.61325,1.4977,0.8433,1.3902,-0.4152
0.51682,0.36327,-2.6615,0.43594,1.3072,2.2284,1.2808,-0.94653,-0.29374,0.23787
0.88748,-0.31921,0.13972,0.6097,-0.67668,-0.80331,-0.59753,0.86632,1.0399,1.0096
-0.63718,-0.54883,-1.4026,-0.14161,0.33264,0.49693,-1.1592,0.20583,0.64673,0.29433
0.1109,0.64484,-1.5811,-1.3573,-0.40213,0.37222,0.36063,0.27772,-0.26231,2.7133
-0.31065,0.1873,1.1933,-0.083811,1.7571,0.20997,-0.03152,1.3732,-0.71876,-1.3537
-0.5781,-0.036206,0.94972,0.17907,-0.98712,-0.83978,0.076617,-0.36894,0.5064,0.67121
0.47552,0.50142,-1.0351,0.11603,0.17329,-0.66505,-0.76527,-1.0296,0.11917,0.31847
0.72137,-0.75201,-1.5487,0.18084,-1.1214,0.29271,1.7438,-0.30514,-3.092,-0.21996
-1.3701,-1.0075,-1.5998,-0.85967,-1.3093,-0.28628,0.2681,-0.0084435,0.3042,-0.55271
1.1101,0.66169,0.54792,-0.41211,-0.15573,0.12154,0.48314,1.3996,0.098328,-0.18641
0.14884,0.28498,-1.8495,-0.36696,0.63679,0.48799,-1.0929,0.060207,-0.4177,0.048367
-0.23604,-1.7588,-1.4196,-0.31941,-0.3017,-0.47275,-0.66584,-0.063173,2.9328,1.598
-1.5885,-0.74565,0.34412,-0.59089,-0.49208,0.86601,0.69272,-0.53387,-1.1984,2.4992
-0.25721,-2.0011,-0.11232,-0.70059,1.7733,0.15578,0.097203,-0.94383,1.1778,-0.34255
-0.06956,0.68481,0.67111,1.1264,0.84184,0.5943,1.8679,1.905,-1.1134,-1.432
0.1038,0.4665,-0.77193,1.1997,-1.1136,-0.31399,-0.4235,0.80718,-0.076284,-1.6995
-0.4365,0.15297,0.12746,-0.55101,0.52983,1.1477,-0.99014,-0.099444,0.827,-0.27575
0.92609,0.48447,-0.094987,-0.38538,-0.32499,-0.5304,-1.0572,-0.96686,-0.27729,1.2701
1.568,-0.66747,1.7404,-1.0781,-0.16261,-0.78892,-0.48301,-0.058911,-1.7502,-0.31811
1.2436,-0.47535,-0.44525,-0.178,1.4945,1.9379,-0.78496,0.80674,-0.63698,-0.337
-0.23055,0.049225,-0.8572,1.1714,-2.4371,0.50749,-0.45746,-0.061736,0.7536,0.44478
0.3356,1.0712,0.15535,1.5071,0.36469,0.92979,-1.3755,-0.87811,3.1495,-1.7184
0.40672,0.54918,-0.072743,-0.093007,1.9806,-1.1706,1.8826,-1.2892,1.3751,1.368
-0.6218,-0.054762,-1.2182,0.50516,-0.80018,0.12363,0.029579,0.33126,1.9708,0.28058
-0.011487,1.1218,-0.19184,-1.438,0.75357,0.10437,-1.2696,-0.20835,0.10844,-0.7487
-0.58972,-0.046278,0.0050202,1.1811,-0.62754,-0.47514,-1.1644,-0.848,-0.86918,0.86798
0.068756,-0.5922,1.3709,1.1153,0.88048,-0.52031,0.44421,-2.1768,-0.12122,1.5146
1.61,0.90744,-1.2655,-1.8897,-1.6125,0.27077,0.70975,0.18632,0.78142,-0.91608
-0.18703,0.31524,-1.238,-0.36758,-1.4176,-0.23458,-0.30965,1.9695,-0.052828,0.83767
-0.73076,-1.0997,-2.0388,0.81107,-0.87793,0.74369,2.0472,-1.0675,0.53725,0.67047
1.3774,-1.093,0.92468,-1.506,1.0889,-2.3638,0.54091,0.50638,-0.90661,0.060209
0.87307,-0.73167,0.65635,-0.33213,1.1216,0.14675,0.37845,1.5648,0.7748,0.11649
-0.5254,0.90394,-1.4401,-0.69579,-0.65922,1.7728,0.56116,-0.066682,1.0104,0.76663
-0.737,0.60231,-0.99265,0.61513,-1.4331,-0.93748,1.3408,-0.69049,-2.4509,-1.1889
1.4109,0.055552,-0.58997,0.33369,0.7099,0.217,-0.93158,-0.10765,1.4879,-0.49633
0.03137,-0.17875,-0.68705,-0.62483,1.4475,0.8553,0.027939,-0.82295,0.032113,1.3213
0.18525,0.19282,0.44658,-0.046817,-1.1686,-0.30217,0.52283,-0.1548,1.7508,1.034
0.34928,1.3504,0.10916,0.94032,-0.16154,-0.8262,1.3259,-0.052946,-0.19136,-1.094
-0.62906,0.75307,0.08506,-0.44991,0.63596,1.0299,-1.0545,-0.24637,-0.60258,1.0755
1.0889,-0.53641,0.98235,-0.5917,-0.2485,-1.2884,1.0826,-2.117,-0.60032,1.7521
2.3531,-0.18413,-1.1804,0.89593,-0.30922,-0.23748,-2.4956,-0.7825,-1.1589,-1.3255
-2.4878,0.53509,0.51836,0.20708,1.0955,-0.41477,0.091561,1.0455,0.23038,0.59242
0.19797,-0.37849,1.8983,-0.77708,0.54069,0.7577,-0.58207,-1.2645,0.40836,-0.18984
0.94536,1.1253,0.42644,-1.3125,-1.7344,-0.059458,-1.022,0.27852,-1.3357,0.29615
-0.79584,0.35173,0.91619,-0.057299,-0.55794,-0.39631,0.43099,0.64202,0.25991,-1.7779
0.089737,1.4346,1.0702,0.6637,2.1828,0.20431,-0.81406,-0.72218,1.7842,-1.8278
0.17059,-0.23864,1.3846,-0.24295,-0.6422,0.56975,0.67784,-0.074999,1.4731,0.49747
-0.59975,-0.40353,-1.1568,0.42786,0.99387,1.5482,1.7952,1.922,1.299,0.3277
0.70657,1.9989,-0.15012,1.745,0.33552,-1.0159,1.7532,0.98486,-1.0827,-0.94943
1.2149,-1.5749,-0.83176,-1.353,0.22572,-0.28558,0.81886,0.19542,-0.22122,0.08136
0.22323,-0.75031,-0.62048,-1.3216,-0.88015,1.5062,0.27604,0.6357,-0.53292,1.7433
0.36966,0.83566,-1.8012,1.1852,0.93103,0.44736,-0.15936,0.67013,0.3665,0.047191
-0.5465,1.2988,0.495,0.18216,-0.62587,0.89933,0.86889,-0.33702,-2.4509,0.090322
1.1185,-1.172,0.16064,0.62222,2.4797,-0.20214,-1.1535,-1.0858,0.86972,0.85484
-0.090271,0.81748,3.1961,1.2542,-0.79334,0.25283,0.11211,-0.28795,0.36917,0.71894
0.44066,0.80491,0.60873,0.37744,0.11765,-0.087727,1.1827,-0.3091,0.38731,0.33046
1.1748,1.3298,0.0018471,-0.98423,-0.53592,-1.333,0.53588,-1.4063,-1.1222,-0.4356
-0.29724,0.77288,-2.2417,-0.57009,0.16116,-1.1608,0.22417,-0.57415,0.97257,-0.30044
-0.19418,0.35716,0.59069,0.96376,0.48031,-1.5642,-0.59015,0.48766,-0.73872,-0.39724
0.090557,-0.80754,-1.4567,-1.3542,-1.4215,-0.73008,-0.82908,0.24569,0.021627,-0.67098
-0.22332,1.3036,0.13883,-0.034091,0.021947,0.14198,1.8143,-0.23847,0.46176,-0.16713
-1.2689,0.73858,0.68566,0.5835,0.26452,-0.054233,-0.57143,-2.3966,-0.91743,-0.66979
0.4824,-0.92659,1.7812,0.56789,-0.92884,-0.40644,0.64219,0.54934,0.095674,-0.9576
-1.4415,0.64375,0.26368,-0.5054,1.0438,-1.0829,-0.096991,1.7463,0.57781,2.1061
-0.30445,-0.73906,-1.5203,0.20788,0.59813,-0.38484,-0.91254,-0.80327,-1.6436,0.30278
-1.4084,-1.3232,-0.62307,0.12181,1.0164,-2.3802,2.0885,-0.75703,0.62939,-1.1733
1.3014,-0.43659,1.305,-0.85575,0.5953,-1.967,-1.2003,0.56512,-1.8553,1.397
0.08539,0.050238,0.1005,-2.0973,-0.11949,0.43361,0.11908,-2.1436,-0.8405,0.56493
0.47895,1.1834,0.28037,0.15929,-1.536,-0.21474,0.72691,0.86254,0.58938,1.5787
-0.26284,-0.22022,0.62928,-0.70518,-0.18837,0.57991,-1.6474,1.9991,1.2732,0.5744
1.5868,0.12205,-0.9872,0.97009,-1.2255,1.8352,1.0633,-1.7032,1.0056,-1.3256
-0.40398,0.34874,-0.58624,-0.78722,0.20138,-0.76508,-1.9856,-1.1693,-0.97119,1.3657
1.1517,-1.1681,-0.60644,0.059066,-0.50214,-0.0037374,-0.36256,-0.22228,-0.01633,0.59875
1.1531,-0.29535,1.3939,0.43734,-0.03654,1.873,-0.92088,-2.1276,-0.10227,-0.060475
-0.5256,-0.33278,-0.061436,0.43994,0.054347,0.35257,0.92451,-0.32175,0.27948,-0.43008
0.42936,-0.72197,-0.99191,0.91072,2.239,-0.51588,-1.177,0.081906,-0.0051726,-0.97778
0.1266,-1.193,-0.30975,0.046999,-0.62569,-0.57278,-2.1829,0.70031,-0.77191,0.43786
2.115,-1.1072,0.91592,1.7547,1.1072,-0.12317,-0.45768,0.62181,0.068877,-0.53717
-0.99422,-0.33776,0.34255,-1.127,-0.36019,-0.36985,1.6332,0.12898,0.078796,-0.96469
-1.5845,-0.65149,1.1458,1.9397,-1.2547,0.78217,-1.3087,0.88364,0.63279,0.72265
0.31085,1.46,-0.37851,0.70815,1.1558,-1.1467,-2.001,-0.47629,-0.27144,2.251
-0.96961,-0.71562,-2.3721,-1.3381,-1.7274,0.71641,0.60873,0.14837,1.7593,0.15079
-0.58915,0.026082,-0.86439,0.35164,0.51171,0.87379,0.40651,0.81845,3.7261,0.31101
0.33143,-0.37349,0.081481,0.60435,-1.0157,0.26745,-0.79318,0.70753,0.0086923,0.86765
-1.2981,1.5872,-0.5681,-0.64778,0.25221,1.5961,-1.2107,-1.0244,-0.32156,-0.80409
1.0717,1.4439,1.0987,-1.4626,2.3279,-0.98201,0.5421,-1.0205,-0.099342,-0.56626
0.42141,-0.5606,-1.5574,0.5318,2.1034,0.45126,-0.56391,-1.131,1.2115,-0.017087
1.4224,0.72118,0.23503,-1.6275,0.60411,1.4114,-0.29762,2.2207,-0.70977,-0.23323
-0.31185,-0.64449,-0.24852,-0.50468,0.58732,-0.2476,0.72297,0.3971,0.69143,1.3665
0.91303,0.91646,-2.6719,2.2144,-0.29156,1.3968,0.27078,0.56065,0.20255,-2.0846
-1.1189,2.1633,1.9221,-0.43752,-0.37942,-0.94999,-0.68583,1.1772,-1.4075,-0.23402
0.24083,-0.35328,-1.0474,0.11892,0.87382,0.26478,-1.472,0.43657,-1.4559,0.98713
1.1234,-0.78207,0.32245,1.2539,-0.94492,-0.22507,0.35754,-1.3991,0.32372,0.81082
-0.64821,-1.2081,0.78504,-0.19758,-0.17162,0.69041,-1.1355,0.69957,1.2167,-0.96655
0.087371,1.1413,-0.52526,-0.23877,2.2665,0.6899,0.013916,0.90795,-0.5376,2.6438
1.6347,0.56967,1.0638,0.62661,0.082937,1.1132,0.73767,0.17523,0.35604,0.54803
-0.78451,0.84363,0.75222,-0.52701,-0.44949,1.1048,1.2179,0.84568,1.9293,0.61427
-1.1104,-0.23323,-0.92809,-0.73275,-2.083,-2.0936,-1.737,1.0026,-1.5261,0.82258
0.93361,-0.902,0.79189,-0.17627,-0.23976,-1.1373,-0.47763,1.2301,-0.61347,-0.062168
-0.023487,-0.58887,-0.24373,1.6363,-0.39603,-1.049,-0.59392,0.76362,0.342,-1.4023
-1.1007,-0.61893,-1.8343,2.2512,-0.41917,-0.53681,0.68134,1.6208,-1.1495,-0.087988
-0.89371,-0.88569,0.59758,-1.1046,-0.4694,0.25958,-1.216,0.54983,-0.53489,0.89433
0.34627,0.013396,1.8614,-1.0636,0.023193,-0.16441,-0.7934,1.4802,1.2515,-0.55963
0.24488,-0.28253,0.49484,0.039156,1.2651,0.23912,1.1272,-1.7239,1.4204,-1.2515
-0.35158,1.1016,-0.41345,0.43223,-1.0955,2.2725,0.45394,0.80115,-0.71897,0.4635
0.22906,-0.49397,-1.1377,-0.16445,0.13538,-0.26407,-0.49123,-0.39074,0.15144,-0.41391
0.56443,0.8025,0.065407,0.50182,0.0027349,-0.84441,0.36683,0.1062,0.51662,-0.061322
-0.73097,-1.008,-0.72817,0.23405,-1.175,-0.36171,-0.30163,0.47114,0.85309,-0.14199
-0.31976,1.9221,-0.9779,0.50317,1.6285,0.92083,-0.45715,1.4664,-1.2015,1.1146
-0.72566,0.16813,-0.60216,-1.2755,1.495,0.039289,0.41445,-0.035687,1.4887,-1.3215
1.3399,-0.026186,-1.6928,-0.3005,0.7486,2.7535,0.6136,0.46735,-0.94037,-0.24966
-1.2787,-0.40466,-0.19461,1.5508,-0.28426,0.41914,1.0728,-0.66605,0.79512,-0.48146
1.6141,-0.53685,0.25965,-0.44514,-1.0948,-0.30584,-1.1742,-1.6578,0.37113,0.024737
-0.56977,-0.48573,0.18645,-0.59778,0.55913,-0.17792,-1.4265,0.49355,-1.218,-0.80766
-0.0020315,-0.35357,0.26142,0.51375,0.64111,-1.0994,-0.54878,-1.0031,-0.19778,1.1464
0.95754,1.2912,-1.0132,1.3433,0.05574,-1.2362,0.38498,0.16037,-0.42455,0.58765
0.73778,0.53527,-1.1997,0.40639,-1.4001,-0.10116,1.6012,0.17157,1.2965,0.59354
-0.34139,0.0082747,-1.2697,0.28205,1.7016,-1.9974,-0.48741,0.030294,-0.62678,0.84441
0.88858,-1.0067,-0.32423,-0.56905,-1.4379,0.39579,0.23168,-0.61033,0.30448,0.62438
-1.1797,-1.6973,-0.73396,0.38202,0.37799,-1.458,0.62215,-0.52544,-1.1104,0.62469
1.3815,1.8162,0.13015,1.0884,-0.28547,-2.7368,0.38811,-0.092213,-0.87736,-0.014286
1.1604,-0.14524,2.3963,1.7569,-2.8302,-0.24355,1.2185,2.0284,0.053459,-0.96057
0.018513,-0.13963,-0.97549,-0.36907,0.12291,-0.79585,1.3622,1.4234,-1.0824,-0.89765
0.40389,-1.1319,0.27509,-0.69888,-0.92942,-0.9179,1.5963,-2.5691,-1.0995,1.742
0.97951,0.61262,-1.5412,0.80799,0.96903,-0.47198,-0.34432,0.16522,0.19967,-0.63585
-0.32774,-0.90614,-0.46367,-0.44408,0.65175,-0.3012,-0.6372,-0.36301,0.87808,0.59015
0.54541,0.88444,0.52951,0.42261,-1.6749,-0.31877,-1.0867,-0.67415,-0.54119,-0.42066
0.6872,-2.3601,-2.1103,0.52409,-0.44271,0.026885,3.5129,0.092345,-0.097895,0.15569
0.37195,0.42089,1.0126,-0.63768,0.16523,-0.12089,0.25201,0.11981,-0.19691,-0.3805
-1.4205,0.18345,1.1591,0.082367,0.20657,-0.15996,1.1414,0.70561,0.79482,0.4775
-0.33567,0.50081,0.4728,0.21932,1.431,-0.52829,-1.824,0.52281,-2.6139,-1.4248
-1.9762,-0.33019,-0.78479,1.6201,-0.98217,-0.32329,-0.95661,0.93266,0.23118,-0.81124
-0.38301,-2.4136,1.3266,-0.67356,0.038213,1.0074,0.32548,0.19144,1.1414,-0.38724
-0.78986,-0.96284,0.13134,0.13718,0.1483,-0.37108,0.23423,0.83335,-0.58431,-0.18956
-0.09604,2.715,-0.60735,-0.7355,-0.88601,0.44201,0.66658,-0.47127,-1.6743,-0.34706
0.37741,0.97848,-1.3268,-0.44251,1.137,0.56902,-0.34213,0.79346,0.69299,0.76447
0.83001,-0.79943,-0.31231,1.3798,-1.3871,0.42314,1.293,1.4402,2.1773,-0.59481
-0.14317,0.48399,0.25414,0.19803,0.58226,0.80514,-1.6602,0.48494,-0.6887,0.14769
0.040143,0.46524,0.97865,-1.4049,-0.87319,-0.28456,0.88553,1.2675,-1.6516,-0.28991
1.0133,-2.4673,-0.62984,0.88571,0.4953,-0.19108,0.091797,-0.56671,-0.69553,-0.6575
1.2967,-0.31956,0.42339,-1.3672,-0.95458,-1.1615,-0.4032,0.4805,0.088121,1.7667
0.21759,-2.0291,-1.0572,-0.73459,0.30687,0.85317,-0.94452,-1.3387,-1.942,-2.2738
0.86126,1.162,-1.1844,-0.79015,-2.1276,-0.061472,1.8798,-0.17103,-0.35493,-0.49443
-0.7299,0.94912,1.1542,-0.52523,-1.489,-0.092838,0.62764,-0.92315,-0.52513,-0.064076
1.5856,1.4857,-1.4479,-1.1619,-0.65821,0.46466,-0.70971,-1.8607,-1.1704,0.045713
-0.66277,2.044,0.89025,0.626,0.17251,0.31877,-0.38409,0.43654,-2.1471,0.58625
-0.76753,0.080027,1.2197,-0.90899,0.14574,-0.27272,-2.4031,0.28536,-1.8645,-0.43726
0.53812,-0.52773,-0.465,-1.5389,-0.040381,2.7893,-1.6835,-0.74908,-0.093766,0.6241
-0.065333,0.29605,-0.59079,-1.964,-0.88465,0.31792,0.14287,0.76217,-0.64339,0.78075
-1.5865,0.21998,-1.3227,0.66152,-0.48637,-0.7127,-0.92617,2.5497,-1.1517,-0.18373
1.0775,-0.16644,-0.64636,0.32077,-1.4975,1.1397,1.6405,-0.55873,0.50016,0.68871
0.69521,-0.18088,0.76682,-0.9071,-1.2686,-2.2164,0.10552,-0.20288,-0.90179,1.6836
1.6476,-1.0206,0.82462,0.33692,-2.6585,-1.3736,1.8119,0.13876,2.2389,-0.37619
0.29484,0.045718,-0.14547,1.168,0.18135,-0.88703,0.0013453,0.95692,2.7981,1.7663
0.70498,-1.3503,-1.425,-0.3612,0.14029,0.72541,-1.0802,-0.5017,1.2122,1.1038
-1.1515,0.26409,-0.42628,-0.42094,0.2256,0.60754,0.11551,-0.75089,-1.6767,0.29369
1.8595,0.61873,-0.48221,-1.0416,-1.2069,-0.38035,-0.55776,-2.2911,0.25228,-1.3929
2.3715,0.67018,-0.6872,1.0976,0.31967,0.12235,-0.59842,-0.28073,1.2621,0.034004
-0.38132,0.89923,-0.54575,-1.1042,0.36215,-2.0937,-0.39761,0.58474,-1.1975,0.14179
-0.69478,0.52905,1.8258,-0.17557,0.18249,1.5081,-0.09639,-1.2603,2.2197,-0.62042
1.0001,0.88045,0.1684,-0.8522,2.4757,0.40959,0.20499,-2.3042,0.33502,0.21991
-1.1353,-0.012943,-0.50088,-0.34955,-0.9082,-0.31761,-1.2652,-2.4842,1.1429,-1.6201
0.15361,-0.38326,2.0112,-1.4817,-0.19445,-0.018094,-0.52609,0.4032,-0.051854,-1.5157
-0.13482,1.3958,0.22055,0.21164,-1.359,0.1611,0.4816,0.60268,-1.5025,0.43352
0.82663,-1.8447,2.0992,0.1218,1.2363,1.4554,1.8668,-0.61235,0.16322,2.7615
-1.9688,-1.1089,1.2238,-1.7761,1.6726,0.19788,-0.22527,0.34259,-0.80889,-1.2302
0.12344,-0.79673,-2.3943,1.0863,-1.5721,1.4561,0.989,-0.34221,-1.0738,0.56957
0.26192,0.58667,-1.7142,1.1434,-0.13174,-0.61914,1.2187,0.73117,-0.20374,-1.7742
-1.7711,-1.3698,-1.8054,-1.47,1.97,0.95164,-0.59559,0.02083,-2.6961,-0.80242
-0.15884,-0.044202,-1.0263,-2.0359,0.18495,-0.94765,-0.95297,-0.27061,-0.49031,-1.378
0.62918,0.50178,0.1756,0.11033,0.055843,2.2719,0.45844,0.65518,-1.1437,0.085799
-1.2758,-0.33445,0.27697,-0.69456,0.61575,-1.7841,0.74562,0.76115,-1.8507,-1.0966
-0.30004,0.67566,1.1,-0.095554,0.68168,0.9844,-0.26819,2.0302,0.80597,-0.022493
0.19685,0.63662,-0.71583,-1.1538,-1.1075,1.0385,0.035457,0.61471,-0.29729,-1.1479
-0.52258,2.3867,1.0467,1.3087,0.26151,1.1254,0.2195,1.2394,0.15287,0.82151
1.5732,-1.4092,0.15495,0.56241,-0.53521,-0.73769,-0.8784,1.0762,0.072892,2.657
0.76944,-0.53559,-0.094898,1.1318,-1.4892,-0.29845,-0.0010034,1.4253,-1.1461,-1.2603
-0.57876,0.97962,0.24813,0.30993,-1.1841,-0.079373,-0.38442,0.55356,-0.80076,-1.2446
0.33162,-0.15059,1.1019,0.46694,0.039336,-1.1594,-2.2299,1.363,1.3765,1.2015
1.1288,-0.25552,-0.32846,-0.58165,-0.29748,-0.2906,-0.28026,-0.28444,0.13084,-0.26561
0.24822,-0.70586,-0.80804,0.42499,-1.1276,0.025143,-0.18633,0.1376,-0.49254,-0.55157
0.55692,1.1672,-0.37716,-1.2158,0.54651,-0.19438,0.80643,-0.22155,-0.38434,-0.42707
0.64314,0.77249,1.438,1.3704,-0.82235,1.6623,0.20219,0.22512,-0.77369,1.8831
0.73915,0.87356,0.71346,-0.37376,1.1631,-0.68435,0.42443,2.0664,-0.10035,0.72654
-1.3227,0.19964,-1.0723,-2.1738,0.8768,0.19352,-0.34893,-1.4566,0.21689,-0.84042
-0.67679,-1.7885,0.40593,-0.98053,-0.35558,0.20284,0.48719,1.792,-0.32662,0.39875
-0.35289,2.1276,-0.9241,-0.97907,0.90857,1.287,-0.036902,-1.2207,1.5694,1.2683
-1.5974,-0.79824,1.5438,-0.075368,0.23179,-2.2663,0.86103,-0.4987,1.2183,-0.55126
-1.4019,0.55876,-1.995,-0.63693,-0.16371,-0.40073,-1.0507,-0.79953,0.59247,0.10233
0.35765,1.5934,-1.6161,-1.0983,0.42963,1.0971,0.11908,-0.35711,1.2836,-0.22856
0.35891,0.15001,0.81961,-0.95274,-0.26324,-1.4404,0.29499,0.24383,-0.52541,-0.28658
0.9246,-0.11525,-0.53548,0.88311,-1.3504,-0.46336,2.2511,-0.13348,-0.86088,1.3986
0.3656,0.71354,0.39533,0.95669,0.8652,1.7883,1.5292,1.5596,2.1726,-1.6268
-0.76678,-0.34269,-0.53726,-0.38372,0.36122,1.7735,-0.35425,0.43232,-0.97181,-0.79522
-0.015724,-0.72239,0.15408,-0.55835,-0.6454,0.078882,0.95885,-0.18677,-0.40521,-0.11384
-0.71651,-2.2239,-2.083,0.55422,0.28466,0.031315,0.081111,-0.60561,1.8512,0.16494
0.86716,-0.20893,-0.75815,-1.1266,0.038521,0.59397,-0.77227,0.44692,-0.75372,-0.18839
-1.511,0.15295,0.071498,0.86674,-1.5417,-0.066768,0.23342,-0.62377,-0.70048,-0.10959
0.85945,1.5124,-1.4749,-0.46643,-2.1605,-0.35778,-1.3653,0.46458,0.54481,0.4917
0.4981,0.69419,-0.21756,-0.56852,-0.20018,0.12325,0.41853,0.77848,0.6929,-0.84011
0.77309,1.0408,-0.2833,1.6052,-2.4753,-0.64666,-1.0838,-1.3679,0.47476,0.83053
-0.57862,-0.21534,-0.62915,0.19943,0.20177,-1.0677,0.39667,-0.68929,0.78233,0.51046
0.19713,1.3935,0.045259,-0.48557,-1.4505,-0.11326,-0.48818,1.5996,0.78549,0.77053
-0.041034,0.92369,0.0023681,0.023348,0.30436,-1.6,0.40041,-0.5347,0.67881,1.7058
-1.5108,-0.34667,-0.80793,-0.53544,-1.2601,0.99411,1.0433,-0.76982,0.49615,-0.11338
0.48478,0.094793,-0.051875,-0.031592,-1.2251,1.1111,0.79973,0.53888,0.4861,0.62025
0.4426,-1.4546,1.0286,-0.12748,1.2856,0.10276,-0.094044,1.2885,-0.87652,0.62721
-0.74311,-0.86343,0.91237,0.75787,-0.0343,-0.054971,0.29923,1.1402,-0.89722,2.3189
1.24,0.35781,-1.1898,0.20833,-1.1224,0.57233,0.51125,0.24487,0.80728,-0.6049
-1.7651,-0.81169,1.378,-0.29843,0.17536,1.1921,-0.69612,0.41775,1.534,1.3527
-0.41099,-0.20285,0.53076,-1.2415,-0.39159,1.2309,1.1292,0.81303,0.80013,0.42335
-0.39083,1.2304,1.7285,-0.84025,-0.45402,0.75655,-2.4432,0.26496,0.063051,-0.22671
-0.71372,-0.69525,-0.26774,1.3195,-0.32413,-0.2235,0.58278,-0.78417,-0.46062,-0.8027
-0.66394,-0.11333,0.55653,1.5776,-2.2449,0.31598,-0.59299,-1.0874,1.8661,0.14827
0.48305,-1.0762,2.2097,-1.0366,-1.6496,0.99026,0.16801,0.71967,-0.035835,-0.73009
-0.8738,0.73453,-0.21596,1.2167,-1.3523,0.26049,0.56855,1.2425,0.27994,-0.23722
0.06888,0.55464,0.35022,-1.2985,0.50494,-2.2046,-1.8955,1.759,1.0093,0.49132
-0.42512,-1.5022,1.6692,-1.4469,-0.097317,-0.4705,-1.0596,0.68067,-1.7674,-0.038969
-0.12836,-0.8622,0.82214,0.64888,0.32313,0.29001,0.10052,-0.45582,1.7011,-1.3993
1.9323,-0.5549,0.17812,-0.70904,-0.81924,-0.24766,0.97344,1.4842,-0.60079,-1.2178
-0.54186,-2.6481,2.034,0.16599,-1.6932,1.8732,0.87115,0.18012,1.2532,-0.6981
0.88552,-1.2682,0.74603,0.48918,0.38892,0.013245,-0.86211,-1.8329,-0.53568,-0.8878
0.037869,-0.78727,-2.1376,-1.0837,1.1326,-0.35637,0.64369,1.0126,-0.087732,0.17885
0.03148,0.551,-0.16204,-0.73884,-0.15579,-0.56509,0.48001,1.4243,0.74432,0.61669
-1.9026,-0.22847,-0.7549,-0.30972,1.1565,1.5016,0.2009,-0.82746,-0.10296,-0.55889
1.0208,-1.1368,-1.0453,-1.099,0.18602,-1.462,0.58955,-0.32966,-0.24228,0.84029
0.15452,-0.25988,-0.66872,-0.088416,1.2314,1.6955,-0.55541,0.87702,1.0081,0.6406
-0.43402,0.74312,-0.3887,0.20304,-0.72625,-0.88024,-0.41174,0.5393,-1.4118,0.89757
0.037427,-0.13167,1.2262,-0.9204,-0.62628,0.77893,-1.1917,-0.25236,0.32878,-0.41113
-0.10901,-1.3187,-1.5385,0.11671,0.46443,1.1622,-0.68209,0.59567,-0.70216,-2.1276
1.832,3.0071,-0.93104,0.27868,1.2351,1.064,-0.79299,-0.29004,0.38475,0.55814
-1.1068,0.24676,-2.2167,-0.34575,0.15162,0.67729,-0.51874,1.6258,0.76738,-0.1472
-0.56153,1.517,1.5686,-2.0508,1.1096,-0.065538,0.031703,1.309,0.87424,0.58999
0.26281,2.6927,-1.6796,0.83548,-0.057217,1.2355,1.8481,-0.095561,0.57542,-0.16039
1.8542,1.2445,-0.80097,0.32852,-1.7594,0.37001,-0.47597,-1.5778,-1.0187,-0.80058
0.25734,-0.11292,1.838,-0.52479,-1.2657,1.4029,-0.22791,-0.23309,1.0308,-0.63385
1.1111,-2.0495,0.20613,0.66962,0.68485,-0.33575,0.57422,-2.3784,-0.65897,-0.012374
0.75262,-1.5354,1.7396,0.52518,0.76396,1.1223,0.77085,-0.38928,-1.7494,0.51421
0.71895,-0.46779,-0.013837,0.22564,-0.014939,1.0229,-0.32901,-0.15088,0.70846,0.30015
1.2875,0.14911,-0.3299,-0.50679,-0.29132,-1.3486,0.79313,0.39625,-0.98935,0.77388
2.2912,1.8214,-0.50202,0.086322,0.48789,0.24717,-0.068276,-0.28179,0.63141,-0.11091
0.14759,2.3982,-1.773,-0.70401,-0.75428,0.23299,-1.2646,1.3342,-0.44949,1.9384
-0.29002,0.85791,-0.094471,-1.4003,-0.018093,0.95938,0.95326,2.7558,-1.0336,0.33803
0.18721,-1.2531,1.5967,0.078998,-1.2979,-0.071802,-1.9924,0.51241,-0.47785,-1.8942
-0.30318,-0.19645,0.97392,-1.0044,0.37726,0.66909,-0.65625,-0.21383,-1.7359,-1.145
-2.3113,2.2339,0.71106,0.42194,-1.5301,-0.50992,0.69405,-0.0868,-0.2113,-1.3581
-0.11595,0.022945,-1.4107,-0.079952,0.35792,1.1364,-1.7067,-1.4933,-0.35861,0.17553
0.16784,-0.064151,1.2427,0.15109,1.4059,1.0683,0.53116,0.81357,-1.2026,1.6264
-0.3663,-0.98528,1.333,-0.85894,0.72184,2.0735,1.4383,0.57261,-0.81406,-2.3053
-0.21687,0.34239,1.2087,-0.11165,-0.62663,0.33037,-0.37959,-1.3026,0.28618,-0.19516
1.2362,-0.54365,-0.94732,-0.21849,-0.78267,-2.1595,-1.2242,-0.42199,0.29292,-1.1584
0.08252,0.4352,0.87944,-0.24297,-0.33609,1.2163,-1.1027,2.7155,0.94649,-1.8274
-0.029898,1.1367,1.8455,0.52788,2.5844,-0.43845,0.012624,0.28491,-0.1648,-1.122
-0.66135,1.7657,1.8252,-0.75641,1.8654,-0.62408,0.58657,0.19656,1.9252,-0.77732
-0.55724,-0.016749,0.29391,-0.84572,0.3211,1.6028,0.30495,-2.0891,-0.099552,-0.29718
-0.1009,2.4609,-0.23616,-1.789,0.21564,1.712,-0.38031,0.31111,-1.9318,-1.9123
0.12793,1.808,-1.259,0.18452,0.38679,1.8815,-0.90202,0.15232,-1.4159,-0.17393
0.38861,-0.84642,0.1206,0.18921,2.0212,-0.73345,0.80338,0.064451,-1.9235,0.79736
1.6352,1.6672,-0.14405,-0.55388,0.36372,0.35802,1.1144,0.66369,-0.19838,0.021751
1.3566,0.48733,0.47583,-0.51703,-0.32188,-1.2251,-0.95131,-0.97741,0.36296,-0.86686
-1.1972,-0.91847,-0.36092,-1.2868,-1.5199,0.060739,0.49785,0.6521,2.1536,-0.27726
1.7566,1.2705,0.15355,0.9527,1.6283,0.79677,0.1002,0.0069054,0.92106,0.67651
-0.9855,0.9492,0.90915,-0.29434,-0.057129,-1.8704,-1.4352,0.10601,-1.1685,-1.1127
2.5712,0.59085,0.76721,0.059502,0.36716,0.67988,0.055447,0.11722,-1.4356,-0.57847
0.19929,0.10548,1.7267,-0.48162,0.78059,0.22582,0.09574,0.96957,-0.21993,-0.69738
-0.43873,-1.0748,0.87688,0.74346,-1.5662,0.12592,1.1391,-1.0077,-0.59798,-0.35166
-2.0213,2.4079,0.71591,-1.6981,0.90782,1.0713,-1.5476,0.74955,0.73375,-0.90583
-0.39798,1.2942,0.087363,0.61582,0.40346,-0.54664,-0.31789,1.9817,-1.0986,0.62143
1.5421,1.7015,-0.74314,-1.4445,1.8744,-0.22151,0.095153,-0.33711,0.059878,0.15671
-0.41266,0.49086,0.24156,-1.3105,-0.58735,0.63347,0.50272,0.85403,-1.0019,-0.32207
-0.45082,-0.40774,-1.8027,-0.3305,-0.71352,-1.6981,0.42216,-0.36454,1.9975,-2.0175
-1.313,1.191,-0.7906,-1.3195,2.5545,0.10335,0.60307,-0.29249,0.69555,-0.10595
-1.1739,-1.3801,0.95329,1.0506,0.31661,0.28476,0.83382,0.60366,0.09665,1.3555
-0.57869,0.45844,-0.60808,-1.5134,0.50672,0.05288,0.03101,-0.10604,2.149,1.401
0.36003,-0.72271,0.89108,0.63713,0.76362,2.1444,-0.28643,-0.87227,0.27262,1.6165
-2.0623,0.030504,0.73334,0.67811,-1.1475,-0.6252,1.2347,-1.0893,1.0342,-0.21189
0.66735,0.66632,0.39963,-1.495,0.86133,-0.9909,1.5152,-0.15536,-0.96336,-3.2434
-0.48111,0.93273,-0.319,1.4705,1.104,-0.25138,0.047024,-0.27268,1.1603,0.83251
0.80433,-0.35189,0.72662,-1.3674,-1.0748,-0.40181,0.82539,1.1697,0.34108,-0.33172
-0.0043457,-0.2967,0.1418,-0.63406,0.89447,-0.044701,1.3471,1.6176,0.14562,-0.61542
-0.44269,-2.5151,-0.23639,2.0972,-1.617,0.25711,-1.155,-0.41769,-0.29788,-0.19832
0.50276,-1.4741,1.2408,1.5392,0.3346,0.67909,0.9543,1.873,-0.28255,1.1789
0.50515,2.0699,1.3152,-1.4164,0.51628,-1.8116,1.08,-0.99611,-1.005,0.90581
2.0251,0.35638,2.657,0.31315,-1.8823,0.93535,0.66923,-0.60365,-0.34795,0.20243
-1.3012,0.55537,1.0341,-0.63192,-0.2525,-0.17863,1.4907,1.5544,-0.18377,-0.26545
-0.70203,-1.2696,0.26155,0.36374,-1.199,-0.97935,0.50536,0.53956,0.53789,-0.30919
-1.2234,-0.40672,-2.533,1.2371,0.52321,-1.6223,1.0666,0.40001,-0.78269,0.24556
-0.57012,-2.0204,-1.1366,0.66741,0.24781,-0.79627,-0.51622,-0.13972,-0.22803,0.31279
-0.50539,-1.6021,-0.91594,-0.27066,0.001614,-0.66049,-0.44009,-0.89148,-0.29433,-1.2903
-0.44143,-1.54,-0.72765,-0.10645,-0.36069,-0.67857,-0.36499,0.75479,-1.0979,0.088084
-0.46893,-1.9105,0.76112,0.48004,-0.71501,-0.049992,-1.4108,-0.88097,-0.27672,-1.3523
-0.51039,-1.3973,0.31337,0.90811,-0.89916,-1.5825,-0.87075,0.85625,-0.67504,0.24686
-0.23713,-1.251,0.47181,0.7084,-0.16674,0.40604,2.1043,1.246,0.46576,-0.39318
0.42824,-0.79458,0.1351,0.86895,-0.69978,1.2357,0.47192,-1.8723,-0.94462,-1.8202
1.1137,1.226,-0.13261,-0.35606,-2.181,-0.98286,-1.4678,-1.7211,0.14917,0.75481
-0.36496,1.9994,0.40795,1.0523,-1.2614,1.9314,-0.037623,-0.71741,1.446,-0.18592
1.8274,-0.79197,-0.27279,-0.17094,-0.56501,-0.8074,1.4869,-0.28408,-0.78979,0.22098
0.87276,0.29256,-2.0249,0.13096,-1.3241,-2.0347,-0.99317,0.77594,-1.1607,0.4134
1.2197,-0.16534,-0.96525,-1.2261,0.52093,0.091871,0.13529,-1.2354,-0.5653,0.18312
-0.9802,-1.1797,1.2668,1.3818,-0.60194,-0.19897,-0.20984,1.0337,-0.23247,-0.51838
-1.8282,-1.0258,-1.6696,0.84569,0.60557,-1.4024,-1.0384,0.66312,-0.36067,-0.64317
0.32694,-1.8826,1.638,-1.0546,-0.76036,-2.3947,-0.16101,0.12083,1.9312,1.5341
0.34433,0.87635,-0.33085,-1.316,-0.23507,-1.4051,2.4811,1.0469,0.71183,-1.378
-1.7003,-0.03099,-0.64244,1.3346,-0.25342,0.064123,1.4332,0.0052499,-0.14873,-0.82062
-1.4859,1.0755,0.22613,0.1253,0.43242,0.22756,0.31999,1.4585,0.22785,0.82436
0.35206,-0.75026,-0.37786,-1.2771,-0.26695,1.1003,-1.41,-0.10236,-0.090754,-0.46133
1.0365,-0.40781,1.1904,1.0713,0.99383,0.058727,-0.32701,-0.28714,-0.6981,-0.80234
1.3563,0.53204,-1.1796,0.14316,-2.5432,0.11719,0.25009,-0.55524,-0.9376,0.44136
-0.91826,-0.019126,-2.0913,0.53877,0.49016,-0.49503,0.34397,0.39352,-0.88518,0.20437
0.60462,1.4391,0.74941,-0.34081,1.9106,0.71098,-0.20529,1.2703,-0.32963,0.55507
0.61424,-0.87015,-0.99164,-0.731,0.28931,-0.18458,0.76543,0.56964,-0.89325,0.011008
-0.032075,1.4877,1.427,0.62207,0.031842,0.77741,0.1242,-0.77205,0.63839,-0.28529
-1.0519,-0.33286,0.37394,0.32745,-0.14018,0.2617,-0.70853,-0.82202,-0.58457,-0.42132
-1.1045,-0.14534,-0.28431,1.1788,0.6078,0.084118,-0.22416,-0.95655,-1.4386,-1.0036
0.74052,-0.45135,0.47867,-0.96565,0.1908,-0.7743,0.018334,-0.83613,0.71946,0.58167
-1.6821,-0.54075,0.050834,1.6492,0.8713,0.92472,1.1357,-0.12255,0.050548,-0.42089
-0.29493,1.6822,0.41193,0.78814,1.1524,1.4386,-0.079019,-0.12744,0.65668,-2.1772
0.14048,-0.80178,0.35582,0.81109,-1.3645,-1.5415,-1.2142,0.99482,0.82016,-0.42575
1.093,1.284,0.25737,-1.6215,0.57654,-0.73435,-1.0716,-0.47906,1.0381,-1.9728
-0.35915,-0.14038,-1.0633,0.94696,-0.95289,-0.65952,2.8952,-1.4621,-1.3805,-0.93076
-1.3925,-0.068733,0.52248,1.4282,-0.033483,-0.32479,0.61689,1.4656,0.90891,-1.4931
0.34804,0.1471,-0.21684,-1.1627,-0.39673,1.9781,-0.18608,0.11823,0.84514,0.83129
-0.71966,-0.073851,-1.056,1.9559,0.32231,0.03054,-1.703,-0.71444,0.0058144,-1.3811
1.7775,-1.3276,1.1611,0.29639,1.9817,0.18403,-0.54932,0.070521,-1.1479,-0.89279
-0.86794,-0.99917,1.9853,-1.3369,0.29963,0.498,-0.436,1.3853,-0.90329,-1.2466
0.171,0.43502,1.3075,0.90119,-1.0948,0.13448,-0.53719,0.56351,0.10525,0.098644
2.0424,-0.2806,0.47084,0.73368,-0.15742,1.8157,-0.73447,1.6643,-0.39976,0.56308
1.0541,0.18368,-0.3158,0.90927,-1.485,-0.51209,0.051705,-0.5484,0.24726,-0.090366
-0.016916,0.67599,0.2435,-2.0687,-0.43535,0.28901,0.94272,0.11138,-1.504,0.35618
0.47917,0.14832,0.074125,-0.53929,-0.68901,-1.2289,-0.087992,0.12792,1.1635,0.5762
2.4027,-0.43473,0.43485,0.50965,1.9856,0.47715,1.4068,1.8355,-0.83208,0.30387
1.4006,-0.083362,-0.25729,0.69146,-0.39853,-0.57958,-1.5422,-0.23894,-0.55174,-1.2735
-1.3284,1.3618,-0.94699,-1.339,0.37708,0.49109,2.4978,1.576,-0.24059,-0.83524
0.18471,0.67448,0.27142,0.35112,1.0068,0.2876,-1.2556,-0.93398,0.55185,0.62835
1.0649,0.80319,-0.85149,-0.28351,-0.80846,-1.3192,-0.68591,0.27637,-0.54676,0.67844
-1.5348,0.905,-0.47004,0.15315,-0.36208,1.687,0.53042,0.1111,0.87963,-0.27017
0.28867,0.95601,1.0587,-0.44423,-1.8338,0.93954,-0.68064,-1.311,-0.74619,-2.2882
-0.068164,-0.76871,-0.54442,-1.2558,-1.0643,1.4017,-2.7444,-1.2493,0.0039914,0.42773
0.28837,2.4913,0.30512,0.74995,0.50045,-1.0278,-0.59084,-1.3407,1.8271,0.21775
-0.80508,-0.15387,-0.23506,-1.6583,0.69235,-0.7644,-1.3336,-1.1042,-0.15751,-0.56242
-1.827,0.041459,-0.6831,0.26525,-0.36477,-0.24135,-1.5695,0.14775,0.68102,-1.1462
-1.0724,-1.5049,0.012104,-0.57246,-0.77251,-0.079493,0.81721,0.11462,-0.22522,-1.169
1.8749,1.085,-0.14788,0.35571,0.17912,-1.3444,-0.21756,0.31482,1.007,-1.2726
-0.12973,0.57205,-0.70805,0.49795,0.1575,-0.44857,0.66367,-0.84184,0.81314,0.78573
-0.95153,0.19193,-0.59834,-0.054006,-0.1825,-0.40583,-0.26523,0.5608,-0.63857,0.06783
1.4679,0.61833,1.4227,0.80139,0.81101,1.3501,0.39745,-0.83333,-0.61249,-0.97113
0.91899,0.86577,0.67748,-0.069875,-0.8746,-0.15843,0.74049,-0.42188,0.75032,1.1053
-0.86259,0.35852,0.6602,0.96936,-0.19638,-0.67101,0.82647,-0.7142,-1.4887,-0.83039
1.075,-2.5292,-0.38233,-0.3497,0.10023,-1.6739,-1.1382,0.5905,-0.7522,1.1324
1.1104,-0.10763,-0.25884,-1.8971,2.4007,-1.3193,0.03988,-0.88747,-1.2507,0.14481
-0.77376,-0.16597,-1.6444,-0.33469,1.2243,-1.5813,-1.4086,-1.1547,-0.41614,0.66926
0.53989,0.43537,0.4477,-1.7464,-0.00097431,-0.59943,-0.68984,0.36002,0.41858,-0.0065512
-0.37074,-0.30074,-1.1025,2.3449,-0.41572,0.69009,0.41556,0.33736,0.88608,-1.4795
1.2508,0.14459,1.1179,-0.48517,-1.1279,-1.3028,-2.2651,0.63049,-0.57903,-0.59424
-1.2621,0.096597,0.17412,0.21406,0.32528,1.8427,-0.66545,-0.44375,-1.6944,-0.61434
-0.40853,-0.1747,-0.19071,-1.9694,-0.88504,-0.3706,0.16109,0.46996,-0.09787,0.15565
0.82079,0.6751,-0.016601,0.311,-0.18952,-0.94509,0.81899,-0.026665,1.9674,-2.019
-0.079534,0.084941,0.26329,2.2297,-2.9027,0.006433,0.37913,0.86227,1.8696,1.9273
0.57639,0.87751,-0.81578,0.44691,0.7509,-0.11101,-0.42708,2.4832,-0.35255,0.5577
1.7375,-0.59469,-0.45623,-1.8479,-0.094161,-1.6143,-0.35423,-0.39048,-0.21723,0.93234
-0.42636,1.5896,0.95956,-0.60473,0.15913,1.358,-0.78043,0.83155,0.47802,-1.2563
-1.0958,-0.8526,-2.1811,0.71573,-0.25789,0.85777,0.98452,0.84958,2.4839,-0.20877
1.5623,-0.28858,0.85803,0.85588,1.3618,-0.54781,-1.8736,-0.10345,0.78003,1.6121
-0.4374,-1.4839,1.0548,-0.41203,-0.1277,0.11656,-1.7967,0.27944,-0.23473,-0.69249
0.31828,-0.64682,0.45491,1.4226,0.5401,0.57403,-0.30507,0.51483,1.0275,-0.53837
-0.58196,1.2652,0.74112,-0.54125,0.16402,1.0031,-1.1957,-0.13943,-1.6735,2.9812
-1.5688,0.47323,0.45086,-0.91536,0.21927,-0.7545,-0.4036,-1.2947,-1.3019,-1.3304
-0.94734,-0.95586,1.0062,-0.87084,0.32462,-0.027676,1.6525,-1.2395,1.0589,0.88973
1.3122,0.50604,-0.024119,0.73904,-0.66332,1.5187,-0.47826,-1.1008,-0.21633,-0.76185
-0.41514,-0.72019,-1.0464,-0.83435,1.1352,-0.35331,0.14697,0.40423,-0.51501,-1.3516
-0.15018,-2.1103,-0.32993,-0.1695,-2.2293,0.22126,-0.30801,0.24688,0.030991,-0.040555
0.30004,-0.54139,1.0871,-0.48812,0.30373,-0.17832,-1.9395,1.3067,0.69012,0.17609
1.1768,1.9892,0.53742,0.82847,-0.29502,-0.13952,0.078131,-0.14477,0.36863,-1.4583
0.1524,0.21541,-0.58992,-0.90264,0.35873,-1.2722,0.39482,1.3634,0.061152,-1.2333
-0.25849,-1.9819,1.3784,0.079591,0.1342,0.67362,1.1245,-0.87594,1.463,1.0911
-0.85247,0.71173,0.11961,-0.42396,-0.36386,0.34345,0.72125,-2.2621,-1.2577,-0.50077
0.58282,1.9609,-1.4932,2.5883,-1.8605,1.4954,0.61084,-0.91965,-2.8839,-0.6275
-2.0883,-0.041662,0.43452,1.3379,-0.36304,-1.3512,0.94935,-0.474,0.8856,-1.4736
-1.175,-0.15007,1.1866,1.4248,-0.15531,-0.8877,0.24065,-1.8893,-0.30397,-0.96953
0.73632,0.60624,1.5325,-0.11977,-1.3864,-0.42311,-0.17486,-0.31188,0.29674,0.98081
0.44687,-0.83196,-0.11223,-0.44883,-0.33327,1.3442,0.2131,0.64563,-1.3224,0.67526
-1.2768,0.30951,-0.79089,0.62272,0.084264,0.46907,-1.1859,-0.29314,0.69456,1.8569
0.53702,2.5553,-1.3687,-1.3991,0.91401,-1.3458,1.0788,0.14224,0.62654,1.4094
0.46947,-0.87966,0.29576,-0.3362,-0.097893,1.5916,-0.64029,0.72243,0.22064,1.8456
-1.1843,0.074854,0.57096,-1.3915,-0.083892,-1.2754,0.22321,0.43262,-0.72625,-0.93778
-0.071777,0.41819,0.78079,0.026398,-0.45508,-0.47192,-0.68386,0.64102,2.2548,0.037378
1.6021,0.44743,-0.38725,1.0932,1.893,0.35568,-0.040595,-0.29922,-1.8524,-1.3882
-0.49352,0.87794,-0.33499,0.19538,-1.2453,-1.4897,-0.49347,-1.9091,-0.87513,-0.96322
-1.3475,-0.20783,-0.54738,0.01388,0.97749,0.40825,0.97232,-0.95329,2.4141,1.4059
0.15876,-0.74789,0.14259,-1.1643,-0.51892,0.55367,0.028755,0.068167,-0.11119,-2.1669
-0.56015,-0.063207,-0.45626,-1.2267,0.32747,2.2637,1.073,1.7704,-0.97954,0.33884
-0.35871,-1.937,0.67079,-0.15873,0.13147,-0.5325,1.0318,1.4317,-0.03979,1.4426
0.41016,-0.21899,-0.10788,0.46265,0.16385,-0.18686,0.20974,-1.2041,-0.098972,1.361
-0.054833,2.2319,-0.72838,0.91246,-0.71554,0.95091,0.76831,0.073813,0.54479,-0.79405
-0.38144,-0.56434,0.25767,0.38382,0.95149,0.24852,-0.40636,0.98149,0.55461,-0.49011
-1.0317,0.37089,0.68502,1.5024,-0.87598,0.85127,-0.34745,-1.37,-0.90213,-0.81339
-0.82025,0.51765,0.72198,0.31727,-0.88815,0.11791,0.65601,0.47416,0.79958,-0.57162
-1.0235,0.40799,1.515,-0.32049,0.33966,1.3668,-0.1429,-0.27232,-1.7964,0.06132
-0.60516,0.078779,0.98851,1.51,-1.2611,1.2847,1.1667,-0.50981,0.58516,-1.5239
1.7605,-0.64814,-0.27515,0.29514,0.79294,0.051172,-1.5993,-1.2248,-1.134,0.52831
0.14765,0.36616,0.26977,2.046,-1.2112,-0.030895,-1.456,-0.70382,-0.089528,-0.73015
-0.54935,0.25522,0.5765,1.7008,-0.26634,-0.13267,0.32614,-0.40262,-0.28307,-0.193
-0.12786,0.17487,-1.1887,-2.1157,-0.95051,0.56572,-0.44538,-1.4331,0.15512,1.1809
0.24533,0.62326,0.99097,-0.49521,0.028455,0.711,1.2182,0.32696,-1.1572,0.59492
0.27607,-0.17014,-0.62276,-2.2231,-1.199,0.82836,-0.0085005,-1.4901,0.17939,0.73215
0.31872,-1.1925,1.5906,-1.0551,-0.22725,1.2622,2.1246,-1.5028,0.81235,0.90178
1.0905,-0.77029,1.6662,0.71697,2.4087,-0.16147,-0.11218,-0.0010119,-0.85654,0.51252
-0.34388,0.71317,-0.36109,-0.25893,-0.58462,2.7188,0.16836,-1.692,-0.036667,0.2436
0.35512,1.0504,-1.2328,0.80091,-0.60135,0.17941,0.78469,0.084774,1.7696,1.0171
-0.61862,-0.63569,-0.60794,-0.84683,3.2327,-0.47076,0.23407,1.0669,-0.26481,-0.83758
-1.859,-1.3501,-0.38506,0.49196,0.64564,-1.7018,0.020516,-0.66675,0.31649,0.13592
-0.57194,-1.033,0.67051,-0.24211,-1.1734,0.055462,2.8613,-1.9197,0.29177,-1.2953
1.418,1.0312,0.24599,-0.29067,-2.5007,-2.438,1.132,0.62699,0.16298,-0.48567
-0.35459,0.93709,0.59888,1.0204,-0.38444,0.19095,-0.47721,0.48923,-0.8792,-1.4221
1.0219,0.80313,1.5277,-0.94949,1.1143,-1.2509,1.2749,-0.034619,0.20512,-1.7151
0.60182,0.99304,-0.059178,-0.49002,0.02814,-0.1001,-0.6082,-0.10931,-0.69726,0.71937
-0.59725,-0.029103,-0.096975,1.6421,-0.0035549,0.2574,1.2761,-0.41812,0.84535,-0.12649
1.9134,0.16131,-0.5044,2.0016,0.67806,1.0987,-0.40878,-0.36585,1.5148,0.59845
0.87343,0.73409,-0.6129,1.0225,-0.49826,0.98423,-1.8835,0.66413,-1.83,-1.3396
0.90258,0.94168,0.39232,-0.43145,0.78017,0.90491,-0.41492,0.71072,0.74775,-2.0673
-0.90963,2.6037,0.62861,-2.5253,0.21791,1.4991,1.401,1.5632,-0.12071,-0.78566
-0.64707,-0.9832,-0.36494,-1.1546,0.72315,0.47538,-0.61204,-0.1464,-1.1893,0.32145
0.64644,0.1147,-0.14091,-0.59389,0.46001,0.18173,-1.19,0.97628,0.95135,0.45565
1.1998,0.44901,-0.33036,-0.05836,-0.92954,0.5069,1.0545,0.1054,-1.3828,1.4379
-0.02638,-1.1811,0.00090063,-0.27887,-0.078744,-0.62982,-0.95425,0.53907,-1.199,0.70549
1.7119,-1.5147,-0.67023,-1.0333,-0.50189,-0.33226,0.76857,0.34679,-0.99373,-0.44243
-0.1278,0.16637,-0.28105,2.4342,-1.9345,1.04,-1.3503,-0.54712,-1.8226,-0.20316
0.71805,-0.72021,1.0842,-1.5417,1.9326,0.0085472,0.38416,0.16412,-0.72165,0.81735
0.0033667,-7.6074e-05,-2.7308,1.4035,0.64807,-0.87158,0.79768,-1.1799,0.75513,-0.28428
1.094,-0.9739,-0.41195,1.4791,-0.060614,0.13124,-1.076,0.28284,0.9866,0.94736
-0.32708,-0.099568,-1.5368,0.84725,-0.57987,-0.48035,0.36749,0.28786,0.634,1.3649
-0.031385,0.10344,0.53159,-1.7556,-0.58298,0.39407,-0.43675,0.090359,-0.62608,0.97008
-1.5083,-2.2655,1.0656,-0.27287,0.20007,0.23539,-0.14011,1.4677,1.8918,1.2704
0.30225,0.77476,1.1882,-0.42283,-0.72193,-0.391,0.65412,-0.43642,-0.94068,0.53594
0.089736,-2.0587,0.36948,0.46473,-0.59141,-1.2977,0.29158,-1.0802,-0.42954,-0.9723
0.5281,0.26079,0.8871,1.1589,0.86214,-1.3604,-0.82442,1.2456,-1.3546,-0.84695
0.3382,0.022192,0.1371,-1.1222,-0.35532,0.4552,0.23615,0.92485,-0.43335,-1.0436
-0.66934,0.2368,1.2831,1.4966,-1.5661,-0.15768,0.003153,-0.80078,-0.50825,0.85954
0.66404,1.5572,-2.5575,1.3807,-0.054941,0.92226,0.26198,0.9347,-0.24978,0.18298
2.6102,-1.5742,-1.8067,-1.5195,-0.54019,-1.7023,0.086345,0.058933,1.2329,1.0108
-0.64146,-0.70216,-0.58188,0.43178,0.63681,-0.17497,0.43768,-2.2475,0.96153,-1.1234
0.93229,-0.77899,0.46304,-1.2328,0.44649,-1.3401,-1.6553,0.6492,-0.69893,0.062595
-0.57777,1.5847,1.0368,1.0027,-1.2277,-1.2191,-0.53978,1.3263,-0.83427,0.53835
-0.90843,1.3448,1.3621,0.52144,1.4362,-1.2037,1.1412,0.015957,0.11949,-0.71183
-1.1228,0.72315,-1.8349,-0.39138,0.54326,-0.69348,-0.41597,1.4817,-1.1673,2.0004
0.57537,-1.5913,1.2437,-0.26918,-1.3537,0.88878,-0.79899,-0.53594,1.1097,-0.87369
0.033244,-0.47057,1.8558,-0.72543,0.30183,-0.48465,-0.072722,-0.69221,0.28651,0.13334
0.8737,0.53713,0.043992,-1.4522,-0.42998,-0.44782,-0.096943,-0.91905,-0.012421,-1.7036
-0.19001,0.36042,-1.3797,-1.0525,0.97969,0.87932,-0.34274,0.48638,-0.041409,-0.31933
-1.1754,-0.66369,3.0254,-0.44465,-0.66742,-0.17752,-0.45697,2.1819,0.80096,0.0028622
-0.19835,1.5414,-0.85219,2.2013,-1.6104,0.30493,-1.1176,-1.145,0.064074,0.89529
-0.073768,-0.58962,0.56406,-1.3784,1.2086,-1.0484,-2.0483,0.56233,-1.8476,-0.020616
0.6124,0.39595,-0.35754,0.89814,-1.0795,1.077,-0.98075,-1.4964,0.11721,0.10431
-1.2104,2.0445,0.13343,-1.1697,-0.16372,0.85453,-0.91279,0.19928,-0.37504,-1.4982
-1.8431,1.7727,1.8666,-0.13949,-0.46056,-1.0179,-0.55278,-0.57536,0.5939,0.83669
0.45884,-0.20051,-0.7229,-0.0035356,0.020872,-0.69566,1.4982,0.47405,-1.3457,0.96792
-0.77655,0.77232,1.0993,-1.1613,-2.603,0.68689,0.46216,-0.24224,-2.0203,-0.83741
-0.49077,1.72,1.6841,-1.4848,-1.7551,1.0416,-0.070372,1.002,-0.73589,-1.1567
0.55038,-0.97211,0.76343,0.39523,0.57035,-0.33456,-0.91068,1.8576,1.5322,-0.98168
0.018332,0.9856,0.71508,1.3366,0.20406,0.2446,-1.0847,-0.18597,-0.75612,-0.54728
0.16492,1.9089,1.2443,-0.35323,0.027329,-0.6499,-0.10633,-0.48775,0.61204,0.25528
1.1843,1.0317,-0.36891,1.1787,-1.5563,0.96949,0.79296,0.41205,-0.59178,-1.5616
1.0659,1.2658,-0.23085,0.059741,0.65058,0.070526,-2.1365,-1.8268,1.4248,-1.1555
0.0035925,0.0014645,-0.50409,0.38059,-1.9928,0.64653,0.2134,-0.45071,0.19347,-0.14356
-0.53167,-1.3134,1.0503,-0.51667,-0.70901,-0.096501,-1.5302,0.32562,0.73915,0.4794
-1.1938,-0.74259,0.85977,-2.3948,0.062333,-0.49842,-0.80399,-0.86707,-0.2227,-0.31514
0.31576,1.5846,0.87235,-0.16208,0.17605,0.84045,-2.1739,-0.73632,1.3814,0.23327
2.3131,0.073719,-1.5311,-0.68947,-0.14514,0.58016,0.49498,0.90157,0.12264,-2.2052
1.0471,0.84647,-0.6433,0.12357,0.11302,-0.016607,0.43277,-0.45516,0.23109,0.091252
0.22496,-1.0378,-0.76801,0.27091,1.0383,0.8794,0.70313,0.31855,0.76442,0.19516
-1.0979,-1.8148,-1.5919,-0.36697,-1.3081,0.69527,-0.44885,-0.95389,0.93925,-1.1393
-1.2259,-2.0971,-0.25057,-0.55446,-0.96493,1.307,1.064,0.56321,0.85456,0.66059
-0.53002,0.28552,-0.28005,0.44386,0.92976,0.41908,-1.4793,0.034336,-0.42814,-0.38492
-3.7422,-2.179,0.7353,-0.64381,0.17558,-0.82234,-0.88508,0.29223,-0.43713,0.69504
0.41739,1.4552,0.93863,0.11266,-0.9981,0.33223,-0.36054,0.27696,0.33627,0.44061
1.2435,1.1656,-0.94399,0.57466,0.072154,0.3772,-0.10422,-0.47052,-0.070473,2.1508
0.11058,0.30795,0.23795,-0.32023,-1.5467,-0.22361,0.03236,-0.46057,-0.54894,1.2449
-0.32708,1.0471,-0.38127,0.634,0.80809,-0.50202,0.41435,-0.24392,0.40247,-1.4782
1.3529,-0.10691,0.37574,-0.24637,0.55571,0.86574,0.58016,0.10493,-0.82651,2.0046
