-0.42774,-1.8357,1.3932,-0.25317,-0.68882,0.62141,-0.090862,-0.55237,1.2499,0.59766
-0.57937,-0.12613,-1.2653,1.0189,0.33433,-1.0664,0.0047046,0.15523,-1.1566,-0.92151
0.92597,-0.67805,0.0066784,0.45344,1.5955,1.0394,1.7604,2.2003,-0.18356,-0.023299
0.0055104,1.265,0.5153,-0.61996,-0.11914,0.084051,-0.94153,-1.8967,-0.14888,-1.1719
-0.63449,0.34814,-1.6947,0.41976,0.35901,0.69816,-0.24459,-0.1048,0.73661,-1.0993
0.85833,0.41349,1.1032,0.0016898,0.67269,-1.2242,0.1988,0.51174,1.2334,1.6046
-0.48078,-0.37451,0.31819,-0.40107,0.90578,-0.97452,-0.10226,0.66508,0.0015779,0.21273
1.4897,-0.89425,2.4211,-0.81615,1.6423,1.0602,1.3715,0.79073,-0.17292,-0.72295
-0.62939,0.28035,0.8455,-0.40527,1.1168,0.25084,-0.48828,0.20874,1.5801,0.69799
-0.59395,-0.43826,0.79237,0.41565,1.7514,1.2817,-0.49224,0.48172,-0.026203,1.9211
-0.62869,1.3925,1.5456,-1.1859,0.73723,0.69179,-0.94337,0.60461,-0.38181,-0.69952
0.35625,-0.36738,-0.30685,0.31688,0.45107,-0.8922,1.1916,0.3256,-0.052285,0.36478
1.3051,-0.79543,1.175,0.33995,-0.42164,0.38755,0.26788,-0.017237,1.2264,-0.029766
0.36567,-0.2184,-0.14194,0.36749,0.68267,1.4663,0.038521,-0.35272,0.16444,-0.80504
0.77208,1.082,0.58795,0.60179,-1.9485,-0.31819,1.2566,0.24061,0.89444,-2.2737
1.2553,-0.567,0.15092,0.28193,0.87404,0.91528,-0.11452,0.79508,-0.56903,1.4715
-0.12833,-0.095499,-0.28485,-2.2207,-1.8671,0.341,-1.2456,-0.90623,1.0501,-0.65382
0.94862,-1.478,-0.996,0.54459,-0.80907,0.34627,0.16035,1.028,0.11799,-0.0064702
-0.1245,0.12211,0.00092824,0.86805,-0.071604,1.9478,-0.19026,-0.091271,-0.48744,-0.45464
2.0999,-0.38312,0.11457,1.9004,-0.99643,-2.0036,-1.3981,-1.3306,-0.87635,-1.2344
0.26028,-0.44895,0.046601,-1.5118,-1.8522,-1.0284,0.16466,-1.6348,-3.1138,-0.44798
-0.54548,0.14455,0.026318,1.4398,0.77776,-0.92455,-0.25217,-0.8169,-0.031161,-1.9096
0.10043,0.027061,-0.21557,-0.6003,1.2624,-0.013831,-0.79467,-1.0981,0.37308,-0.73493
-0.7329,-0.002535,0.57713,-0.0038753,-1.3705,-0.70881,-0.1947,-0.049765,-1.7102,-1.5106
-1.5242,3.0073,0.74579,-1.2642,0.79822,-0.47133,0.16935,-0.52084,-0.41619,0.81973
0.34978,1.0467,0.84647,-0.75207,2.3803,0.43176,1.1544,0.73099,1.1287,-1.9041
0.23286,1.6897,-0.021695,0.28409,1.3621,-1.2741,0.54495,-0.13609,-1.7002,-0.0049055
0.654,1.6665,-0.51056,-0.7585,-1.019,-1.0875,0.97614,-1.1768,-0.50509,-1.6228
-0.84495,-0.2875,1.6055,-1.7452,0.89792,-0.17181,-0.34478,2.3371,1.0986,-0.21771
-0.80512,-0.48701,-0.16812,0.86721,1.3632,-0.29864,-0.46889,-2.068,-0.34886,1.1361
-0.49075,-1.6692,-0.42275,-0.53018,0.39899,1.97,0.17188,-0.016562,1.2555,0.24674
-1.0057,-0.97526,-0.75716,0.72295,-0.22252,0.41467,2.0487,-0.18653,-1.7715,-0.18912
2.6914,-0.2858,-0.12154,-1.2639,-1.9776,0.49037,-1.1152,1.502,2.1343,-0.30822
0.37153,-0.092191,0.059023,0.067641,-0.95957,0.14516,-0.84716,-0.70799,1.8261,0.82633
-0.65313,0.32528,-0.39149,0.81664,-0.022311,-2.5542,-0.1279,1.6524,-0.60406,-0.50972
0.42432,0.15379,-0.089249,-1.2968,-1.7821,-1.0528,-0.43789,0.91794,-0.84487,-1.4904
1.2295,-1.1934,-1.2324,0.26189,0.79708,-1.4144,-0.38079,-0.49344,0.31718,-1.4522
0.6776,-0.33034,-0.65741,-0.4193,0.59377,-1.1505,0.44881,0.98151,-0.74865,-0.36796
0.91665,1.7383,-1.1293,-1.2926,-0.013279,0.72562,0.48518,0.57156,1.6143,1.6665
0.48075,-0.30276,0.035298,0.84225,0.24633,0.10945,-0.31185,0.67789,0.67242,-0.32328
-1.5071,-0.92345,0.90845,2.7527,0.45521,0.33594,0.023799,-0.19755,-0.62423,1.251
-0.75989,-0.25557,-0.56838,-0.74027,-1.1908,-1.2754,-1.3135,-0.30539,1.8641,0.65378
1.0598,0.33679,-0.89383,1.0968,0.83367,0.52246,0.18988,1.009,-0.92409,1.5314
-0.19808,-0.38917,-1.049,-0.19217,1.4665,0.32963,-0.31437,-0.39698,0.5578,-0.77277
0.2592,-0.42915,0.54949,0.10693,-0.91937,0.11981,-0.66764,0.62269,-0.31988,0.52468
0.55492,-0.34537,0.2359,0.33765,0.77833,1.1379,1.683,-1.6961,0.94216,-0.76894
-1.0214,1.1948,0.14129,-0.18737,-0.28781,-0.73002,1.6007,0.88466,-0.35329,-0.74721
0.19011,0.84476,1.1236,-1.2895,-0.29117,-0.25569,-0.90688,3.0792,0.99545,-0.91809
-0.43479,-0.75475,-1.5058,0.56017,-0.37556,-1.0506,-1.2701,1.4519,-0.53925,1.2022
-1.4742,-0.75055,1.3637,0.4164,-0.61327,0.67799,-1.3447,0.88987,0.067721,1.0905
0.39323,-1.7511,-1.586,0.085945,-0.10733,1.2226,-0.69291,-1.3274,0.35042,-1.5389
-0.84408,1.1342,1.0354,0.41184,-1.3312,-0.43663,-1.4375,-1.0329,1.2119,-0.62856
-0.50283,-0.10816,0.23462,-0.69908,-0.54872,0.20256,0.90851,-0.71572,0.015585,-0.96238
-1.3392,-0.24368,-0.52864,0.39918,0.049365,0.34504,2.3299,-0.6471,-1.012,-0.47571
-0.60296,0.18021,0.66065,1.6941,1.5814,-1.2947,0.24005,-1.6745,1.696,-1.0356
0.43953,-1.3083,0.89892,1.6309,-0.4442,1.3985,-0.37045,0.56628,0.66992,-0.31816
1.5715,-0.92731,-0.24661,-0.41973,-0.97121,-1.8695,1.5345,1.186,0.61149,1.0138
-1.1315,0.18474,0.87732,0.23055,-0.65183,0.74237,0.31475,-0.39207,0.20866,0.68057
0.34532,-0.32342,1.6806,-0.24685,-1.7463,0.313,-0.9082,0.33861,-0.42961,0.87894
0.52339,-2.0696,1.0969,0.26855,-0.7487,1.3861,-0.24235,0.89698,1.9582,0.44291
1.044,-0.77691,1.3988,0.76697,-0.75317,-0.56329,0.19059,-1.5554,0.22138,0.080782
1.2599,0.26627,-0.87218,0.064736,0.38041,-0.18819,0.49011,1.895,0.82231,-0.2952
-1.1059,1.0776,-1.1218,-0.29181,0.66779,-0.050091,0.42737,0.19368,-0.014265,1.0312
0.061373,0.089024,-1.8047,1.605,-0.30428,-0.16021,1.5513,0.27022,0.87723,0.34398
1.2307,0.14598,0.97036,-1.5222,1.5939,-0.37403,-0.054843,-1.5176,0.524,1.9094
0.54511,-0.48314,-0.79844,-0.99711,-2.8301,-1.438,0.45233,0.91935,1.1561,0.042702
1.4,0.21125,-0.88106,0.19979,-1.7061,-0.13105,0.99707,0.32826,-0.23814,0.31718
1.2165,0.5457,-1.1756,0.98469,0.29343,-0.24739,0.26369,-1.0006,-0.81531,0.59814
2.3438,-0.90865,-0.22263,-0.38297,0.8969,0.48867,-2.0763,-1.0968,0.97636,0.15662
-2.62,1.0597,-0.51565,-0.021897,0.78319,-0.10184,-1.6293,0.5192,-0.53176,1.159
-0.33185,-1.6724,0.22176,-0.90678,1.5087,-1.3283,1.4322,-0.85313,-0.32155,0.38257
-0.33863,-0.046122,-1.0501,-0.75416,0.83327,-0.79568,1.4221,-1.253,-0.68626,0.11261
-1.4236,-0.23286,-0.3087,0.3956,-0.88966,-0.083817,0.26047,0.39723,-0.14284,-1.7167
-0.52124,1.658,0.14964,0.64463,-1.7021,0.4629,-0.74761,0.031136,0.6906,1.6658
1.4222,-0.3151,1.6146,-0.24184,-0.031336,-1.4792,-2.0975,-0.10668,-1.1588,0.57435
0.059293,3.2528,1.2222,0.0061127,0.39199,0.71542,-0.29751,-1.1711,-0.98584,-0.06532
0.96059,-0.27518,-0.32287,0.67873,-0.15809,-0.97018,-1.283,-0.042294,0.91123,0.29129
1.6349,-0.72157,1.5566,0.85984,-2.0439,-0.13997,0.45315,-0.32096,-0.59502,-0.25654
-0.29027,2.3459,0.99983,0.085931,0.13741,-1.4915,-1.185,-0.85128,-0.39095,1.2104
-0.40962,-0.018623,-0.83627,0.40839,1.4162,-2.1707,0.11022,0.48174,-0.019826,0.85632
-1.3171,-0.25805,-0.59233,-1.3889,-2.2375,0.13667,0.32633,-0.73823,0.36163,-0.44689
-0.2773,0.14674,-0.27768,-1.3056,-0.80403,0.98871,-0.39365,2.3931,0.24436,1.0984
-0.71469,-1.0094,1.4309,-0.050866,1.237,1.2569,-0.73141,0.18901,-0.84065,-0.35111
-0.21929,-1.4706,-0.27051,0.85391,-1.8239,-2.1404,-0.63102,1.6375,-0.68481,0.36143
-0.22558,-0.6492,1.2882,2.0105,0.58003,-0.086246,-0.49368,-0.53631,-0.13113,0.7857
-0.72836,0.070548,-0.098719,-0.67915,-0.54228,0.82265,0.048787,-0.58118,-0.091864,2.0423
-1.1447,1.151,2.0759,0.44971,0.26776,-0.96759,-0.040341,1.492,0.53014,-0.9448
-0.37769,1.2215,1.6374,0.029028,1.829,1.0405,-1.0797,1.1747,-0.8041,-0.5537
0.014626,0.48587,-1.8899,0.99485,0.77659,-1.677,0.38479,-0.26604,0.57725,-0.19751
-0.89567,1.2084,0.87574,0.15555,-0.14473,-0.71145,-0.88503,1.0202,-1.4426,-0.10624
0.35224,2.6449,-0.50636,2.0107,0.42491,-0.98967,-1.0305,-1.8477,0.37137,1.5108
-0.14413,0.65719,-1.6183,1.0025,-0.37136,-0.55813,-1.7581,0.040816,-2.1735,-1.8509
-0.26066,0.97214,-0.69283,-0.32031,-0.066234,0.01221,-1.6546,0.67055,-1.3552,-0.17966
0.91173,-0.30339,1.2081,-0.22216,0.083952,-0.26214,-0.54747,-0.017996,0.050552,-0.91028
2.3062,1.2095,-0.4808,-0.57765,-0.51799,-1.0663,0.44609,-0.28404,-0.090512,-2.0429
0.84764,-1.1364,1.344,-0.031941,-0.056586,0.89255,0.78196,-1.4685,1.2578,0.78471
0.64269,-0.33345,0.31299,1.1867,1.013,-0.22291,-0.49353,-0.47914,0.77431,0.14377
0.00472,-0.86597,0.55352,-0.93371,0.64242,0.93575,0.99338,1.3824,0.745,1.1404
0.12979,-0.56315,-1.3256,1.0026,-0.48349,-0.34069,-0.22868,0.21293,0.25332,-0.28834
0.58143,2.0094,-1.0084,0.7714,-1.3237,-0.56682,1.3818,-0.086196,0.021449,1.3351
-0.55298,-0.20641,-0.27356,-0.78595,-0.49045,0.2234,-0.18495,-0.73743,-1.1961,-0.64275
-1.4926,-0.42974,-0.26207,0.84609,-1.0005,-0.99007,1.0848,0.53929,0.69779,-0.12806
0.42911,1.0437,-0.19688,0.85665,-0.85964,-0.31747,0.61688,1.5507,2.7576,-0.82397
-0.70187,-0.31806,1.1139,1.8872,1.5137,-0.27272,0.83372,0.10876,0.14567,-1.049
0.39372,0.32403,-0.75518,-0.54336,0.076253,-0.046602,0.16811,1.4287,1.4439,0.059896
-0.83054,0.55794,0.6423,-1.4956,-2.0273,0.075287,-0.022039,-1.3811,-0.59832,1.4844
-1.2534,-0.8746,-1.1108,-1.0737,-1.8427,-0.7789,-0.4478,-1.055,-1.1887,-0.55419
-1.4034,-0.35746,-1.0968,0.54137,0.80397,1.5546,-0.0048538,1.0838,1.7599,0.72067
0.2811,1.9401,0.21297,1.0776,0.23126,0.17633,3.0998,0.21507,0.38682,-1.2423
1.9545,0.13859,1.9455,1.7684,0.53936,0.37232,-2.207,-0.4291,1.2594,0.11225
0.20044,0.91665,0.89214,-1.2543,1.645,-2.0293,-0.87766,-0.18058,0.21392,0.8354
0.4905,1.289,-2.0991,1.1016,-0.5078,2.3069,0.5635,-0.84168,1.7701,0.37136
0.14381,0.58317,-0.67142,0.8842,-0.25851,0.47384,0.54166,-1.079,-0.24645,-0.45159
0.2301,0.12699,-0.78488,-0.50981,-0.89605,-0.18114,-0.40179,0.375,-2.1878,-0.11764
2.3655,1.296,-1.2462,-0.08876,-1.3068,-1.5236,1.3958,1.9075,0.38379,-1.4731
-0.78127,-1.2724,1.304,2.4056,-0.98853,-0.9442,0.72955,0.14902,-0.10997,-0.90692
-0.15889,1.2208,0.020606,-0.7369,0.42954,-0.455,0.80862,3.2542,0.66491,0.44069
-0.67371,-2.1281,-1.5559,0.5717,0.93344,-0.60277,1.3464,0.044774,0.69254,-0.98173
0.71405,-1.2775,0.30971,-0.45408,-0.53246,-0.94885,-0.81133,-1.6989,0.33452,-0.37951
0.25519,-0.43234,-0.29174,-0.59255,-1.4638,0.57078,0.34795,-0.65709,0.69681,-0.083809
-0.32726,-0.086369,-1.0157,1.8083,0.70135,-2.5089,-0.46266,0.72927,0.35681,0.14595
0.74211,-1.6487,0.47554,0.057394,-2.0659,-0.76801,0.03693,0.11886,-0.71631,0.86775
-1.0057,0.78521,-0.90805,0.37062,-0.68551,-0.064519,0.50485,0.0041246,1.7634,-1.4487
0.11942,-0.077123,-0.025996,-0.94603,-1.4177,-1.4982,-0.55997,-0.23073,0.10861,-1.299
0.20044,-1.1084,-0.73318,0.34804,-0.77157,1.1403,-0.31742,0.42099,1.1623,-3.0444
1.5739,-1.2046,-1.7464,-1.4196,-0.25386,-0.087034,0.6541,0.5467,-0.86804,0.21062
0.53863,-0.97161,-0.5788,-1.3403,1.7029,0.39717,0.13754,-1.2547,0.64548,-2.0478
0.033061,-0.84566,-0.19963,0.18284,0.86932,-0.86193,-1.2525,1.2336,1.2525,-0.45784
-1.3417,-0.12797,0.41713,-0.57627,-0.44809,-1.6252,0.59974,-1.2972,1.1939,-0.068088
-1.4709,-0.054686,0.64369,0.92278,0.0033474,0.92544,-0.13976,-0.8666,0.37013,0.25899
0.59063,-0.59253,-0.5008,-0.78182,-1.4833,0.97002,-1.1519,0.1537,-2.0994,1.2293
-0.70018,-0.085599,0.20303,1.0159,-0.21227,-1.2318,0.28207,-0.74098,0.13362,-1.4276
-0.24119,-0.65493,-0.39876,-0.19395,0.1285,1.1141,2.3168,-1.8296,0.36302,-0.34294
-0.86942,0.17864,0.11551,-0.65718,-0.74391,-0.27609,0.98001,-1.5492,-1.8621,0.65867
0.1816,1.5657,-1.3871,-0.37906,-0.35153,1.5445,-1.3247,1.7967,0.52026,-1.9136
0.22788,0.87059,0.55793,1.6922,0.71906,1.5956,-0.79434,-0.63873,0.2982,-0.53208
1.7447,-0.41371,-0.11585,0.71024,-1.4084,0.43196,0.085561,0.61648,-1.2918,1.0168
1.8179,0.1471,-0.16662,1.0987,1.1434,-0.39799,-0.61275,-2.7849,-1.2562,0.16956
1.0616,-0.16143,0.73781,1.4288,1.8261,0.64267,1.1771,0.41741,-1.1422,0.72579
1.084,-0.43191,-1.1524,2.0626,-0.62582,0.96551,0.5064,-0.90028,0.8919,1.9464
-1.1697,-0.31704,0.77828,1.1482,0.24875,-0.069604,1.8027,-2.0224,0.043699,1.1574
1.2758,1.1237,-1.0644,0.3502,-0.023317,1.4282,0.16178,-0.33551,-1.9224,1.1901
-0.94157,-0.55164,0.30701,-0.36236,-0.19334,-1.6679,0.72148,1.1725,-1.6169,1.2144
-1.5995,0.19238,-0.22673,1.2166,-1.1131,0.43624,-0.265,0.95257,1.0199,0.1203
3.1663,0.6229,-0.46373,-1.4785,-0.44403,-0.5875,-1.1201,-1.683,1.1083,-0.50984
0.31867,-1.0444,0.65298,0.84448,0.66212,-0.051696,-1.0637,-1.8467,-0.46489,0.15297
-0.66294,-1.5228,1.009,1.2788,0.75421,0.62264,-0.080258,-0.56784,0.17707,-0.011839
0.0079259,0.7785,0.52612,-0.018399,-0.93949,1.2111,-2.165,-2.3297,-0.038602,-0.88658
0.069009,0.39001,0.20098,-0.40394,0.12774,-0.73996,-0.1315,-0.68565,0.35926,0.095845
-2.07,-0.53959,-0.13929,-1.1341,0.53795,0.46033,-0.21283,-1.2523,-0.25017,-1.0315
-0.71555,1.1422,-1.8534,-0.44457,1.3483,-0.34326,-0.47577,0.80124,-0.66709,1.6494
0.52932,0.32017,-1.2033,-1.539,0.50317,0.043734,-0.6824,0.50918,-0.12173,-2.7412
0.03554,-0.41173,1.0677,0.069359,-2.0437,-1.4879,-0.35906,-0.2967,0.048442,0.40016
-1.6629,-0.44576,-0.11277,-0.82287,-0.66292,0.75194,-1.2285,1.3385,-0.22446,-0.014596
-0.49149,-0.50716,-0.19277,0.90435,-0.71478,-0.50224,-0.61496,-0.68434,-0.0622,0.090141
-0.15007,-1.1053,0.00069964,-0.98871,-0.44173,0.72931,0.061394,0.41621,-0.26505,-0.068027
0.081332,2.7596,0.1804,-0.22227,-0.45424,-0.64066,-0.44239,-0.30117,0.27399,1.0799
-1.6788,-2.296,-0.15395,0.90457,1.0214,-0.37805,0.85525,1.2082,0.39285,1.018
0.25534,0.276,0.7438,-0.5918,0.081845,-0.1122,1.115,0.78154,0.6748,0.019449
1.5291,0.0057124,-0.38947,-0.60017,1.9376,1.664,-0.53874,1.8887,1.1584,-1.4278
-1.5927,-1.2947,-1.2352,1.3294,0.42379,-0.77897,-0.54092,-0.70263,-1.2153,0.55412
0.43879,-0.14722,0.60623,0.042357,-0.24378,-0.77652,0.53844,-0.024103,1.1511,-1.1999
1.3437,0.39396,1.5703,3.2649,0.8051,0.57541,-2.4433,-1.1692,0.10075,-1.1893
0.38035,1.0369,-0.51226,-0.058622,-0.59655,-2.0315,0.43281,-1.4386,1.952,0.011988
0.58906,0.11394,0.93473,-0.38886,-0.52127,0.42716,-1.1415,1.0418,-1.2428,-0.23709
-0.47504,0.58738,-0.17544,0.63948,-0.13879,-1.344,0.31479,-2.2746,-0.67789,1.2749
-0.18519,1.7693,0.005906,0.6682,-1.3305,0.059411,0.59954,-1.2436,-0.19644,-0.76781
-1.1447,-0.10997,0.40296,0.41068,-0.43503,1.1486,0.4379,0.1247,1.063,-0.61515
-0.12151,-0.5786,-0.51652,0.19157,-0.96977,-0.44948,-0.5594,-0.37777,1.3868,0.79264
-0.55262,-1.4432,0.57382,0.31228,-0.81153,0.51891,0.30539,2.6565,-0.37038,0.51618
-0.65803,0.85761,-0.55466,0.4622,-0.53281,-0.43764,-1.9542,0.4571,-0.057877,0.47958
1.4473,-0.51407,-0.33952,0.74974,-1.6123,-1.609,1.5355,0.024626,1.5317,0.21202
-0.11706,1.4365,0.24601,0.64799,-0.51696,-1.3586,-1.6354,-0.12082,0.43768,0.16076
0.62993,0.072891,1.8092,1.4771,0.0045265,-0.92476,0.27071,-0.17163,2.0781,1.6741
0.37531,-0.13577,0.046352,0.021592,1.5468,-1.7321,-0.95174,0.34575,-1.3694,-0.33116
-1.0149,-0.56864,-0.93297,-0.78796,1.3917,-2.0058,-1.7094,-1.1007,1.4182,-0.2231
-1.8899,-0.52025,1.2321,-0.36879,-0.26059,0.42344,0.6031,-0.28882,0.8438,0.43326
-1.4338,-1.2739,-0.11246,-0.19487,-0.20071,1.1644,-0.36327,-0.56255,1.7008,-1.1579
0.27594,0.60534,0.79582,-1.5778,1.2063,-0.74391,-1.1805,-0.95416,1.6556,-1.8659
-0.30121,-0.42381,-0.3876,-0.3777,0.25836,0.56223,-1.3294,-1.0214,1.7653,-1.7343
0.7595,0.64517,-0.35143,0.83236,-1.1546,-1.6569,-0.48153,-0.10364,0.26966,0.24949
-0.37995,-1.7055,-1.02,-0.68277,-0.38266,1.3565,1.8879,0.47056,0.58829,0.32923
-1.3223,0.34756,0.79035,1.5201,-0.33104,0.90536,-0.14348,1.2771,-0.70913,0.97063
0.096332,-0.92228,0.4516,0.30956,-1.4047,0.40124,0.59991,-0.73725,-0.88831,-0.39732
1.101,-1.5781,-1.1028,-1.7521,-0.26326,0.51593,-0.61185,0.23211,0.10317,0.13331
0.26542,-0.23706,-0.65598,0.54514,1.6081,0.85527,-1.4318,0.48536,-1.0405,-1.0595
-0.18596,0.62106,0.50284,-0.16737,0.80959,-1.1522,-0.017385,2.0629,0.66017,-1.5584
-0.42093,1.0408,-0.86342,0.63172,1.2146,-1.3756,1.4667,0.037444,-2.3113,-1.1944
1.2681,1.2436,0.63627,-1.105,0.086266,-0.42151,-0.96984,-0.46311,-0.070561,-0.62589
0.91431,-0.38164,-1.6731,0.83734,0.017815,-0.53856,-0.47258,-1.2452,-1.2016,1.346
-0.42965,-0.96744,0.81544,0.052534,1.114,0.33596,0.54849,1.398,1.5934,-0.27448
-1.3464,3.0587,-0.47631,-0.039788,-0.34481,-0.12027,1.188,-0.085593,0.77521,-1.3433
-0.91355,-0.5541,-0.40581,-0.53379,0.31949,-1.0769,1.0174,-1.652,1.2627,-0.4486
0.33333,-0.71041,1.0387,1.0311,-0.7897,-0.54171,-1.7426,1.2497,0.24067,0.7837
-1.0926,0.47849,-0.78468,-0.97447,-1.9346,0.39878,0.59311,-0.87563,-1.1228,-0.19241
-0.38695,-1.0827,-1.1044,-0.68094,-0.56232,1.5819,-0.011057,0.35037,-0.96148,0.56304
-0.12244,-0.6718,1.5221,0.026566,0.18317,0.37464,0.28325,-0.3417,-0.0292,-0.48067
-0.65978,-1.538,-0.85128,1.899,0.99837,0.004528,0.008739,0.032351,-1.4367,0.14881
-0.62448,-0.20104,0.58399,-0.60415,0.13525,0.18936,-1.2283,-0.82665,0.04218,-0.59486
-0.22631,-1.1337,0.61729,-1.0713,-1.3136,-2.2477,0.70648,-1.1039,0.1096,1.1168
-0.55084,0.39149,0.31048,-0.56405,0.79314,-0.53596,-0.40194,-0.72659,-0.91949,0.1975
-1.3423,0.18985,0.44686,0.79241,0.010569,0.0052752,-0.39514,-1.4259,0.79206,0.34411
0.73659,-0.72372,-0.55254,0.25809,-0.65868,-0.024722,0.72915,1.5272,0.046313,0.27316
-0.91955,-0.38629,0.93333,-1.0387,-0.6493,2.0159,0.22851,-0.43837,-0.53293,1.0694
1.035,-0.57492,0.81044,-0.77735,-1.236,-1.3739,-1.4524,-1.0459,0.39164,-2.4139
-0.34341,0.16987,0.36668,2.1169,0.28133,0.58973,0.23321,1.553,-0.11789,0.23801
-0.30788,-0.6596,-1.9827,0.75734,0.63916,0.17024,-1.1983,-0.813,0.0069296,0.96661
1.2956,0.27294,-0.62262,0.31614,0.30114,-1.9006,-0.54735,1.7835,-0.32267,0.38371
0.26109,-0.85355,-0.56869,-0.36317,0.69373,0.78945,-0.81514,0.11351,0.96004,0.18585
-0.40227,0.59023,1.3312,0.31546,0.11067,0.69496,0.47969,-2.0545,-0.23924,1.144
-0.82696,-0.16628,1.0262,-0.5063,0.079592,-1.1839,0.25934,-1.042,-1.2737,1.3369
-0.51722,-2.06,-0.36929,0.82932,-0.35839,0.34807,1.5162,-1.3795,0.48131,-0.31503
0.39991,0.19193,1.5326,0.086983,1.6499,1.5895,-0.0032654,0.27566,-1.0677,0.20378
0.84713,0.95064,0.21781,-1.2342,-1.1194,-0.40861,0.75281,0.24516,-1.8781,1.1111
0.048011,1.2716,0.66185,-2.0971,0.48725,0.83711,-0.20978,-1.2913,-0.38293,1.5214
-0.49292,0.23057,-2.1935,1.271,1.2514,1.0017,1.1125,-1.266,1.5356,1.8386
0.33544,1.4867,-0.59761,0.060956,0.81297,-1.5388,0.62702,-0.027993,-0.84261,0.77036
0.67121,0.69537,-0.71565,0.030732,1.0116,-0.32727,0.30851,2.0672,1.228,0.43458
-0.42166,2.1164,-0.10248,-0.48334,-0.05849,0.97832,-0.65097,-1.7358,0.49638,0.043401
1.4431,0.26721,0.34909,-0.028847,-0.57275,1.8142,1.3172,-1.5035,-0.068841,-0.6633
-0.36428,0.482,0.10448,-0.006576,-0.038796,-1.5557,-0.39928,-0.48779,0.71334,-0.26743
0.89829,0.4381,-0.96913,-0.83371,1.158,-0.15239,-0.42866,-0.1182,0.49334,0.64509
0.96834,0.56034,1.7285,0.55149,0.70277,0.25994,-0.46873,0.060313,-0.44179,-0.7264
0.056627,0.83567,0.72463,1.6884,-0.5366,-0.65935,-0.19086,-0.79257,-1.1069,-0.88642
-0.084666,1.0707,0.50465,-0.92575,-2.1338,1.2763,-1.6109,-1.6363,0.27024,1.3174
0.87201,-0.99022,1.2657,-0.067392,0.14018,0.15007,0.86331,-0.64124,1.9538,-0.21788
-1.8037,-1.2997,-0.25391,0.413,1.8938,1.4224,-1.4208,-1.3507,0.57058,0.24091
0.03374,1.3419,-0.015113,-1.1459,0.76971,-0.67136,-0.48082,-0.95645,0.31604,-0.90369
0.069139,0.97079,1.5362,-1.6309,1.7784,0.90702,1.185,-1.4112,-0.043483,1.2583
0.36559,-0.8498,1.3244,-0.90334,0.77325,-0.25386,1.8409,1.0488,1.3184,-0.14317
-0.88486,-0.049388,-1.4982,-0.32089,-1.5896,-0.54177,-0.089893,-0.76988,-0.053925,-0.36944
-1.4102,1.8572,2.1013,0.43515,-0.44712,0.20072,-0.0070901,-0.14232,0.032483,-0.55051
-2.6384,-1.1609,0.33888,-2.4218,0.29706,-0.11199,0.32439,-0.26899,0.21471,0.093242
0.5451,0.3305,-0.49119,0.7786,-0.83208,0.27103,-0.33686,0.26973,0.73239,1.2468
1.078,-1.3904,-0.23445,-1.4915,0.056495,-0.68,1.1587,0.48828,-1.0462,-0.49727
-0.44433,0.17398,-0.49903,-0.4607,-1.2812,-0.20851,1.0808,-0.5949,0.56625,0.89265
2.3793,0.30908,-0.58798,-0.34493,0.42834,1.5434,0.9319,-0.73924,-0.59053,0.015429
-0.64098,-0.18284,1.0482,-0.82082,1.2898,-1.4151,-0.20038,-1.1734,0.73312,0.89783
-1.3113,0.94688,1.8595,-1.424,-1.1259,0.99918,-0.35449,1.5224,-0.19761,-0.97724
-0.14569,-0.13673,1.263,1.1842,0.36205,0.30086,-0.85335,-0.13905,0.033616,0.35657
0.10579,1.1922,0.59796,0.095567,0.58311,2.1857,-0.21717,1.2492,0.11725,0.89141
0.68235,1.1014,0.84894,1.028,-0.052344,1.9886,-0.55198,-0.21765,-0.39855,0.052321
0.12104,-0.27675,-0.8491,0.47557,-0.23481,-0.88258,0.25291,-0.62542,-1.88,0.032362
-0.76362,0.2617,1.6149,-0.15391,-0.77138,1.7814,0.63106,-1.3183,0.46111,0.25701
-1.523,0.21152,1.6657,-2.0821,-0.16541,-0.45016,1.5747,-0.55352,1.3121,-0.098032
-0.58669,0.97144,-1.3309,-0.25831,-0.71625,-0.70266,-0.54478,0.19892,-1.5594,-0.65904
-1.3637,1.2502,-0.72936,-1.0223,0.36594,-1.2631,0.004358,2.2935,0.45596,0.64853
0.72359,0.79766,1.5673,0.82541,-1.5625,-0.63272,-0.3707,2.1532,-1.0393,0.75601
-0.10363,0.0279,-0.11106,-0.2918,-1.8553,-0.60457,2.3544,0.3688,0.68466,0.066196
-1.853,-0.89041,-0.295,-0.52752,2.1147,0.035527,0.91532,-0.57178,1.4583,0.11402
0.36559,-1.2895,-2.2564,0.12251,-0.54712,0.10708,-0.10142,0.019084,0.037706,-0.69102
-0.92241,1.1051,0.0082338,-1.0882,-0.10999,0.15784,1.0112,0.96494,-0.60901,1.7132
1.3504,2.0057,-0.48526,-0.89287,-0.24843,-0.64372,-0.057663,-2.1506,1.1549,-1.3186
0.052198,0.27238,-0.50933,-0.70185,-0.98558,0.4148,-0.58495,0.77809,0.082612,1.3018
0.22923,-0.068548,-1.5018,-0.45989,1.6917,-1.1678,0.56431,-0.15394,-0.54878,-0.31652
-0.78738,0.94056,0.53246,0.52537,0.9613,1.8164,-0.7367,-0.061965,-0.97538,-1.5318
0.52302,-1.6864,2.8507,-0.35649,-0.4439,0.15407,0.012622,1.8948,0.03556,-0.082483
0.064903,-0.26015,-0.53483,0.34513,0.63727,-0.443,-1.5217,0.21743,-1.3791,0.49578
0.21617,-2.0054,-0.053226,-0.67965,0.76641,0.22047,0.06561,1.2504,-0.032402,0.90181
-0.32027,0.42976,0.42085,1.3789,-0.93559,-0.1596,-1.5872,0.051642,0.76818,-0.76333
0.64338,0.029375,-0.69938,-0.62785,1.5311,-0.24916,-0.60476,0.767,-0.28073,0.53517
-2.4392,0.33015,0.57991,2.4733,0.41822,1.5486,2.2086,-0.52825,0.6579,1.1499
0.16568,-0.42923,0.043005,-0.54827,1.0407,2.3635,0.76235,-0.29297,0.20536,0.73474
1.0482,-1.871,-0.56459,-0.068326,0.054585,0.28472,-1.5152,-1.8224,0.88459,-0.4747
-0.19067,0.99817,-0.040643,0.37525,0.59437,0.48909,-1.4238,0.4397,-1.143,-0.22568
0.57813,-0.65606,0.70022,0.82308,-1.5018,0.62585,-0.16938,0.74341,-0.3034,0.69021
-0.5955,0.18046,-0.91568,-0.4106,1.3952,-2.7821,0.55561,0.589,-0.56946,-0.18709
0.17275,0.95503,0.15395,-2.1912,-2.1509,0.58752,-1.2114,0.85319,0.43374,0.095722
-0.58398,0.57546,0.088289,1.9018,-1.6035,0.99538,2.0095,0.31055,-1.7802,-1.4704
1.145,-0.82948,-0.8034,0.88361,0.079653,0.46769,1.3987,-0.47269,0.46353,0.6292
0.46994,-0.26046,1.2682,-0.63394,-0.89997,0.58245,-0.19783,0.30172,-0.69467,1.1546
1.3759,-0.21654,-1.2382,-0.45897,0.085373,0.13928,1.4139,0.80178,0.41361,1.0972
-0.04176,0.9953,0.76124,-1.3897,0.88611,0.54739,0.57091,0.13767,0.12373,-0.54158
-0.059309,1.2917,-0.88065,0.12151,0.8403,-0.42843,-0.22382,-0.42257,-1.0799,0.19346
0.3133,-1.0654,-0.19322,-0.13061,0.44211,-0.66374,-0.87223,-0.12503,0.13368,-0.097264
1.4484,-1.0194,1.107,0.24496,0.72723,-0.66816,0.79281,0.93962,-0.44924,-1.2806
-2.3901,0.13138,0.29569,-0.7026,0.82698,-1.2483,-1.5263,0.067855,-0.69572,-1.31
-1.6766,-0.0012038,-1.839,-1.7472,0.84372,1.1135,-1.614,-0.10678,-0.67955,0.69281
1.2668,0.20219,-0.8045,0.65737,0.78035,-0.21806,-0.41717,-1.2511,-1.1848,0.49411
1.8935,-1.0525,-0.8947,-0.36917,0.94865,0.32012,0.45755,-1.0567,-0.8259,-0.69409
-0.20477,-1.3452,-0.91461,0.23513,0.67052,-0.61007,0.12331,-0.083912,-0.45652,1.8309
1.3538,-0.079279,0.43155,-0.068216,0.67831,1.0316,0.81814,-1.1844,-0.3675,1.4972
2.1702,1.2416,0.20559,0.34951,0.17413,-0.54093,-0.78465,-1.5639,-0.62398,-0.072778
0.1897,0.63567,-1.3217,0.78142,0.015444,-0.72634,-0.52122,-1.5224,0.21842,0.59947
-0.45553,-0.11878,3.3535,-1.09,0.072169,0.88264,-1.186,-1.3381,0.10231,0.3531
-0.47719,-0.38456,0.12299,1.6152,-0.20236,-0.51893,-0.48182,1.001,0.97352,-0.69384
-0.25613,-1.1263,-1.8615,-0.032819,2.3586,-1.169,-1.5168,0.035744,-0.38966,0.34642
0.79867,0.90383,-0.18094,-1.5559,2.5864,2.5356,1.0665,1.6313,0.99469,0.36202
-0.17065,0.85882,-0.59567,1.4222,-0.68442,-0.83378,0.083666,0.79295,-1.486,0.24698
2.0373,-0.16623,-0.81015,0.86398,0.77456,0.89609,0.091784,-1.2441,0.91184,0.98448
-0.33968,0.38942,-0.85758,0.30751,-0.52458,-0.97177,-0.22105,0.21158,-0.72085,0.72442
-0.71586,0.27397,1.2927,-0.16292,-0.12693,0.75309,0.24451,-0.091091,-0.35607,-0.43456
0.54452,0.9315,0.36647,0.15044,0.738,0.30891,-0.1652,1.014,-0.49838,1.2269
0.23531,1.6484,-0.0058009,-1.3063,0.73045,-0.85727,-1.7087,-0.16939,-0.49106,0.13701
0.46253,-1.7665,-0.11575,-0.81115,1.3068,-2.9955,-0.59616,-1.1118,-0.017155,0.17777
-2.0939,-0.30843,0.051733,0.99914,-1.7928,2.0029,-0.68384,0.79051,0.24926,-0.97339
-0.15,-0.080882,-0.40779,0.62968,-1.8342,0.43399,-0.024734,-1.7938,-0.73795,-0.23185
-1.8335,-1.2816,-1.0273,-1.8448,1.2129,-0.84629,0.25326,0.79476,-0.23175,1.1151
0.18534,-0.29145,-1.844,0.17764,-0.19154,-1.2308,0.92916,-0.84342,-0.31294,-0.83071
0.76499,0.81625,0.15633,-0.29181,0.65224,-0.18562,-0.31633,0.68922,0.78374,0.080922
1.1796,-0.76055,-0.42396,0.30977,1.6135,-1.486,0.59671,0.98254,1.3266,-0.26472
0.75297,-2.1092,-0.88573,0.16943,-0.41887,-2.0273,0.55213,-0.59217,-0.71952,0.36032
0.48408,-1.0233,-0.27934,0.32728,-0.51085,-0.48846,1.4011,0.26335,0.027943,-0.65758
0.77544,0.28861,0.43011,2.0991,-0.14063,-0.21596,-1.0147,0.17173,1.6388,-0.13783
-0.056661,-0.765,0.0058557,-1.4611,-0.36146,-0.61109,-1.3911,0.44508,-0.37024,-0.29679
-0.038501,0.95128,0.72013,1.0883,1.6153,-0.31536,-0.8186,1.0617,1.3969,0.18304
1.0204,-0.55997,0.60567,1.2811,-0.99165,-1.2976,-1.1313,-0.24151,-1.1759,-0.36872
1.0873,0.23227,0.7841,-0.058113,-1.1544,-2.0283,1.7203,0.74715,-0.983,-0.99153
-0.47083,-0.59859,0.19312,-1.6742,0.2332,0.40056,0.31159,1.0105,-0.15598,0.9459
-1.7973,0.63413,-0.75856,-1.0864,-0.036145,-0.65023,0.63978,-0.0086038,0.0084172,-0.11633
-2.2953,-1.6456,2.152,0.63313,-0.65115,1.2757,-0.52227,-1.5245,0.023896,0.32762
-1.6226,1.6477,1.6966,-1.4731,-0.092157,2.065,0.19747,0.85467,0.44345,0.98362
-1.0001,-0.21947,-1.2144,0.33383,1.5325,-0.086439,-0.38541,0.63177,-1.7872,-0.1356
0.44712,-0.13844,0.1943,0.16194,-0.16545,-0.1499,1.2391,-1.381,0.33231,-0.44059
-0.77584,-1.4309,-1.7921,0.32348,1.699,0.74119,-1.1713,0.25945,0.73409,-0.65069
-0.085334,-0.0016345,1.1806,1.7595,-0.53721,0.77544,-0.38627,0.79016,-1.7006,1.8373
0.36939,-0.070544,0.06333,-0.082486,1.486,-0.51531,-1.1084,-1.1061,1.3068,0.91198
-1.3862,-1.2097,-0.97128,0.77316,0.060152,-1.8745,0.68508,-1.5756,-0.48659,1.8906
-0.85025,0.59862,-2.8987,0.099797,1.4592,0.78772,0.19482,0.097741,0.19651,1.4334
-0.74938,2.0195,-2.2443,3.2613,0.55756,-1.8851,-0.12318,-0.58133,0.84839,-1.6006
-0.80179,1.1949,2.1244,1.1314,1.691,1.9264,-0.66627,-0.91585,1.1761,-1.7261
-0.43925,-0.063162,-1.7951,-0.93113,-0.22783,-0.094066,-0.13481,-1.5114,0.53249,-0.49786
0.78718,0.55974,0.75665,-1.1027,0.55347,0.94753,0.42497,0.29714,0.29388,-1.512
-0.50747,0.215,-0.71333,1.0534,0.88925,-0.081314,1.346,0.60403,1.0918,-0.28872
0.69431,0.42204,0.34837,1.9431,0.53517,-0.58231,-0.86404,-0.67315,-0.73533,0.24099
0.34033,-2.0716,1.1111,0.59668,-1.5706,0.21685,0.88163,-0.36496,0.19396,0.64635
0.19186,-0.90964,0.61283,0.13037,-0.76799,0.27643,0.61147,1.104,-1.5576,0.75233
0.97503,-0.28528,1.1382,-1.4016,1.1652,-1.2634,0.28206,3.8034,-1.3587,-0.64026
2.1402,0.63635,0.35789,0.70163,-1.4391,0.56457,-2.1546,1.1421,-2.0527,-2.2624
1.4673,0.36623,-0.44688,-0.37838,-3.587,-0.46174,0.56373,-0.23775,-0.40461,-0.33556
-1.584,-0.10244,2.0615,0.098404,-0.87357,-0.65674,0.084338,0.22256,-0.49183,-1.4824
0.52991,-2.1672,1.1461,0.84398,1.0721,0.65181,-1.2247,-0.18636,-0.096326,0.13401
-1.2468,-1.4303,-1.2753,-1.885,-1.1083,-0.032676,0.78944,-0.36867,-0.76647,-0.591
-2.0108,1.3436,-1.1493,0.1241,0.9968,-3.2265,-2.1844,0.10716,0.030501,-0.62953
-1.2107,0.13805,0.77613,-1.7008,0.038556,-1.5025,0.18697,0.73427,-0.053078,-1.0006
-2.1819,0.017499,0.37502,0.74816,0.36382,1.6272,-1.4565,-1.256,-0.69822,-0.39627
-1.1313,-0.3385,0.26222,-0.44353,0.18345,1.1782,0.17043,-0.65819,1.0793,-0.70329
1.3543,2.9153,0.23237,-0.25091,-1.9196,-0.012049,0.29727,-0.99151,-0.36964,-1.0084
-0.47649,-0.68693,-0.62708,-1.0033,-0.90629,1.3894,-1.0475,0.13658,-1.5635,0.35619
2.6807,-0.14236,0.31523,-0.39504,-0.87829,-0.99168,0.34264,1.0508,-0.36077,-0.047155
0.39082,0.53876,2.0151,-0.84406,0.23583,-1.0265,0.29866,-1.1291,1.9242,1.0224
1.004,1.3282,-0.16956,0.012275,0.42038,-0.86966,-0.38771,0.55421,-0.60538,-0.40558
-0.14599,-0.13104,-1.2329,-0.61614,0.51822,0.8542,0.69223,-1.5573,0.65226,0.44179
-0.27958,0.97013,-2.3611,-0.87457,-1.4164,-0.2318,-0.64157,0.22007,-2.0523,-0.056052
-0.78337,0.99857,0.74442,0.85298,1.1746,-0.7515,0.47998,-1.8681,-1.3121,0.66067
0.16082,0.26285,0.098691,-0.79007,0.37297,-1.0367,-0.23719,0.12467,0.88385,0.96089
-1.4829,-1.3183,0.3168,0.29458,1.1644,-1.9804,0.30706,-0.52757,-1.2418,-1.0383
-0.85007,0.80647,0.043248,-0.070021,0.20188,-1.2938,-0.25235,-0.61014,-0.26181,-1.5928
-1.0692,0.10434,-1.336,-1.7322,-0.7424,0.08217,0.66429,-0.2359,0.28274,-1.2225
0.16834,1.5567,1.1605,0.14143,1.9703,-0.62006,0.051263,-0.69807,0.39402,1.9422
1.5159,-0.84179,2.0646,0.62458,2.8904,-0.98093,0.43203,-1.3463,0.69566,1.3823
2.1575,-0.0034837,0.29275,0.57846,-1.4617,0.71309,0.82024,-0.063054,-0.7847,0.27399
-1.7557,-0.50506,0.4157,-0.6989,0.42736,1.4316,0.33534,0.21473,0.38059,0.78475
0.34675,-1.8451,0.12708,-0.039678,-0.27254,-0.77238,1.8254,-1.0426,1.5224,-0.49486
-0.6541,-1.0525,0.54172,0.1423,0.23084,0.28238,0.62422,-1.3903,-1.7667,-1.06
-1.0815,-1.9628,-0.32204,-0.24251,0.37968,-0.13525,-2.5554,-1.0215,-0.59135,0.97585
0.10338,1.6969,-1.016,0.53055,-1.3085,0.29746,1.3457,-1.6669,0.92678,1.4189
-0.47186,0.24264,0.47819,1.2222,0.42494,1.1131,0.051676,0.39597,0.24092,-0.43261
0.051119,0.6027,-0.16639,1.1126,-0.1374,0.88422,-0.80956,0.047802,-0.52582,0.67188
0.76851,0.20677,0.1078,-1.4958,-0.34797,1.0279,-0.73563,0.69772,-0.79784,1.1187
-0.93548,1.1233,-1.3317,-0.70059,-1.6135,0.47904,-1.3362,0.35072,-0.66858,-0.30909
-0.15271,1.5198,0.87063,-0.20663,0.2631,1.2106,-0.36779,-0.84046,-1.0101,-0.82157
-1.7004,-0.40615,0.18051,-1.086,-0.14476,-0.45786,-0.75557,0.58494,-0.066034,1.0647
-0.38325,-0.96617,-0.55113,0.20636,-0.48946,2.1193,-0.2524,-0.88605,-0.43146,-0.78027
0.98885,1.1088,-1.3991,1.2406,0.41811,-1.6932,-0.18024,2.1734,0.19138,1.6647
-1.7457,2.2533,0.52924,-0.47203,1.1379,0.86148,-1.2238,-1.318,-2.5616,0.33895
0.39085,-0.21988,0.098792,0.27042,-0.40071,1.7663,-0.61796,0.38775,0.26644,-0.11321
-1.352,-0.76108,0.58674,-0.69297,-0.14903,-0.74276,0.58254,-1.1069,0.72206,-0.36309
0.21899,0.33448,0.25333,0.8189,-1.1642,-1.7885,0.44755,-3.0938,-1.4178,-0.81609
-0.45029,-0.94411,1.5543,-1.1998,0.56751,1.5145,0.45996,0.27981,-1.4974,1.1355
-0.27853,-0.77987,-0.32947,-0.065979,0.46504,-0.07524,0.090645,-1.6611,-2.362,0.16271
-1.6039,0.67845,-0.34266,0.36909,0.14867,-1.2403,0.16008,-0.074786,0.13329,-0.14216
-0.91107,-0.21996,0.091363,0.97412,0.8176,-0.42243,0.56775,0.28472,0.26268,2.3165
-0.19302,0.52865,1.5258,-0.23396,-0.018608,1.3323,-1.6995,-0.33194,0.27613,0.52016
0.071679,-0.50381,-0.29835,-0.9367,0.96015,-0.28374,0.3639,-1.2414,-0.83932,-0.16182
-0.19131,0.58742,0.097788,-0.62558,0.93196,0.12821,0.73573,-0.55626,0.3413,-1.986
-0.64123,0.34405,0.27616,0.58515,1.6282,0.019213,1.8608,-0.027277,1.9262,2.2459
1.3286,0.51955,-0.062123,2.0343,-0.086978,0.66522,-1.0132,1.159,-1.5076,0.9775
-0.19446,1.1772,-0.074457,-0.71855,-0.91075,0.20636,0.6789,-0.89382,-0.098489,-0.43881
-0.7759,0.87522,-0.66569,-0.36029,-1.4938,0.709,0.91439,0.083052,0.27162,-0.69047
-0.75865,-1.544,-0.79332,-0.66033,-0.40914,2.5173,-0.12142,-0.5382,2.0145,-0.95619
-0.075599,1.8288,-0.40647,-0.23387,0.45281,0.27522,-0.63817,1.354,1.8245,-1.3156
0.929,-1.2453,-0.025019,-0.41751,0.28018,0.47319,-1.6137,-0.94353,1.0655,-0.098684
-0.42457,-1.768,0.46759,0.22373,-1.4359,2.226,0.11465,0.48882,-0.11195,-1.4142
0.87157,0.95916,-1.3569,1.7328,1.4014,0.28088,-0.53112,-1.9323,1.5685,1.1753
0.22652,-0.78267,1.6143,-0.086713,-2.1159,-0.98459,0.87039,0.063451,-0.74845,-0.50259
-0.56333,-1.8994,-0.2241,0.82161,0.33589,-1.9057,0.50426,1.5471,-0.84241,0.36309
-0.81722,-0.043281,-0.15872,1.1785,2.4267,0.82483,-1.1849,0.070172,-0.49215,1.0073
0.17734,1.8435,1.2622,0.91457,0.028906,-0.90718,0.37362,1.0214,-0.87074,0.70355
-0.10333,0.89775,-0.30648,1.6344,1.2232,-1.0445,-0.37032,-0.68243,-1.3878,-1.3936
-0.90499,0.695,0.59161,0.374,0.17911,-1.1176,-0.83765,1.2296,-1.6219,-2.3902
-0.79434,-1.0705,-0.60353,-1.3083,-0.65448,0.27477,-1.153,0.36706,-0.91783,2.2842
0.53913,-0.80792,-1.5784,1.0765,-0.38549,0.22698,-0.0081191,0.10456,1.3033,-0.020567
0.52166,0.9246,0.16085,-1.1383,-0.42832,-0.1307,-0.37812,-0.29747,0.36635,0.59806
-0.3114,1.3292,-0.31914,-0.31045,1.2318,0.62097,-0.39126,1.4269,0.66692,0.69803
0.82613,1.1161,0.95297,-0.24473,-1.5972,-1.0403,0.79506,0.24045,0.35256,-1.2843
-0.34994,0.55772,-1.4349,1.397,-0.9778,-0.021709,-1.6973,-0.0026777,-0.92528,0.19097
-0.1155,-1.0224,0.94304,-0.74689,0.7631,-0.17993,-1.3593,0.048298,-1.3385,-2.2411
1.2348,-0.18542,-0.48981,0.47626,0.56174,-0.13157,-0.96452,-0.0019526,0.41132,-1.5474
-0.53992,1.2346,0.68552,1.4116,0.65537,-1.8622,0.49861,-0.95339,0.61391,0.76349
-2.043,1.416,0.6255,-0.59571,-1.1533,0.44782,0.13206,-0.29069,0.16898,1.0368
-1.2889,0.40443,0.25605,-0.62867,0.05451,3.4926,-0.95004,-0.69065,-0.54677,-0.033943
0.29085,0.11399,0.051974,0.11448,-1.6295,-1.583,-0.72452,0.72647,1.6996,1.1282
-0.21579,0.35141,-0.79159,-0.23401,-0.37428,-0.091436,1.4148,-0.69679,0.28994,0.22259
2.7513,-0.46849,0.72251,-0.80282,1.2311,-2.1272,0.0045619,-0.75622,-0.34681,0.071515
-1.4151,0.86609,0.27045,0.42001,0.1676,0.6483,0.49455,-1.1457,0.73536,-0.55717
-0.24387,0.23564,1.4089,0.41429,-0.90359,-0.083008,-2.068,-0.38834,0.049708,-1.0307
0.040251,0.48198,-0.41466,1.0748,-0.096493,1.6069,-0.26812,0.08929,-1.7634,-1.1208
-1.3738,-0.13878,1.0335,1.3876,-0.30886,0.86519,-0.21456,-0.52812,-1.0765,0.18788
1.0792,0.33029,2.2099,-0.16327,-0.79411,-1.0309,-0.68407,0.39031,0.63563,1.9395
0.74393,-0.60975,-0.39222,0.79358,1.2863,-0.2093,0.35264,0.53627,-1.4605,-0.26887
1.5429,1.6248,-0.45063,-1.5293,0.28405,-0.32167,0.97404,1.0217,-0.27811,-0.48064
0.68752,-0.26876,-0.071746,-0.91052,-1.6332,-0.81075,-0.12956,0.74975,0.085878,-0.76624
-3.5502,0.71945,-0.086791,-1.4887,1.4966,1.8362,-0.65235,1.2955,1.7808,-1.1822
-0.96705,-1.9434,-0.66635,-0.46727,-0.64717,-0.99154,-0.59969,-1.0737,1.0784,0.027395
0.31179,1.0084,0.54775,0.83755,-0.18941,-0.39241,0.88338,-0.35167,-0.16567,-0.43735
-0.81507,-0.35635,-0.081614,0.99864,-0.15727,0.8825,-1.0736,-0.47917,0.28422,1.4122
0.28337,0.63336,0.30375,0.94641,-1.4343,0.71145,-0.095334,1.1356,0.85084,-1.2322
-0.066238,-0.41595,-0.35044,1.8082,0.96543,-0.10605,0.53681,0.48071,-0.31448,1.2328
-0.5475,0.69558,2.6857,-0.44599,1.8866,1.4,-0.15067,0.0046545,1.5622,0.28972
0.068056,-0.52295,0.8048,-1.1301,-0.68292,0.88534,-1.4313,0.75744,0.5459,0.45079
0.51297,-0.42021,0.64555,-2.525,1.2197,-0.7108,0.30492,-0.84793,-0.90339,0.65376
1.1431,-0.95682,0.56033,0.2219,0.50798,-0.6594,-0.13958,1.2864,1.0108,-0.10031
-0.89395,-1.4953,-0.65688,0.38614,-0.57825,0.058725,-0.46673,0.20172,2.2441,0.28252
-0.57177,0.43615,0.57144,0.18475,0.6239,0.94837,1.6007,-0.44068,-1.0973,-0.30021
-0.72064,1.1197,-1.1684,-0.49463,-1.5921,-0.62536,-1.5368,-0.81351,0.31565,-0.51582
0.8479,0.16832,1.9891,1.4437,-0.39625,-0.65417,-1.0244,3.1455,0.51267,1.671
1.5726,-0.65018,0.82282,-1.0269,-0.3068,0.40552,-1.8134,0.29849,0.036688,0.54299
1.0557,-1.1402,-2.0949,2.5833,-1.3437,-0.38842,0.95787,-0.86738,1.138,0.5088
1.341,-0.97121,0.41531,0.10398,0.060033,0.078825,-0.33969,0.77449,-1.2475,-0.12313
0.24928,1.7921,-0.31074,-0.28089,-0.27744,-0.73841,0.027603,-0.98684,-1.0259,-0.89867
-0.80171,0.10843,0.47315,1.0578,-1.1497,-0.60568,-0.010099,0.71835,0.56473,-0.25567
0.67975,-1.0754,0.062684,0.0084834,-0.62027,-0.16522,1.3325,0.329,-0.87607,1.3712
1.7264,-1.1145,0.70696,1.2807,-1.0846,-0.93949,0.19499,-1.2366,0.43478,-0.36689
0.50606,-0.73902,0.0078033,1.6325,0.63256,1.3231,-1.0764,-0.68232,-0.10472,-1.2502
0.92921,-0.21036,-0.84504,-1.3001,1.0838,1.2838,-3.0608,0.67226,-1.1227,0.80848
-1.5435,2.043,0.011179,0.77267,0.74524,-0.048936,0.080929,-0.92997,-0.91874,0.80877
0.57106,0.050995,1.0132,0.25329,1.1737,-0.84985,0.30129,1.3088,-1.1481,0.85541
-0.15392,-1.2417,-0.092065,1.1023,1.1631,0.58725,-0.045064,1.4407,1.1498,-0.14591
0.55333,-0.72082,-0.52064,-1.748,-1.0453,-0.1638,0.35628,1.2084,-1.3988,1.3983
1.2768,-0.98142,0.23114,1.1345,-1.1151,-0.69456,0.57556,0.14413,-1.084,1.0079
-0.63941,1.3615,-0.88461,0.40155,-0.49905,-0.21477,0.12959,-1.5899,0.31157,-0.26274
1.5059,2.0355,-0.41742,1.6855,2.8411,0.90335,0.18562,0.79151,0.32027,0.29561
-0.94339,1.5638,-0.46898,-2.0849,1.2135,-0.64411,0.3275,0.54569,0.78331,-0.077481
0.040832,-0.3355,-0.50604,-0.01853,0.50531,0.67164,0.9704,-0.65846,0.17542,1.1021
0.30696,1.2278,2.5232,-0.094084,1.6552,1.1456,0.10625,0.91564,-0.34963,-0.1643
1.0668,-0.035126,2.1438,0.21717,0.058782,-0.44114,0.51169,-0.0839,0.34252,-0.23963
-0.32315,-0.12119,-1.0654,2.5385,-0.39582,-1.482,0.42309,-0.98117,1.3479,-1.9337
-0.93587,-1.0793,0.01403,0.40248,-0.29136,0.34271,-1.5687,-1.9961,0.6368,-0.11946
1.4166,-0.23875,-0.70846,1.6314,0.40755,1.4228,-1.3479,0.37435,0.99963,-0.49222
0.36264,-0.77293,2.0173,-0.88574,0.71041,0.94184,0.0035594,0.71494,1.0292,0.13755
-1.9137,-0.22343,2.071,-1.3198,-0.33173,-2.1374,-0.12037,-1.687,1.0382,-0.26796
0.31992,-0.62908,0.11789,-0.38509,-0.18162,1.0465,-0.0564,-1.0905,-1.722,1.7372
-1.7006,-0.32695,-0.87705,-0.86279,0.24956,-1.3443,-0.11266,0.80089,-0.49348,0.76242
0.79092,-1.5754,-0.21598,-0.42923,-0.43553,0.45151,-0.28805,-0.65066,0.7007,-0.40557
1.3872,0.54154,1.2033,0.53613,-1.1842,-0.95752,0.97557,-0.49529,-0.066097,0.56982
-0.18278,-1.2718,0.61704,-0.028782,-0.55414,-1.4156,0.93937,0.0647,-0.42119,-0.30986
-0.90839,0.34682,-1.3484,-0.95728,0.9684,-0.0898,1.2597,0.12508,0.50453,1.4746
1.2269,-0.61525,0.26092,1.393,3.4918,-1.1242,0.30348,0.78628,-0.32339,-0.035085
-0.5107,-0.83818,0.58648,-0.82689,-1.0544,-2.542,0.17503,0.83249,0.25649,1.1956
-0.81847,-1.8481,0.8901,1.2464,1.6817,-1.9136,-0.1093,-0.86679,1.8457,-0.54556
-1.2618,-0.29712,-0.96127,0.60408,0.64868,-1.0132,0.35323,0.506,0.26047,-0.039503
-1.4676,0.92328,-0.66399,-1.3387,0.49066,0.60568,0.80124,0.73923,-0.15501,0.043059
0.27578,1.6867,-1.5691,0.90843,-1.0241,1.5342,-1.2101,1.2802,-2.129,-1.6588
-0.33175,0.54729,0.341,1.1253,0.41726,1.7257,-1.136,0.41314,-0.26495,-0.37631
0.78848,-1.2644,0.3791,0.50521,-1.4696,0.32759,0.41731,-0.74983,0.3647,0.99764
-0.056694,-0.20959,1.1393,-0.22167,1.3167,-1.5572,0.8286,-3.0073,0.36874,-0.28939
-0.20969,1.1098,-2.6515,0.46281,1.0446,-1.0942,0.091121,-0.23443,-2.3696,1.3861
-1.7215,0.51166,-0.28914,1.6027,0.76566,1.1033,-0.10927,0.26375,-0.67131,0.81181
-0.77546,-0.61548,1.7208,0.74384,-0.087832,-0.35988,0.30046,1.1393,1.4854,0.55825
0.10443,0.23624,0.046426,0.2888,0.72603,1.1217,0.45425,-1.9653,0.86919,-1.2881
-0.42815,0.90895,-0.19667,-0.96913,0.5487,-1.4445,-0.17703,-0.64371,-0.76113,-0.18254
1.275,-0.37813,-0.13835,-0.71623,0.61507,-0.63549,-0.17641,-0.53216,-0.27972,1.9391
-1.8314,-0.74248,-0.22197,-0.86459,-2.1957,0.92893,0.70803,-0.39525,0.55423,-0.40672
-0.1812,-0.80007,0.16635,-0.10838,0.41546,-0.23821,0.41763,0.17989,0.38204,-1.3264
0.11458,0.52262,0.13331,0.21462,1.8186,0.89653,0.94663,-0.028298,0.13114,-0.037404
-0.72236,0.50047,-1.0268,0.49627,-0.31181,-0.48212,1.1942,0.58721,-0.76263,0.47151
0.112,-0.48137,0.62223,0.79943,-1.0876,0.63935,-0.092552,0.69329,0.25241,-1.6163
1.6613,-1.5091,0.26169,0.25911,0.73377,-0.24089,-0.13123,-0.88017,-1.2612,1.4046
-1.0504,0.11366,0.44324,1.2982,-0.75732,-1.0262,-0.85251,0.64346,-0.98653,-2.3365
-0.35088,-0.26447,-1.0564,0.3091,0.72126,1.2853,0.81837,-1.6891,1.2956,1.07
-1.4191,0.084828,1.2525,-2.0423,-1.275,-0.073407,1.5415,1.3098,0.62818,0.13455
0.72794,1.4254,-0.44349,-1.6125,-0.20077,-2.5343,0.56278,-0.85582,-0.20725,-0.35313
-1.2061,0.30619,0.35061,0.7856,-0.048362,-2.1237,1.1859,-0.093075,0.10186,0.94702
-0.85819,-0.82957,1.5258,1.0245,-1.135,1.0351,-0.38578,-0.41994,0.69764,1.1901
1.423,2.147,0.73881,-0.19456,0.39053,0.37717,-0.087658,-1.0102,-1.8977,-0.8851
0.82342,-0.67053,-1.7636,1.7244,0.16111,-0.35256,-1.4659,1.2834,0.37707,0.41228
-0.75597,-0.49043,0.020702,-1.409,1.66,-1.9509,0.95542,0.58054,0.80395,0.34448
1.0165,0.55426,0.24167,-0.52759,-0.78512,-0.41327,-0.35198,-0.36281,0.16167,-0.18719
-0.6591,-1.3667,0.011647,-0.32024,-1.8972,-0.95485,-0.65592,0.089153,1.8152,-0.43725
0.10603,0.14032,-1.0257,-0.61455,0.10033,-0.40772,-0.28485,1.5387,-0.39894,0.87209
1.8344,-0.039547,0.49774,-0.45903,0.10552,-0.38693,-0.22603,0.38307,0.014577,0.16771
2.2572,2.0627,-0.29727,-0.77672,0.68672,-0.64636,-0.71423,1.2898,-0.87432,-0.72559
-0.44315,1.2517,-0.16246,0.81122,0.48738,-0.54315,1.6111,0.17314,-0.25064,-0.65004
-0.030011,0.39572,0.98957,-0.033062,0.98359,-0.65612,0.35382,-0.61748,0.34378,0.41963
1.0391,-1.0871,-0.47486,-2.0627,0.55488,-0.94647,-0.48156,-1.1378,1.8224,2.5993
0.60751,0.52062,-0.5434,0.5569,0.20561,0.12476,-0.11781,-0.80116,-1.2695,-0.7256
-0.23302,-0.3566,-0.71119,0.38319,0.60392,-0.99781,-0.76247,0.49189,1.0073,-0.47924
-0.20947,-0.52625,0.24983,1.5861,1.7071,-1.4202,-0.34845,0.29139,-0.54857,0.25861
-0.78403,-1.8595,-0.26247,0.23863,-0.81045,-0.53984,-1.5839,1.3875,1.2471,1.0621
-2.272,-2.2906,-2.1399,-0.59152,-0.95116,-2.5955,0.97085,-0.84464,0.14505,-1.2646
-0.15665,0.34707,-0.68617,1.32,-0.48571,0.87864,-0.60273,-0.45606,-0.042866,-0.64643
-1.1979,0.45031,0.42983,-0.77544,1.4002,0.4254,0.40188,-0.44023,0.024133,0.94433
-0.22794,-0.37802,-0.10127,-0.47658,1.0818,-1.4825,0.071608,0.136,-2.3434,1.1013
2.4683,0.63488,-0.028398,-0.53175,-0.96252,-1.8506,2.1004,0.72269,-0.070039,1.3621
0.033886,0.31673,2.3054,-0.69305,-0.61183,1.0773,-0.032676,1.0361,-0.32631,0.36672
1.5095,-1.3866,-1.4572,0.36095,2.5359,0.62782,-0.83106,0.2595,-0.19523,0.49245
-1.1107,-1.2285,0.24852,0.10771,2.7246,-1.6335,-0.71854,0.04678,0.47393,0.64441
1.2756,1.1773,-1.3255,-1.8361,-1.0837,-2.0808,-0.57055,2.2509,-0.44312,-1.4548
-1.6736,0.45815,-1.0208,0.43535,2.1641,0.92142,0.24401,-0.2244,0.2091,0.29589
-0.27993,-0.31812,-0.052872,-0.8266,0.62553,1.035,-0.83122,-0.59248,-0.34324,-0.54309
0.29075,-1.0459,-1.1802,-0.0012316,0.41051,-0.68584,-0.36156,0.3736,1.7286,0.84722
0.6201,0.25871,-0.017101,-0.47549,-0.96857,0.5472,0.038563,0.82969,-1.5716,-0.74946
-0.12426,0.24557,0.44602,0.24317,0.37197,1.0689,2.5725,-0.53089,0.10598,-1.3129
-1.0822,-1.8521,0.6873,0.46877,-0.89281,0.25842,-1.4161,-0.60009,-1.1867,-1.4676
-1.2177,0.94301,1.6263,-0.76077,0.95453,-3.066,0.66086,-0.029974,0.45925,1.3647
-0.72216,0.061107,-0.44515,0.45544,0.72478,0.13738,-0.077524,-0.90934,0.22722,-0.3836
-1.0192,0.33442,0.75278,-0.044431,0.12333,-0.042275,-0.19384,-0.048352,-0.0704,-0.8688
-0.57909,-1.3209,-1.2046,-0.58714,1.4965,-0.034355,-0.077892,1.1526,0.839,0.48877
-0.95052,1.6472,0.82037,-0.064535,-0.78409,-2.209,0.83707,0.68314,0.61363,1.1967
1.2421,0.83594,-0.034922,0.93025,-1.2726,-0.65399,-0.30084,-1.0339,1.1576,0.0403
0.26992,-0.826,-0.095769,0.83222,-0.34851,0.4536,-0.77827,-0.38711,-1.2661,0.97401
0.28347,-0.20409,-0.22917,-0.59104,-1.1034,0.68869,-0.15461,-0.29141,-0.24743,1.3804
-0.83898,-0.61614,-0.23673,-0.43576,-0.099435,0.33908,-0.040869,-0.26974,1.0065,0.5682
0.27681,0.41627,0.81209,0.85076,0.13733,1.6349,1.5426,0.69742,0.16778,1.5919
0.32301,0.80718,-0.76282,-0.19969,0.4062,-1.7005,1.1027,-0.38349,-0.86568,-1.5133
-0.93605,0.36855,0.56282,1.2095,0.87411,-0.26662,-1.342,0.48772,-1.3195,-2.0975
-1.1892,0.47316,0.46487,-1.3049,-0.56271,1.1249,0.88351,-0.24923,0.49788,-0.20996
-1.9349,0.53583,-0.2998,0.5011,-0.94444,-3.3691,-2.1843,-0.43708,-0.82503,-1.3636
0.87279,-1.0805,-1.4759,0.29027,0.27618,0.13749,0.23842,2.1978,-0.62317,-0.041002
-1.0121,0.71285,0.23743,0.81002,0.87929,0.40197,0.1092,-0.64163,-2.7036,0.064
0.046738,-0.87175,1.7943,0.47093,-0.53477,-0.019843,-1.6404,0.46972,-1.5774,0.45577
0.083111,0.61536,0.40355,0.83164,-0.26574,0.89141,-0.98652,0.50762,1.4243,-0.77685
0.091216,-1.0944,-0.86983,-0.74348,1.9053,-0.8053,0.88839,0.60212,0.24353,-0.83033
-0.6382,1.0999,-1.0074,1.4831,-1.3861,-0.9392,-0.56375,0.23292,-0.6581,-1.2928
-0.22635,0.42018,-0.46204,0.2456,0.47333,2.2623,-0.64889,0.86824,2.6834,1.673
-0.30691,0.79248,0.70102,0.85992,-0.73526,-1.1014,-1.2031,0.092791,-1.1458,-0.60222
1.3496,-0.67504,1.0222,-0.69601,-0.60528,-1.2269,-1.4422,0.43829,-0.63934,-0.058043
-1.1562,0.78473,-0.1958,1.2263,0.50748,0.90404,0.49434,-0.89679,1.0614,-0.37617
-0.20591,-0.75256,0.87304,-0.013363,0.10959,-0.068605,0.3402,0.87041,0.51932,-0.38812
1.0664,-0.37311,1.9375,-1.4816,0.73987,0.066589,-1.041,0.094931,-0.2878,0.88221
0.42107,-0.27069,0.09742,0.017642,-0.17579,0.86486,-0.88622,-1.0099,0.049117,-1.6898
-1.0882,0.51124,0.47484,-1.0604,-0.95873,0.50767,0.50868,0.53577,1.5633,-0.82687
0.79315,1.2797,1.9385,-1.6038,-0.57783,0.69889,0.075923,-0.88351,-0.56233,-1.9262
-2.7018,-0.23414,-1.9239,0.0041917,-0.38405,0.41357,-0.88278,1.0829,-0.043593,-0.087971
-0.49259,-0.20658,-0.3273,0.45829,0.40986,-0.067997,-0.080969,1.1456,-1.0107,-1.3658
1.5677,0.30835,1.6007,-2.01,-0.8263,-1.4957,-0.7363,-0.39836,-0.83876,-0.31699
0.49846,-0.67276,0.22653,1.5408,0.17465,-0.56201,-0.5096,-0.70472,0.44555,-0.93862
0.79161,1.455,0.91452,0.67785,1.3642,-0.69012,-0.25831,0.37494,-0.10521,0.17676
-0.092953,1.0545,-1.1732,0.48752,-1.3643,0.86585,-0.9901,0.31745,0.85078,0.88223
-0.38022,0.94236,1.6062,0.15612,-0.49034,0.22736,0.49222,-1.0328,1.1317,0.53785
0.69592,-0.46378,1.0736,2.2187,-0.63486,-1.4499,1.0087,1.2553,-0.31,-2.1468
2.3171,-1.5842,0.99455,-0.17683,-1.253,1.8496,-1.1731,-1.8269,0.12262,0.83237
-0.2684,-0.86463,-0.48556,0.026583,-0.63657,0.54588,0.79451,0.37835,0.90905,-0.37582
1.437,0.42562,0.23858,-0.033437,-0.64898,1.3659,-0.096404,-0.17337,-0.95448,-0.57128
-0.5393,-0.63778,-0.03602,-0.0096793,1.7731,-0.53307,-0.77769,0.84574,-0.55865,0.040552
-0.43007,0.31088,1.4189,-0.17312,-0.31407,-0.74861,0.31341,0.8222,-0.15149,0.10596
0.65074,-0.67471,-1.1378,0.18975,0.1948,0.87662,-0.73082,1.7582,-1.2778,0.080089
-0.90205,0.20176,-0.073397,-1.3297,-0.031002,-0.33337,-0.60689,1.3225,1.127,0.061874
0.94228,-0.18657,-1.6661,-0.12396,0.46212,0.05642,0.84068,-0.70178,0.51141,0.11756
-1.6833,0.39378,0.28841,0.19416,1.414,-0.46111,0.96317,-0.42525,-0.4572,-0.11265
-2.4207,-1.6666,0.58744,-1.5477,-1.1913,-1.4304,-1.432,0.77493,1.2558,0.63167
-0.15892,1.3173,-0.57709,0.2111,0.37317,0.88342,-1.6007,-0.61161,-0.66567,-2.0992
0.32888,-0.19844,-0.37853,-0.41318,0.52289,0.92411,1.5356,0.078327,-1.0025,0.43278
1.2754,0.38442,1.2518,0.69204,-0.60105,-0.39199,1.5541,-1.5898,1.9025,-0.13631
0.11967,1.8592,-0.21361,-1.8127,0.48412,-0.56161,-0.93911,0.65249,0.61063,0.83746
0.95443,0.010939,-1.1214,0.60493,0.32775,0.68696,1.7199,0.59569,0.4151,-0.90068
0.24056,1.1463,-0.56977,-0.61026,1.5379,-0.10809,-1.3119,-1.279,-1.2053,-0.56709
0.6795,-0.32789,-0.6376,-0.4688,-0.40835,-0.61677,-0.054836,0.5613,0.14558,-1.0675
-0.96877,1.0261,0.51753,-0.013425,-0.46494,-1.989,1.5062,-0.16468,-0.30025,0.90248
-0.076407,0.46526,-0.19337,0.20834,2.2093,-1.3862,0.10161,-1.1587,-0.0065876,-0.4234
-0.59779,0.0086796,0.97625,-0.28673,-0.46802,-1.2767,1.0145,0.24938,2.4484,0.11662
-0.23699,-0.2843,-0.1563,-1.6718,2.0523,0.12176,-0.6156,0.41872,-0.40665,0.83546
2.2967,0.55383,-0.13629,0.82674,1.0564,-2.7282,1.3697,0.050489,0.46939,0.3113
-1.4042,-0.93696,0.41302,-1.6764,0.55207,-1.3691,0.0055066,0.56197,1.2296,-0.52691
0.034177,-0.91492,-0.16695,-0.15539,-1.0233,-0.066516,0.99799,-0.068524,0.4556,-0.85114
-0.3209,0.98049,-0.34875,-0.31303,0.91709,1.5054,-0.53301,0.4062,-0.6098,0.34337
0.37938,0.6581,-0.17591,0.10972,1.4298,0.52925,-1.8556,-0.47508,-1.721,-1.1019
1.7927,0.56754,1.3078,-0.51785,-0.096709,0.40009,0.91387,-0.23217,-0.083461,1.0084
0.91231,-0.38927,0.0052468,-0.1474,-0.8364,0.11249,1.7809,-0.5652,-0.3757,0.73078
-0.65691,0.010686,-2.059,-0.48474,0.27993,-0.09928,-0.33716,0.45087,-0.96968,-0.96495
-1.4338,-1.4628,-1.1069,-0.37755,0.29111,0.49056,1.0495,0.46628,-0.39441,1.2479
0.84799,-1.3049,0.084031,-1.5898,2.1271,-1.2716,-0.42801,0.74712,1.3188,0.88141
-0.99212,0.4145,1.4225,0.1164,-1.596,-1.2093,0.40973,1.1318,-1.9943,-0.28606
-0.71526,-1.0731,-2.2384,0.38202,-0.41163,-0.7843,-0.89901,0.80773,0.97565,1.6823
0.46535,0.13671,-0.97809,-0.85186,0.96328,0.57579,-0.54023,2.8518,-1.0983,0.47602
-1.5224,-1.5582,-1.845,1.1808,0.55835,-0.25046,-1.577,0.01925,-1.007,-0.66747
1.5562,-0.44645,-0.025931,-0.3088,0.18703,0.55811,0.8004,-0.59947,0.57799,-0.50963
0.10282,-0.9387,-0.29808,1.7384,1.5949,-0.08838,-1.3502,-0.83909,0.51699,0.54165
-0.23409,0.55633,0.86926,-1.1167,-0.63522,-0.47277,0.31092,-0.73311,-1.7194,0.59493
0.80782,0.009399,-1.8449,-2.3599,0.46826,0.10734,-0.39984,-1.1794,-0.22019,-0.38349
0.80621,0.27235,0.40542,-1.0222,-0.13956,-0.044778,-0.26065,-0.6324,0.46678,-0.48409
-0.24917,-1.146,0.31148,-1.7202,0.69665,-0.96897,0.73361,-0.60666,-1.1823,-1.4025
1.1023,-1.1883,1.466,0.36416,-1.0654,-0.05722,1.8612,0.75604,-0.32201,-0.048826
0.36731,-1.2578,0.26288,1.1607,0.50147,-0.57258,1.5736,-0.60406,-1.0017,1.6179
1.1,1.0708,0.26184,-0.35636,0.71934,-1.372,0.093651,0.33903,0.9324,-0.61499
0.26347,0.60298,0.99218,-0.14543,0.077983,1.187,1.4697,0.78385,0.31566,1.1092
-0.19109,0.18784,0.051339,-0.32843,0.32179,-1.5982,-0.39458,-0.75998,0.10175,-0.47158
1.7487,-0.78889,-0.87514,1.0489,-0.44705,0.27441,-1.0284,0.16371,-0.9825,2.2097
-0.78321,-1.0757,-0.075768,1.782,0.74733,-0.23284,-1.5257,-0.46025,-0.13746,1.808
0.63308,0.9913,-0.15849,-1.1249,0.67369,0.61692,-0.98261,-1.5846,-0.25651,-0.70812
2.0224,0.49676,-2.001,1.1737,-3.2262,0.49439,-0.033786,1.4687,-1.3739,1.1812
-0.41335,-1.0979,-1.2706,-0.10611,-0.17053,0.21465,-0.76897,-0.66003,-0.080847,1.6869
0.63464,1.6486,0.32323,0.091825,0.3561,-0.19454,0.16096,-1.8935,-1.8083,-0.77709
0.31955,-1.7641,-0.23511,1.9553,-0.5345,0.25037,-0.23745,-0.94329,-0.93151,-0.91263
-0.34825,0.32549,-1.2537,-0.95958,-1.0718,-0.64084,1.0115,-0.55426,0.06114,0.63386
-0.0035542,0.67488,0.29199,0.45472,-0.20089,2.0559,0.41,1.2742,0.29948,-0.054897
0.61778,0.15341,0.48004,-0.77322,1.863,-0.85858,-0.90591,-0.85276,0.5601,-1.4733
2.3285,-0.9648,0.92097,-0.87934,0.9158,0.92826,0.9159,0.77961,-0.89925,-0.70008
0.88643,0.25332,0.18414,-0.51591,0.43964,-0.1997,-1.7085,-0.24125,-1.4909,0.5767
-0.24409,-0.21184,0.70543,0.58021,1.2903,0.067983,-0.19726,-0.92577,0.16992,-0.90799
-1.9731,0.20196,1.2057,1.0249,0.37778,0.84072,-0.089932,1.2097,-0.85348,-0.71837
0.24906,-0.31503,-2.2583,1.1775,-0.48739,-0.63382,-0.42451,-0.40524,0.23193,0.66978
0.26098,0.51372,1.1624,-1.5405,-1.2918,0.72884,-0.7015,-1.119,-0.30956,-2.1826
-0.79148,-0.50151,-0.88945,-0.15314,1.0195,-0.24241,0.58128,0.012678,0.053789,1.4599
1.0093,-1.2993,0.21363,2.2885,-0.57332,-1.5738,-0.032754,-0.44019,-0.091509,-0.89245
0.39087,0.90962,0.9564,-0.1523,-0.45202,0.37935,-0.075275,0.76656,1.1103,0.29059
0.5869,0.97671,-0.71587,-0.87681,0.59048,-0.9779,-1.4339,-1.032,-0.79831,0.54208
-0.48619,0.83914,0.4282,-0.91408,-0.50657,0.23305,-0.61804,-0.033091,-0.032078,0.030268
-0.68385,-1.6023,0.48491,0.75461,1.1814,0.50762,-1.6879,-1.093,-0.15781,-0.26833
-0.46742,0.44183,-0.33747,1.0883,1.5168,1.1018,1.1207,1.6711,-0.1289,-1.6267
-1.1106,-1.0854,-0.53391,-0.66391,-0.10934,-2.86,1.2179,0.92602,0.33083,0.6678
-0.52254,0.89311,-1.1837,0.61958,-1.7653,0.50258,-0.035323,1.9416,-0.87135,-0.59696
0.72684,0.94577,1.1055,-0.97645,1.1715,-0.13593,-1.2371,0.98256,-0.54976,1.2309
-2.2553,1.0143,0.071077,1.7647,0.050675,1.6871,-0.38477,-0.51873,-1.3942,-0.62859
-1.772,1.8177,0.21951,0.63992,0.55843,-0.92946,-1.1181,0.074507,0.32209,1.0671
0.02659,-1.4268,-0.31779,0.55507,-1.52,1.0788,-0.18324,0.28554,1.1004,-0.80585
0.32849,0.38698,1.5721,0.1566,0.34746,-1.2482,0.031039,0.93615,-0.48366,-0.061928
-0.94883,1.5781,-1.5424,0.63484,-0.72102,-0.52679,-1.3808,0.075549,-0.30325,0.42095
0.53644,0.031842,-1.3738,-1.9003,1.8775,-1.1826,1.0491,1.6601,-0.57338,-0.46665
1.259,0.0273,1.2151,0.61171,0.91357,-0.20914,0.8063,0.65389,-0.55784,0.12839
0.68374,-0.70114,-1.4459,-0.43306,-1.1193,0.72698,-0.48374,0.46789,0.75921,1.8078
-1.5634,1.1092,-1.7248,-1.707,-1.2656,-1.8487,0.30209,0.57199,0.50335,2.0928
-0.73056,0.26586,0.80384,0.66636,0.88871,0.13167,-0.86485,1.0196,-1.686,-0.54239
-0.85381,1.2118,0.58155,0.094152,-0.061812,0.7702,-1.0406,-0.31637,0.60297,1.2168
-0.33875,-1.0323,-0.090034,-1.0553,0.36342,1.308,-2.1234,-0.0059147,-0.020911,-1.0168
-0.67128,-0.8308,-0.70707,-0.31158,0.77522,1.623,0.57799,-1.4441,-0.36012,-1.697
-0.84161,0.042126,-0.93913,0.96328,-0.72398,-0.48627,-1.5959,-0.6273,0.89075,0.092387
1.9099,0.19375,-0.72645,-0.29669,0.87636,0.92074,0.39713,2.016,-0.52202,1.8079
-0.33297,-0.9488,-0.051227,-0.4439,-1.0261,-0.51288,-1.2635,0.63728,-0.34504,-0.58221
-0.15243,0.36957,0.5384,-1.4099,0.19834,0.19281,1.726,1.4257,-1.0805,-0.02154
0.28636,-0.27816,-0.56258,-0.50121,-1.1637,-0.43922,-0.14297,0.14157,-0.12902,-0.8571
-1.7322,1.2719,-1.6042,0.30685,1.1141,-0.19671,-0.43556,-0.051686,-0.21724,2.1668
-1.1416,0.055363,0.026679,-0.33099,0.96168,-0.0038004,1.0701,-0.17553,0.78467,2.6381
0.46986,0.26325,-0.73486,-0.61298,1.1711,-0.19298,0.35523,-0.58866,0.27918,0.97994
0.35139,-0.89491,0.31199,-0.58992,1.7249,0.6749,-0.030937,-1.212,0.022258,0.24946
-1.161,-1.675,-2.2023,0.96612,0.25828,0.33551,0.95793,-0.18475,1.7574,-0.92031
1.1257,-2.3246,-0.81558,0.074626,-1.4233,-0.18721,-0.55935,1.7855,-0.19423,-0.10885
-0.066739,2.0092,0.48949,0.70559,0.31747,-1.0242,0.12113,-0.95319,0.74086,-0.14483
0.14169,0.59549,-0.96652,-0.55203,1.9997,-0.19109,1.3638,0.16464,-0.79424,-0.034724
0.10928,1.4858,1.4294,1.9324,2.2072,-1.4026,0.93395,0.48122,-0.71249,0.94985
-0.54997,-0.1468,0.74528,1.5317,0.44779,-1.7303,-1.129,-1.8238,-0.72912,0.46787
-1.8313,-1.5618,-0.82714,-0.1987,1.0928,-0.76432,-0.83853,-0.1443,0.22447,0.96241
-0.13088,-1.138,0.11163,1.5721,0.096299,-1.1533,0.94561,-0.64072,0.1526,-0.18856
-1.565,-1.1819,-0.035264,0.79593,-1.038,-0.79307,-1.6592,0.60888,1.154,-1.2215
-0.16467,-2.4044,-1.3323,-1.088,0.75318,-0.095213,-0.86503,-0.14895,0.69254,-1.2829
0.20735,0.68545,0.16799,-2.7515,0.15014,-1.7222,0.43952,0.26671,1.3134,-0.68696
0.19796,-0.95149,0.4095,-0.77301,-0.78816,1.3534,0.63102,-0.6289,0.21671,-0.53329
-1.3863,0.29707,1.2521,-0.58226,-0.17582,-0.60053,-1.5402,0.6703,-0.68155,0.12134
0.3666,0.14505,0.9806,0.30998,0.54681,-0.22144,-0.49785,-0.74557,0.95028,-0.24047
-1.2105,-0.66765,-1.7133,-1.4801,-0.61541,0.88904,0.47634,-1.6264,0.87687,-1.95
0.25167,1.269,0.54276,0.83779,2.5782,0.47104,0.35376,0.44643,0.27391,-0.091916
0.6032,0.31147,1.1429,-0.56074,-0.67789,-1.2099,-2.2069,0.67554,-0.88526,-1.0311
1.5984,-1.5311,-0.46509,0.10636,-0.44058,0.031542,0.28818,-1.1572,-1.4182,-0.47041
-2.0508,-0.087283,-0.79202,0.72953,1.6659,1.1767,-0.41991,0.62127,0.87087,0.98166
0.82926,0.29657,0.40258,1.1684,-0.56159,-0.45749,0.70238,-1.3368,-0.45869,-0.2298
-0.16216,-0.50196,-0.25187,0.42468,-1.8815,-0.45451,1.1719,-0.17306,0.5278,-0.21706
-0.07531,0.33484,-0.43464,-0.98541,1.3247,0.66713,0.96592,0.69264,0.16156,-0.22805
-0.5624,1.2732,-0.33204,1.0036,0.65641,-0.44552,0.76739,0.64284,1.8046,-0.88281
0.23415,0.44361,-0.44995,-0.18853,1.4513,-2.3287,-0.37122,-0.54943,-1.3477,-1.3392
-0.25862,1.1035,-2.1041,-0.51262,-0.52514,0.71328,1.1688,-1.6757,-1.6279,-0.44055
-0.61876,1.9213,-1.0832,0.37875,0.20178,2.4189,0.067376,1.9011,-0.32629,-0.32914
-0.53861,1.663,0.44063,-0.061762,-1.1795,0.093759,1.5927,-0.74864,0.15679,-1.1106
0.61628,0.35132,0.019862,-0.95746,0.95941,0.23299,-0.72494,-0.56952,-1.6972,-0.02523
0.49163,1.6306,0.77682,1.1813,0.57719,0.66882,1.9443,-0.46147,0.64988,0.057318
1.1006,-1.5362,-2.2323,-0.049912,-0.68415,2.073,0.15426,-1.7605,-0.74464,-1.6514
0.36294,0.039289,1.7073,0.2772,-1.2291,0.84177,-0.72889,-1.1236,0.71873,0.19729
-0.14589,0.63067,-1.0827,-1.7199,0.98643,-1.0749,-0.030188,-0.51291,-0.38893,0.99928
-1.1384,0.3404,0.51054,-0.47879,-1.0274,-0.89614,2.551,0.34729,0.030695,-0.69625
0.31478,-0.2718,-0.3123,-0.22399,-0.054961,-0.88513,-1.4932,1.1924,-0.44815,-1.498
-0.30659,-2.1067,-0.25382,-0.33619,-0.44911,-1.0213,0.44908,-1.606,-1.19,1.272
0.22152,0.036512,1.3172,2.7758,-0.36032,0.85281,1.1978,-0.25545,-0.40336,-0.59027
0.87458,-1.2498,0.15318,-0.62555,-2.1112,-1.3231,-0.30377,-1.4825,2.288,-1.1413
-0.49285,-0.61838,-0.13371,1.6155,-0.71438,0.43165,0.30995,0.70845,2.013,-0.51043
-0.48226,0.83119,-2.285,3.0866,0.67979,1.1551,1.1873,0.27419,0.47207,0.0031849
-0.25919,-0.85002,-0.26805,0.11188,0.89947,-0.28539,0.15812,2.2785,-1.0083,0.89757
0.2126,0.84308,-1.2815,-0.94732,0.19056,0.48645,0.26736,1.1196,0.11743,-0.82002
2.0369,-0.76824,-0.33259,-1.5644,1.4639,0.32375,-1.8646,1.7691,1.7283,-2.6292
-0.87289,1.9464,-1.0458,0.34128,-0.74102,-0.025566,0.10918,0.97275,-0.31299,0.65534
1.3399,1.0479,0.37394,-0.97427,0.43897,0.43653,-0.24695,-2.009,-1.6517,0.61338
-0.21543,-1.1143,-0.24661,1.4229,0.36048,-0.011416,0.4656,-0.18392,0.6954,0.17893
0.8979,0.74086,-1.3185,-0.74023,-0.40342,1.2126,-0.32236,-0.14674,-1.3754,-1.7701
0.059707,2.2696,-0.44364,-0.19816,-1.974,1.8096,-1.0812,1.384,-0.20587,-0.88378
-0.53421,-2.6488,0.33036,-0.16591,-0.42222,1.6872,-0.13153,0.70353,0.048104,1.2249
-0.2592,-0.48723,-0.30216,-0.28297,-0.30905,-0.027783,0.22273,0.028083,0.25135,-0.11657
0.95887,-1.2804,-0.96741,0.80136,0.32107,0.90462,0.46799,0.55828,-0.48524,-0.14998
1.2668,0.33787,0.53279,0.5273,0.16182,-1.4023,-0.1805,-1.3177,-0.70297,-0.49
0.96102,0.87916,0.39589,-0.28777,1.384,-1.0901,-1.7666,-0.72564,-0.45959,-1.1421
-0.56376,0.1953,-0.7804,-1.3904,1.8939,-0.099191,0.017972,0.43885,-1.5563,-0.26501
-1.2888,0.0074084,-0.16707,-0.26719,-2.4807,1.81,0.78355,-0.073404,2.4613,0.32578
0.40087,0.33189,-0.50904,1.3271,-1.0017,0.80515,-0.10027,0.47899,-2.0695,-0.68046
0.52798,-1.0639,-0.93219,-0.38335,-0.53557,0.5348,1.4026,1.2317,0.08146,0.25178
-2.5126,-1.0119,-0.83528,-1.3087,-0.50933,-1.8321,-0.32751,-0.24033,-0.087516,0.1355
0.024231,0.77645,-2.0211,0.49678,-0.54371,2.4192,-1.9327,0.47064,-0.68647,0.51458
2.0956,-0.54008,0.38688,0.27422,0.71556,0.035535,0.27181,-0.26186,-0.84564,-0.08756
-0.18844,1.5082,2.8638,-1.1327,2.3507,0.29775,0.21705,1.0164,-0.55351,0.58551
-0.64419,1.0147,0.31399,1.7155,0.42274,0.7646,0.98689,-0.1665,0.33121,-1.1476
-1.0078,-0.95927,0.71492,0.31642,-0.12483,0.70175,-0.95121,-0.84103,-0.18584,0.26602
-1.811,0.37049,1.4511,0.30506,-0.79894,-0.35721,-0.37156,-0.60086,0.81326,-2.5001
-0.48944,0.72606,-1.1704,-0.24828,1.2424,-0.88865,0.40658,-2.0735,-1.9731,0.16935
0.30143,0.19439,-0.60729,-1.3466,-0.64366,1.1357,-0.4281,-0.45232,1.9088,-0.061647
-0.98391,-0.58855,-1.9629,0.36085,-0.59527,0.10731,-0.40826,-0.25214,1.0197,-2.4416
0.25347,1.04,0.75581,0.97347,-0.41133,-0.3168,-0.98531,-0.34237,-0.67625,-0.36611
0.78797,3.1086,-0.60105,-0.54585,0.22147,1.3338,1.0077,0.087473,1.0087,-1.2195
-0.5933,0.070701,-0.055321,1.1731,-0.90054,-0.89971,0.79586,-0.25736,-0.37791,0.47503
0.4922,0.52166,-2.1736,1.205,-2.1767,1.1089,-0.2802,-1.8208,0.53927,0.42305
0.56548,1.617,1.4464,-0.91251,0.86892,-0.89066,-0.072343,0.01084,-0.82583,-0.94176
-0.042806,-0.45676,0.78117,0.39024,-2.3307,-1.672,-0.64017,-1.181,-0.65141,-0.35312
1.9564,-0.8501,-0.48677,-0.89107,-0.40372,-0.12041,1.677,0.63229,-0.69036,0.24847
-1.2722,0.15671,2.8679,0.4259,0.10351,1.3166,1.276,0.83626,-0.16995,0.49865
0.27507,-2.1711,-1.3685,0.23245,-1.808,1.6684,-1.7212,-0.58949,0.71603,0.33017
-0.92674,-0.84987,-1.3121,1.8894,0.90635,2.3779,0.4814,0.73257,0.78133,0.89406
-0.72176,-0.90465,0.75858,1.1657,0.016628,0.25919,-1.7209,1.5877,-0.94591,-1.4283
0.44097,1.0178,0.89354,-0.59955,-1.5746,-1.2747,0.56294,-0.9757,0.072596,2.7907
1.0929,-0.51294,-0.55108,1.0518,1.5347,-1.931,0.12474,0.94118,1.2494,-2.1152
0.1701,-0.9029,-0.3292,0.29608,-0.50881,1.6993,-0.058955,0.21712,0.39509,0.95733
1.3048,-0.51297,-0.44305,-1.1929,-0.023663,-1.3458,-1.4909,0.55306,1.1561,-0.59887
-0.93013,-0.55601,-0.58051,0.039841,0.19641,-1.0815,-0.11998,0.23279,0.51652,-0.74199
0.33816,1.2284,-0.35165,-0.69646,2.0473,-0.22553,-0.90439,0.94721,-0.076885,-1.3683
-0.53089,-0.35976,-0.22458,0.43207,0.34959,-0.64922,0.55507,-1.3353,-1.1789,1.02
-0.75736,-0.97868,0.70001,0.02322,0.34771,-0.81127,0.8333,1.4324,1.5441,-0.38844
-2.6316,0.72349,0.94845,-1.0479,-1.8778,-0.7336,-1.128,0.84727,-0.67117,-0.041523
0.76018,0.39962,0.24222,0.80512,0.053978,0.77032,0.016321,0.94347,0.45757,1.9502
1.8749,0.76718,0.10028,0.66045,0.1203,0.34459,0.040452,-1.1021,-0.49264,1.3364
0.49964,-0.59946,-0.69615,0.09158,0.97827,-0.13652,1.2046,-0.47676,0.54547,1.591
1.3763,-1.3662,-1.4087,1.094,-1.6597,2.0819,-0.7224,0.12889,-1.5212,-1.3525
0.05898,0.27324,-0.18009,-0.90793,0.0059708,-0.82719,-1.3704,-1.5686,0.44551,-1.6447
-1.2304,-0.05493,-0.91737,-0.59964,0.35555,0.79796,1.4255,0.57465,-0.44333,1.8987
-0.87247,-0.052626,-1.4264,0.17245,-1.1781,-0.073048,-0.20548,0.27995,-1.0393,0.0001177
-0.80267,-0.47261,1.2851,0.0017222,-0.68428,-0.10709,-2.775,-0.44747,0.18012,-0.55924
1.1024,0.35454,0.41371,0.48805,-0.2556,-0.65627,1.4792,-1.2864,-0.53428,0.076803
-0.48036,0.094029,1.8416,-0.11882,0.77783,0.41954,1.6262,-1.8729,0.57347,0.62177
0.091442,-0.18252,1.1848,1.0848,-2.1757,-0.23926,1.6558,-1.0572,-0.3883,0.82657
-1.3331,-0.3585,-0.75819,1.9753,1.8177,-1.032,-1.5083,-0.3293,-1.1059,-0.46198
-0.18306,-2.4296,-1.3468,0.63495,-2.0458,-0.98393,0.028083,0.62782,0.65259,-1.0007
-1.6259,1.2287,-1.1478,0.070812,-0.16478,-1.5118,1.6162,-0.70631,0.70952,0.23551
-0.70242,0.76134,-0.75811,1.5633,-0.72173,-1.5602,-0.31585,-1.9073,1.49,0.38735
0.75949,-0.059031,-1.5688,-0.8138,-0.54695,-0.69928,-0.82381,0.47998,1.3206,0.068334
1.7097,2.3125,0.060064,1.6182,0.50222,0.36862,-0.073337,-2.1882,-0.70324,-0.3842
0.48544,1.2194,-1.1094,0.69992,0.82674,-0.27264,-1.4882,0.56028,-1.88,-0.026347
0.097238,-0.53418,-1.3685,2.0506,-0.83089,-0.85609,1.2223,-0.18686,-2.0077,-1.8137
1.0733,-1.5907,0.30917,-1.1105,-0.29685,1.2384,-0.80257,0.91087,-0.34584,0.63166
0.72802,-1.0787,0.42866,0.18179,1.736,-1.4723,0.63353,2.2505,1.2198,0.86016
-2.4489,-1.1539,0.14459,0.83708,-2.3391,0.077096,0.59694,0.11706,1.8198,-0.19989
-1.7916,0.52481,0.97952,1.8895,1.3989,0.77431,1.5834,-0.73776,1.0253,-0.53061
-0.83336,0.083189,0.35803,-1.6186,-2.0023,0.26191,-0.70586,1.5875,0.14414,0.58288
-0.87361,1.4683,0.18922,0.067827,0.89558,1.1014,-0.51124,-0.3662,-1.8824,1.5013
-1.6002,-1.1912,-1.1572,1.4435,0.15452,-0.059659,0.89057,1.9527,-0.017255,0.075361
-0.67825,0.29988,-1.2679,1.1194,-1.5905,0.79563,2.0612,1.0867,-0.36154,-0.33481
-0.93118,0.20339,-0.43716,-0.84925,0.59209,0.053121,0.20807,-0.75626,0.83155,0.71602
1.1002,-0.40841,0.56492,-0.48356,-2.2513,-0.5937,-1.3885,-1.2581,1.0739,0.30644
-0.60998,-1.2537,0.12859,-2.2949,-1.1351,1.4227,-0.38301,-0.37515,0.56392,0.41838
-1.276,1.0349,0.43723,-2.3198,1.4436,-0.051671,2.3135,1.0166,-0.78813,0.32307
-0.41627,2.0301,-0.011346,-0.38386,-1.9263,0.023213,0.95267,-1.5789,-2.6961,-1.5277
-0.68497,0.88438,1.1859,0.42829,0.81892,1.5056,0.55676,0.10941,-0.68178,1.2652
0.26216,0.67115,-1.4052,-0.11838,-0.80826,-0.51718,-0.14989,-2.1406,-1.2082,-2.6306
-0.23129,-1.2084,3.0481,2.1274,-0.82019,-1.0812,-2.997,-0.07449,0.82877,-1.9929
-1.4855,0.60935,0.089511,0.15347,0.9522,-0.29636,0.17456,-0.9463,-1.921,-1.0285
0.58032,1.5005,-0.90032,0.54954,-0.80327,-0.6946,0.19833,-1.2646,-1.4959,-0.1758
-0.36395,0.87597,-0.53418,0.13073,-0.18326,0.45383,-0.45357,-0.15458,-0.43429,-0.19338
-0.60003,0.14936,-2.9637,-1.0045,0.092529,0.47053,1.6964,1.8193,-0.083131,0.23586
-0.8518,-0.28848,0.90591,-0.27883,-0.02577,-0.89721,0.57146,1.7023,-0.50825,0.78489
0.79389,0.58453,0.45684,-0.24264,0.4626,-0.87999,-0.38156,-0.6546,-0.65785,1.3107
-0.10893,-1.0158,0.331,-1.9624,-0.057398,0.47724,-1.1289,0.25199,-0.022235,-0.78656
-1.5528,-1.3922,1.8665,0.2299,-0.82208,0.0016674,-0.60376,-1.0861,-2.0746,0.817
2.1708,-1.6931,0.76986,-0.2356,1.3213,-1.0922,-0.95522,1.9029,0.36725,1.2118
-0.3417,-0.29527,1.9305,0.56272,-1.0558,0.065532,-0.19888,-0.87271,-0.30484,0.82259
0.27106,-0.84449,0.51595,-2.0494,-0.65419,-0.15247,-1.5382,2.1762,-0.025628,0.70651
0.35483,1.2027,0.96907,-1.3647,-0.89472,-0.98444,-1.0497,-0.22533,-0.47098,1.2248
-1.3065,-0.1689,1.4312,1.5909,2.2167,0.32082,-0.39,1.6499,-2.0522,-0.52057
1.2211,0.83211,0.94559,-0.093169,-0.0026419,-1.1429,1.203,-1.6315,1.2576,-0.79774
0.25112,-2.2296,-0.28809,-0.87668,-0.94934,-0.19487,0.65176,-0.62396,0.51512,-0.69646
0.14365,-0.62647,0.15151,-0.67808,0.61758,1.4221,0.83055,0.014394,0.22999,-0.14565
1.3506,-0.95545,-0.61451,1.8519,-0.012865,-0.74365,-0.51067,1.6909,-0.44188,-1.032
0.1591,0.8016,-0.7294,0.27375,0.0039168,-0.72455,0.45054,0.047349,1.5208,1.4699
-1.7223,0.49347,-1.2712,-0.72951,-0.06541,1.645,-0.333,0.35673,1.2262,1.2369
-0.01606,2.889,-0.30144,0.37859,0.40036,-0.063017,0.4407,0.5923,-0.3313,-0.092174
1.167,1.9846,0.11504,-0.1187,-0.34253,-1.3544,-0.7881,0.025675,1.7727,-1.4065
1.2126,1.4732,-1.6562,0.51289,0.16901,1.195,0.022072,-1.1082,0.62465,0.45807
0.26468,-0.41145,0.1679,0.66457,0.14594,-0.59684,0.51497,-0.48474,0.41946,-1.0488
-1.6935,-2.7135,0.16778,-0.81768,0.12973,-0.077468,1.3433,0.84002,-0.58731,-0.70789
1.0964,0.58968,0.17101,0.031958,0.04782,0.42569,0.5826,0.22679,0.12262,0.03444
-0.057384,-0.066298,0.54849,0.1433,0.69877,0.042792,-1.905,0.26414,1.2614,-1.1915
0.19189,-0.28515,-1.5141,0.13524,1.0442,-0.47191,-0.66921,0.68198,0.17063,0.18695
1.2813,1.6935,-1.51,-0.3124,0.92432,1.4808,-1.2765,-0.078574,-0.84191,-0.50339
0.40276,-3.0529,0.5879,0.25285,-0.32193,-0.46637,1.6924,-0.41532,-1.5907,-2.0407
-3.7222,-0.50286,-1.5684,0.58048,0.47037,-1.8932,-1.0754,-0.89186,0.72178,-0.012847
-1.6637,-2.0731,-0.055279,0.052452,-0.86758,-0.61147,-2.3866,1.0199,-0.98354,0.25555
-0.82801,-1.2731,0.33065,0.2287,0.026644,0.60122,0.13911,0.26057,0.58747,-0.048687
-1.2913,0.40675,-0.59915,-0.52484,0.36317,1.4731,-0.47357,-0.4077,0.57117,-1.7939
0.15346,1.0017,-0.5541,-0.086925,-1.5462,0.30218,1.4591,0.4228,-0.42309,-1.1032
0.15196,-0.29812,1.624,-1.9483,0.55845,-0.57867,-1.4701,0.32064,0.71732,1.3035
-0.69311,-0.83469,-1.1963,0.81964,-1.6263,0.40228,-0.42779,1.5695,-0.16823,0.31082
1.1695,1.6493,1.1027,1.5002,-1.4443,-0.33137,0.56496,0.52657,0.22648,0.49342
-0.78808,0.46649,1.0439,1.1065,-1.3771,-0.027173,-1.3581,-0.14647,-0.98667,-0.014505
-0.34559,0.93053,-1.193,-0.45456,0.34736,-1.6128,0.22281,-0.71063,-2.6074,-0.15464
-0.66738,1.11,-1.3715,1.1201,0.54559,0.20238,-0.81803,0.073156,0.2347,0.6452
-0.89646,1.3409,0.61821,-0.18495,0.38587,0.28694,-1.6382,-0.13865,0.67257,-1.5805
0.054617,2.5729,-0.94043,1.0323,-0.93513,1.4594,0.32679,0.81287,1.3416,-0.43135
-1.3942,0.75233,0.41129,-0.14567,-0.284,-0.66864,-1.6322,-0.92277,-0.75397,1.5833
-0.31219,0.70798,-0.18784,0.59424,0.4672,0.15389,0.36103,1.3069,1.2962,0.5174
0.83032,0.36913,1.1412,0.41014,1.1849,-0.47217,-0.22309,-1.2414,-0.57163,-0.68383
0.81378,0.59675,1.0854,-2.1895,0.49681,1.77,-0.61625,1.2146,0.34845,0.23668
-1.9461,-0.019997,0.12026,0.55859,-0.12054,-1.1922,-0.45294,-0.07275,-1.3683,1.3407
0.40672,0.0085954,1.2807,-0.63542,-0.6811,-1.833,-0.67824,0.67631,1.2356,0.96889
-0.45798,0.24476,-0.62361,0.16995,-1.9184,0.011609,-0.15747,-0.72015,0.58194,-0.7852
0.45054,-2.2757,1.0101,-0.79497,0.45685,-0.19933,1.9386,0.42112,-1.2799,-0.49806
0.17212,1.2097,-1.7619,1.8261,-1.6724,-0.56883,-1.1646,-0.020067,0.76402,-1.5659
-0.31608,0.69999,0.36285,0.51266,-0.29066,-0.39615,1.0235,0.28671,0.91954,-0.50626
-0.013316,0.3136,-0.17414,-0.92214,0.41884,0.18687,0.68601,1.4462,-0.28733,0.36206
0.6079,0.82207,0.43813,0.66034,1.6655,0.0049706,-0.83781,1.4228,-1.0448,-0.24138
0.72602,-0.54588,0.19652,0.34832,-0.27286,-0.34146,-0.088223,0.10283,0.62298,-1.1684
-0.74969,-0.96681,-0.30134,0.94951,-0.56164,0.077496,1.1658,-1.5191,-0.45455,-2.0217
-1.3274,0.60271,-1.3044,-0.83902,0.66556,0.91812,0.70958,-0.33229,0.004458,-0.77887
-0.41905,1.1538,-0.59477,-0.73911,-0.37753,-0.43022,-2.0765,-1.0849,0.78461,-2.4829
1.02,0.57568,-0.66374,-1.0591,0.61393,0.73336,-3.3767,1.1808,-1.4191,0.24597
0.34281,-0.29768,-0.6122,-0.64732,-0.56102,1.123,0.082656,1.4236,-0.3763,-0.019828
0.394,-1.5261,-0.21468,0.85846,1.4686,-0.79062,0.74201,0.42,1.5569,-0.99492
-0.44253,0.92287,-0.23709,1.8071,0.43677,1.0068,-0.4643,-0.13524,1.8401,0.52727
-0.76566,0.58898,-0.68027,1.3242,0.037887,0.15296,-0.14466,0.7965,-0.45494,0.34146
2.077,1.3635,1.3721,-0.85663,1.5183,-1.2355,-0.10659,0.0059445,0.40925,0.051955
-0.10517,0.52945,-0.58013,-0.66642,0.36577,2.8465,1.7417,0.47884,-2.1161,0.66641
-0.033247,-0.38091,-1.3678,-0.21616,0.83061,0.74419,-0.95662,-1.5022,0.3923,1.2417
-0.2737,0.4791,-0.1967,-0.50987,0.80458,0.4053,0.80937,-0.39161,0.99288,0.24535
0.069715,0.23098,1.8655,1.1318,-0.26274,-1.2846,0.19614,0.070041,-0.43619,-0.41497
-0.31951,-1.4222,-1.9837,-0.65691,0.45407,0.54164,-0.30503,-0.43408,0.60227,0.054689
-1.0442,-0.39391,-0.77306,0.39495,-0.60401,-0.70203,-0.82826,-0.33948,1.2104,-1.3812
0.49294,-0.62851,-0.77763,-0.19061,-0.98542,-0.85237,2.0159,-0.054127,-0.52854,-1.0265
1.4398,-0.51178,-1.9694,0.66063,0.9325,-0.63752,1.1467,-1.5025,1.5884,-0.24208
0.18487,-0.27058,-0.58023,-0.34034,-1.8159,-1.1078,0.66911,0.47285,0.024044,-0.43849
-0.74415,-0.93411,0.32846,0.58424,0.62438,-0.48606,-0.57387,0.68944,0.28579,-1.071
0.056428,0.24481,1.6174,-0.84888,0.48386,0.033609,-0.73896,-2.1622,-1.3341,-0.92611
1.0203,0.33089,-0.36049,-0.77683,0.35405,1.0988,-0.82497,0.084877,-0.35583,-1.1697
1.7831,-0.42252,-0.19782,-0.44216,-0.2656,-0.60254,0.1199,0.73481,1.6746,-0.92087
-1.4052,-0.41229,1.0508,-0.11525,0.66879,0.4113,-0.3374,-0.27719,-0.4023,-0.88091
0.11401,1.8622,0.17377,1.0526,-0.077839,0.076366,0.74504,-1.688,0.12378,-1.1105
-0.43328,1.4065,0.31115,0.2537,0.42532,-1.7118,-1.7899,1.0941,2.4554,-0.48161
0.5446,-1.0813,-0.38581,0.18458,-0.083308,0.7522,-0.80597,0.22396,-0.28188,1.185
0.16892,0.60636,2.0357,0.3606,-0.15589,-0.22371,0.148,1.3937,0.85549,-0.072036
-0.58863,-0.47759,1.7855,-1.2679,-0.39738,-0.83707,-0.58282,0.72556,0.21989,0.13763
-1.8072,-0.37942,-1.1847,-0.12399,-0.22181,-0.46293,-0.28738,0.91858,1.8329,0.33403
-1.2142,-0.74907,-0.226,0.60549,0.37986,0.87609,1.8096,-1.058,-1.6039,-1.1951
-0.6064,-1.4851,-0.25919,-0.44113,0.34463,1.1438,1.8702,1.0257,0.15271,1.4487
-0.2737,1.1905,0.96373,-0.69632,0.64656,1.2303,0.22462,0.081353,-0.16505,-0.31763
1.1757,-1.9303,-0.52987,0.59914,1.2534,2.6843,-1.6578,0.28008,-0.45355,0.66134
-0.59457,-0.12291,0.664,-0.49599,-0.40609,1.0829,0.84317,-0.5869,1.0005,1.378
0.37203,0.22576,-1.3068,-0.10668,0.16314,-0.1352,-2.0827,-0.25548,-1.0088,-1.4822
0.90582,-1.6586,0.071215,-0.33437,0.35224,-0.45831,0.7392,-2.1631,1.9771,0.25272
0.23166,0.84436,0.40316,0.94434,-1.4872,-0.72914,-1.2192,2.5368,-1.2597,-0.12328
0.084798,0.19535,-1.2914,1.0107,0.096619,-0.0054185,1.3895,-1.8706,-1.5293,0.71196
-0.61055,-0.1812,-0.4568,-0.26384,-0.058765,1.2787,-0.67385,-0.91395,-0.91228,0.48698
0.84132,-0.51518,0.94867,-1.2009,-0.87414,-0.5021,0.038918,-1.3576,0.089742,2.0622
1.6286,-0.29578,2.1143,0.44991,1.8049,0.12277,0.52916,-0.004256,1.2384,-0.35017
0.47554,0.64384,0.42864,-0.32939,-2.3147,-0.63831,-0.023162,-0.69196,-0.13323,0.0027085
0.30731,-1.8825,0.19064,1.4647,-0.18928,-1.5048,1.4924,0.6034,0.84307,-1.7162
0.23537,0.46141,1.4044,0.74675,1.5152,-1.4189,0.71869,-0.8401,-0.004771,0.8383
1.034,-1.432,0.33913,-0.84865,-1.7165,0.28816,-0.27529,-1.1135,-0.29767,-1.1124
-0.3309,-0.10698,-0.83825,-0.53807,-0.51002,1.1928,-0.013593,-0.23549,0.051213,1.5663
-0.51219,1.1141,-0.15301,-0.79038,-0.14456,1.5131,-0.90199,-0.97832,-0.53835,-1.3419
0.53186,1.0383,-1.118,0.93802,-0.27222,0.44688,-0.18683,-0.47545,0.34631,-1.1019
-0.30648,-0.89086,0.44948,-1.1459,1.0448,-0.00010468,2.2796,0.24518,0.058893,0.92898
0.89182,0.30692,0.59367,0.80391,-0.91275,0.25438,2.5024,0.13019,-0.83511,1.1231
-1.4639,-1.2781,-0.61349,-1.4127,0.15306,0.017942,-3.0964,1.3338,-0.6525,0.81662
1.3264,-0.070951,-0.75169,-0.82086,0.11951,0.41615,0.22638,0.40704,0.37938,-1.1591
-0.73062,1.2713,1.0858,0.36389,0.11764,-1.0662,2.0985,1.3349,0.17771,0.6359
0.23855,-1.8636,-2.1919,-1.1429,2.7916,-0.7829,0.69448,-0.90811,1.2857,-1.0778
-0.46788,1.743,0.88912,1.1556,-0.53507,0.18481,0.35927,0.22629,0.56098,-0.87065
0.71357,0.72672,-0.72252,1.0097,1.4899,-0.34094,-1.1465,-0.91029,-1.5604,-1.0062
-1.4175,-1.3273,1.7863,-0.8138,-0.13821,-1.881,0.6129,0.2156,-2.0554,0.053719
-1.0673,1.78,0.64066,-0.2081,0.81975,-0.17088,-0.23337,0.81457,0.0050492,1.5881
1.6324,0.64987,-1.0215,0.14086,2.1933,-0.71241,-1.6158,0.56116,0.14521,0.2216
-0.97539,0.90243,-0.91676,0.2162,-0.29232,-0.020621,0.45223,-0.4334,-0.014564,0.53839
-0.69836,0.30364,0.82036,-1.5075,0.50948,-0.70037,-1.5885,-1.4996,-0.24124,-1.0096
0.062317,-0.044154,-1.3052,-1.5572,-1.4025,-0.53062,0.77979,0.10067,-1.0412,0.51926
-0.7987,1.164,0.29753,0.015298,1.9048,1.0568,1.0944,0.34262,0.51005,-0.012482
0.14671,-1.1468,0.017597,-0.052266,2.0491,-0.35608,0.21397,0.094658,-0.53659,1.5169
1.1759,-1.7076,-1.236,-2.4317,-1.7894,-0.81837,0.14161,0.41285,-0.36017,1.0939
0.068684,-0.19749,0.66429,-0.36772,0.51328,-0.87964,0.68787,-1.1272,-0.24589,-0.39597
1.7262,-0.045875,-0.2053,-0.15665,1.1949,-0.16921,0.92564,0.10612,-1.3218,0.080098
-1.4497,-1.001,-0.029571,-0.43078,1.3316,-0.35335,-0.47829,0.56589,-0.49841,-0.97342
-0.28464,0.22688,-0.049041,0.32957,0.64303,0.68583,-1.0414,-0.51325,-0.12792,1.2799
-0.87404,0.69851,0.74545,0.31277,-0.16708,-0.36775,-1.0142,0.067743,-0.9968,0.52624
0.3685,0.96544,-0.21799,0.90445,0.34469,0.76852,-0.17959,-0.94668,0.26452,0.18862
-1.2617,1.3141,0.91498,0.0061522,-0.94392,1.7164,-1.8567,2.1771,0.56777,1.3015
-1.7596,-0.16566,-1.197,0.51493,0.25757,-1.1239,0.86496,-0.35868,-0.026437,-0.0072139
-0.39353,-0.46646,-0.0040215,-0.47283,0.67775,0.33674,-0.051073,-1.0164,-0.13264,-0.63414
-1.815,-0.14084,-1.0825,-1.6374,-0.31487,1.1457,-0.2593,0.71491,-0.2138,0.11249
-0.89811,-0.41449,-1.4321,0.70626,-0.0058195,-2.6698,1.406,-1.7883,2.4405,-0.10459
-0.5473,-0.085291,0.65419,-1.0094,-0.15374,-1.3354,0.059847,1.3099,0.096216,0.19105
-1.6704,1.018,1.953,0.056472,-0.46016,0.58169,1.9536,1.6026,-0.23733,1.3841
0.56392,-0.088556,0.36487,2.1756,0.56859,1.0031,-0.9823,0.38513,0.97819,-1.0812
0.30561,-0.0026913,-0.50083,1.6432,-1.5169,0.6533,1.0193,0.067928,0.55784,0.80059
-0.62715,-1.424,0.20081,1.1095,-1.4912,-0.41123,-2.6656,-0.58842,-0.82988,-0.68618
-1.3923,-0.91996,-0.11748,-0.95351,-1.9049,-0.80023,-2.5273,-0.20939,-1.1113,-0.60962
-0.2753,1.9582,1.292,0.56828,0.066791,-2.233,-0.60665,-0.061601,-1.241,-0.96471
-0.16785,-0.45269,0.53739,0.28423,-1.1548,-1.1201,1.2067,-0.5721,0.86054,0.67935
-2.1729,-2.2467,0.18144,0.7372,-0.45725,-0.23153,0.96561,-0.28558,-1.5661,0.092787
1.3074,-0.24478,1.1214,0.83442,1.307,2.8581,-0.26422,-0.7973,-0.55141,0.71528
0.43553,-1.2233,1.6882,-1.5861,-1.0849,0.058425,-0.41312,0.015859,0.98935,-1.3341
-1.7535,-0.73666,0.30409,0.0045451,-0.60384,-0.37072,-0.76417,-0.51776,-2.1884,-1.0865
1.9781,0.45613,-0.65685,-0.16054,-1.0813,2.0602,-1.1804,-0.46906,-1.5403,-0.44766
-0.15355,1.4032,1.4765,1.7486,-0.75084,0.65385,0.051588,-0.030908,-2.2055,-0.26862
-1.4734,1.1844,0.17549,-1.2069,0.21284,0.34062,-0.54297,0.16272,2.1914,1.535
-0.92604,-1.6981,0.70739,-0.97826,1.976,-0.94495,-0.86789,0.10073,-0.99135,0.35663
0.26271,1.7556,1.0227,-0.4413,0.088429,-0.012374,-0.18586,-0.43767,1.1784,1.3813
-1.4398,-1.6619,-0.50866,0.72429,-1.1392,-0.751,-0.38403,-0.67835,-0.90234,-1.8123
-0.47354,1.7208,-1.3173,0.29276,-0.32591,-1.1031,-0.71351,0.024401,-0.0714,-0.34199
-0.10151,-0.89146,-0.26084,0.28158,0.11624,1.2126,0.016734,1.579,0.32112,-1.6183
-0.42497,-0.25264,1.6147,0.62459,0.12447,-0.018692,-2.0048,0.1896,-1.1708,0.018068
0.20367,2.687,-0.3143,-0.38768,-1.191,-1.1303,-0.6353,0.6794,1.7273,0.53434
-0.71201,0.62372,-0.18117,0.85035,-0.84999,-0.91338,-1.8047,-0.81954,-0.68649,0.55001
-0.25052,1.8775,-0.90311,-0.92404,-0.062638,1.2334,0.4157,-0.0048651,-0.26836,0.96362
0.19073,0.26959,0.94199,0.36691,0.36224,-1.8382,-0.24503,-0.042201,0.47317,-0.85056
-2.2201,2.4459,-0.18291,-0.13455,-0.67816,0.43816,-0.85912,1.2657,1.6765,1.5699
-1.9182,0.24513,-0.96503,0.30721,1.3099,-1.6911,-0.38481,0.62143,0.83384,1.4216
-1.0671,-0.34137,-0.091848,0.1208,-1.1328,-0.14577,0.13382,0.58636,2.338,-0.52474
0.079854,-2.1346,-1.8794,-0.40001,0.53772,-0.25025,0.99414,0.2963,-0.13023,-0.53137
0.20279,1.3318,-0.49835,-2.5595,-0.8635,-1.2428,-1.1159,-0.16187,0.72838,-0.63645
-0.73112,0.50028,0.076788,-0.47854,2.5937,-1.4961,0.44325,-0.15017,0.54639,1.2705
1.3124,-0.24796,-0.045971,-0.44807,0.2703,0.062905,0.89634,-0.13235,-0.78164,-1.1552
1.133,1.7016,0.96437,0.0083516,0.72751,-0.53363,-0.54122,0.66054,0.44039,-0.80141
-0.17711,1.7245,-1.2509,-0.96929,-0.19718,0.41335,1.0111,-0.76291,0.027865,0.26107
3.3255,-0.99039,0.031223,-0.68668,-0.68438,-0.37922,0.27495,0.74354,1.1053,-0.6515
-0.36531,-0.29583,0.52674,-0.70916,-0.55111,-0.21914,-1.2045,1.0528,-0.23245,-0.64435
0.98339,-1.3097,0.34588,0.039368,0.79724,0.62586,-0.18675,0.1201,0.046742,-0.72197
-0.063022,0.94677,0.45242,0.25468,-0.62105,0.038778,-0.050206,-0.1112,0.18549,0.45182
-1.7249,-0.27384,0.31277,-0.1212,-0.30813,-0.70488,0.57394,-0.59592,1.0311,0.87083
1.8798,0.35,0.15591,0.94987,1.5977,-0.75583,-0.86914,1.2409,-1.2843,0.68
-1.0636,-0.451,-1.4084,0.88038,0.79005,1.1925,-0.11218,0.71326,0.0028357,-1.0209
0.073731,0.93016,-0.15185,-1.5075,-0.24501,-0.69315,-0.7454,-0.3176,-1.9335,-0.25781
1.9208,0.24467,-0.011347,1.3391,-1.2533,-1.7911,-0.96025,-0.12677,1.5194,-0.005346
0.64273,0.37984,0.99891,0.012932,-0.74671,0.56848,0.25819,0.91028,-0.23736,0.18092
0.371,1.3243,0.048376,0.56827,0.52337,0.14241,0.11919,0.74097,-0.60864,0.30799
-0.14542,-0.16035,-0.62123,0.31941,-0.51432,-0.86235,0.91787,0.049016,-0.1288,2.0344
0.2452,-2.2663,-0.068459,-1.0562,1.3916,-1.6754,1.4366,0.13696,0.82408,0.68089
1.8902,0.93047,-0.72422,0.35679,-0.84324,2.139,0.53773,-0.36798,0.72167,1.9751
-0.46096,0.46879,0.17943,0.78185,0.58768,1.3282,-0.6646,-0.59879,0.34329,0.10606
-0.22154,0.51929,-0.36088,-1.2768,0.38572,1.3817,-0.43677,1.1251,-1.6633,-0.62147
-0.45558,0.53642,0.081199,0.73921,0.71597,-1.1049,-0.12695,-0.30248,-0.53817,-0.44498
-0.41205,0.8274,0.59398,0.32214,0.58562,0.11333,-1.7081,1.2907,-0.046837,0.33794
-0.17248,1.2196,-1.3625,0.36723,2.1907,-0.13569,-1.7364,-0.35614,-1.2047,-0.95083
0.61887,0.10785,-0.23929,0.57447,-2.2337,0.11004,-2.046,0.63422,-0.78388,-0.9057
0.088209,-0.68918,-0.95869,0.19974,-1.2003,0.49414,1.0004,-0.89545,0.28951,0.37959
-0.76072,1.287,0.081956,1.9818,-0.54608,-0.17243,-1.6702,-0.11833,-0.94354,-0.49847
1.652,-0.43814,0.21165,1.0436,-0.31715,-0.36917,-0.40846,-1.5576,-0.4632,1.5647
-0.86957,-0.90359,-0.30914,-1.8216,0.9248,0.25935,1.1431,0.7846,0.31533,1.0406
-0.33044,0.89328,1.4403,0.89819,1.1102,-0.19595,0.27378,0.28293,1.5824,-1.7073
0.080097,0.98926,0.76736,0.0053458,-0.31209,0.090072,0.47014,0.98553,1.0688,-0.82081
-1.6822,-0.49375,1.278,-1.1639,-1.4513,-0.22899,0.99598,0.69164,1.2618,0.1725
-1.0091,1.1085,0.97792,-1.7833,0.77586,-0.051592,0.05683,-1.9377,1.9507,0.69729
-1.2937,0.31398,1.847,0.91695,1.5158,2.4359,-0.90811,0.43967,0.74763,-0.083865
-2.6643,1.8984,0.55411,-0.83708,-0.15729,-0.83891,-1.2841,0.22849,-0.51394,0.20074
2.133,0.0099482,0.62163,0.56174,-0.049928,0.81232,0.099668,-1.7108,-0.13724,0.69289
-0.73035,-0.024167,-0.36463,0.59231,0.24948,-0.80915,0.41642,0.51213,0.014703,0.40844
0.84006,0.074988,-1.3866,0.25576,1.7168,0.53228,0.72594,-0.030647,-0.21325,0.22021
0.017194,2.2166,-0.54902,0.89614,0.020045,-2.2387,-0.97458,-0.17974,0.22738,-0.14034
-0.99414,-0.47986,0.38662,0.69058,0.79123,1.8316,-1.3052,-0.26554,0.70727,-1.6412
-0.04039,-0.233,0.85542,-1.4175,-1.4352,-0.061393,-0.77975,-1.3147,0.044049,-0.25826
0.40474,0.32366,-0.77685,0.75093,0.6856,-1.5025,-0.17318,-1.4528,-0.59892,0.30362
-1.1428,0.49631,-1.9931,1.0942,0.15483,-0.010228,0.9156,0.014573,1.8104,0.1326
1.1981,-1.0928,0.48986,-1.102,-0.5123,-0.26306,-2.8662,1.3473,-0.17504,-0.72681
1.1968,-0.52861,0.83372,0.3621,0.1291,0.82842,0.87727,-0.48139,0.97749,0.97253
-0.097376,-1.6138,-0.55841,-1.0177,0.2481,0.22413,1.7392,0.29523,0.30673,-0.88634
0.61435,-0.78802,0.8687,-0.71544,-0.079727,-0.36135,-1.6382,-1.8929,-0.74009,-0.32758
-1.2186,-0.15328,-0.23591,0.1977,-0.7483,0.78286,-0.24502,0.080391,-0.49513,-1.0009
0.57187,-0.56569,0.4789,0.70193,-0.0065589,-1.1804,-2.4048,1.1058,-0.48233,-1.3065
-0.12831,-2.195,0.22742,0.12624,0.29948,-0.47448,1.0694,-0.2067,0.54833,1.2551
1.6085,-0.23892,-0.49771,-0.34903,1.6079,-0.20566,-1.1677,-0.68064,-0.77298,0.83802
-0.95707,-1.1736,-0.92894,-0.48464,-0.88097,0.669,0.7058,1.7557,-0.4644,-0.17282
2.0115,-1.0244,-0.6712,0.38642,-0.22121,-0.22196,-0.11019,-0.17537,-2.5588,-1.5057
0.020085,0.024312,1.4819,0.15517,0.84357,0.066086,0.14438,-1.3833,1.2285,0.050186
0.44551,-0.22478,-1.3012,0.12233,0.020538,-0.11534,-0.76858,0.15339,-0.015953,-0.50565
1.4495,-0.10291,0.56849,-1.0322,-1.0013,1.4327,0.83122,0.11107,0.70166,-2.3768
1.103,0.15651,-0.34136,0.79306,1.5334,0.61842,-0.049687,-0.71309,0.5551,0.64818
-0.87586,0.17282,0.064153,1.9508,1.5658,-1.3753,0.098698,0.43036,-0.28264,-0.98079
-0.91524,-0.58114,-0.69618,1.1952,-1.6657,-0.88296,-0.49647,-0.13543,0.91091,-0.8233
-0.91482,1.0851,0.92914,-0.19531,-0.19775,-1.1038,-0.91126,0.11079,0.97437,1.4641
1.0748,1.9996,-0.29754,-1.3891,-1.8755,1.8186,-0.41506,0.15267,0.75831,-1.4558
-0.1357,-1.2964,-0.48684,-0.64509,1.9694,-0.4481,0.3317,-0.082938,-1.4372,-1.5215
-0.44471,-1.2227,-0.77952,-0.090573,-1.032,-1.1066,0.51221,0.24857,0.20974,-0.12026
0.082517,-0.18556,-0.083121,0.89735,0.23369,0.98175,0.56426,-1.4676,0.34533,-1.2461
1.0358,-2.1573,0.51151,-0.54797,0.057123,-0.81552,-0.80844,-0.15318,-0.86989,0.12033
-0.15889,-0.56944,-0.041405,0.40016,1.0553,0.053941,0.69211,-0.5497,0.56178,-0.26286
0.30928,-2.2751,1.6057,0.11986,-0.86719,-0.24095,-1.7838,-0.5078,-0.10488,0.3401
-2.3154,-0.93374,-0.038679,-0.085927,0.86117,0.90471,0.068742,-0.15326,-0.47823,0.12921
-0.66758,-1.3124,-0.925,0.5049,0.28253,-0.7692,-1.5876,-0.5168,-0.61323,1.4791
-1.0666,0.266,-1.0209,-1.0715,-0.66768,-0.011002,-1.1862,0.35016,1.3279,0.67448
-0.63916,-0.3828,0.22537,-0.037824,-2.1642,0.57968,0.50106,-0.59033,-1.524,1.5933
-0.76197,0.3448,1.2588,-0.36285,-1.8264,1.1974,0.74889,0.11665,0.5548,0.70777
-0.42211,0.79693,0.33002,-1.0819,-0.076245,-0.79805,0.62706,-1.1687,0.81351,-0.6963
