-0.49133,0.93182,0.25623,0.94802,1.2937,0.10725,-1.7057,-1.6734,-0.045139,0.052421
0.65775,-1.1805,0.22751,0.67273,1.6897,-1.4786,1.6724,0.17613,-0.38852,0.45581
1.4361,1.1751,0.18873,0.26177,0.10772,1.6125,-0.083643,0.75055,0.46807,0.12857
-1.535,-0.23444,-0.83879,1.1717,1.1067,1.5252,1.7259,-1.0334,0.65549,-1.2611
1.7528,1.3002,-0.50871,2.1662,-0.32662,-0.79891,-0.25486,0.89917,0.51554,-0.76262
1.2831,1.0852,0.31343,1.2565,-0.84432,1.0386,0.5213,0.74303,-0.9695,0.87462
0.093642,-0.45225,1.958,0.87991,0.68213,0.14989,1.0519,-0.07444,1.0024,-0.55791
1.5801,1.8315,0.97297,0.36121,0.34005,0.12388,0.72224,0.32642,-1.365,0.22951
0.24478,1.1523,1.052,-1.5403,-0.54081,0.70199,-1.2348,0.26138,0.19146,1.0413
-1.0203,0.28881,0.7419,-0.20568,-0.1779,0.24274,0.26739,0.61403,-0.027404,0.80628
1.1278,-0.42627,-1.409,-1.3312,-0.79301,-0.031108,1.2569,0.047741,-0.57949,-0.4024
2.2325,0.32004,1.1657,-0.61903,2.4064,-0.91456,1.2902,1.1412,-2.0957,-0.22067
-0.77425,1.6424,-2.729,0.63174,-1.0952,-0.99852,0.018829,-0.72187,-1.1182,1.9351
-1.0015,-0.78934,-0.34754,1.7378,-0.08114,-0.052716,0.90363,2.7385,1.7777,-0.37665
1.1383,-0.92502,0.60161,-2.5254,0.18545,1.6116,1.1506,0.016581,0.46595,-0.052321
-0.023952,0.34886,0.19188,-1.1904,0.19224,-0.12022,-1.2508,-0.93765,1.309,-1.3153
-1.3638,0.44174,0.49008,0.27018,-0.15596,2.137,0.86332,-0.47275,1.1593,-1.628
1.2363,0.79434,-1.0288,2.412,-0.93924,-0.13742,1.4671,1.2942,1.7958,1.3951
-0.15408,0.56734,-1.1259,-2.1405,1.2588,-0.28614,0.031914,0.82788,-1.1771,-0.42826
-0.79521,-1.0199,-0.0024763,-0.023521,-1.0846,0.8823,1.5918,0.3148,0.92218,-0.53994
-0.58157,2.1632,-0.39079,-0.10814,-1.6071,0.25028,0.35278,-0.17285,-1.0623,0.59893
-0.49766,0.73865,-1.1645,1.5083,-1.7309,-0.90609,1.259,-1.2969,0.51793,-0.47986
0.93743,0.3989,-0.82553,0.29504,1.3667,-0.87676,-1.044,1.1036,-0.96989,0.25312
-1.1557,0.52137,0.15098,-0.62801,-0.37089,-0.039844,0.65531,-0.27347,0.90112,1.5927
0.46922,0.55997,-2.0369,-1.4433,0.25037,1.0553,0.78627,-1.3696,-1.9083,-1.8515
1.0044,0.86321,-1.5254,-0.74223,-1.476,2.0607,1.2111,0.73048,-0.56764,-0.40409
-0.85984,0.59881,1.0471,1.3142,-1.2951,-1.0919,1.03,-0.39444,1.6279,-0.46805
0.33439,-0.45306,0.0295,0.71321,2.2422,-0.51918,-0.79688,0.87164,-0.010894,-0.051237
-1.6535,-0.81081,2.4644,-0.32656,-0.28729,-0.65881,0.3879,0.93045,-2.2201,1.3021
0.69688,-1.5015,0.4467,-1.6162,-1.2411,0.51104,-0.74524,0.36444,0.26941,-0.46662
-1.1222,-0.98895,0.68075,1.341,0.74679,0.10339,-0.045348,1.2096,-1.3384,-0.077368
0.80636,-0.71425,-0.77077,-0.48858,1.4533,-0.28458,-1.3268,0.95948,1.3957,-0.25102
0.43357,1.5805,1.5285,0.59403,-1.6167,0.42211,-0.58282,0.017098,0.85579,0.7976
-0.4114,0.95174,-0.14121,0.63722,1.3981,-1.7636,-0.28411,2.3454,-0.44226,0.13014
-1.4799,0.67133,-1.7015,0.97024,0.051114,-1.6951,1.0662,0.26843,-1.5785,1.2674
1.3316,1.3588,-1.6129,-0.045394,0.27837,-1.8664,1.604,-0.55086,-2.3509,-0.70948
0.1527,0.87481,-0.53894,2.0604,-0.053346,-0.76806,-1.4023,0.78066,1.1331,0.20488
1.6773,-0.40605,0.28601,0.07497,-0.13321,0.81037,-0.78585,0.58515,-0.038564,0.93929
0.0085651,-1.1333,-2.2865,0.8806,1.2803,-0.66005,0.43832,-0.70648,2.031,1.3617
-1.7784,0.63021,-0.77289,0.0084286,-0.53413,-1.0628,0.37122,-0.051172,0.49784,0.21056
1.6901,1.6018,-0.41921,-1.5412,1.2486,1.6421,-2.4359,1.442,-1.1937,1.0612
-0.29139,-1.6712,0.63272,-0.7594,0.10837,0.21016,-0.0019346,0.19887,-2.2347,-0.7725
0.9244,-1.021,-0.2368,-0.3787,-0.5222,-0.7308,0.59162,0.082318,0.16646,1.1844
-0.72224,-1.7237,-1.5259,0.54427,0.7062,-0.19295,-0.18797,-0.28827,-0.79926,-1.0639
0.61183,-0.84683,0.097869,-0.93147,-0.18088,0.56867,1.0426,-0.70588,0.88819,-0.93429
0.83499,-1.1019,2.1672,0.042191,-0.63412,-0.90374,0.38399,-1.378,-0.70172,0.46887
1.0131,1.6699,-0.33045,1.307,-1.065,-0.82708,0.22808,-1.1094,0.84061,1.1142
0.49905,-0.71009,0.075882,-0.44395,1.0493,-1.4291,-0.55617,0.59779,0.18922,1.0041
-0.040811,-0.97068,0.90124,-0.22319,0.68194,0.83199,-0.23448,0.14108,-0.59456,-0.82473
0.14448,0.68924,-1.091,-0.027253,1.1806,-1.0069,-0.29997,-0.53547,0.42059,-0.27165
0.30234,1.1433,-2.4563,1.4934,1.2084,-1.3417,0.1932,-0.30151,-0.5402,-0.66966
-0.73846,-1.2613,0.82714,1.4642,0.46118,-0.069092,1.33,0.16715,0.26224,-0.6341
0.55042,-0.73186,-0.55381,-0.091513,-0.516,-1.4243,0.0087293,-0.72085,-0.75965,0.88097
-1.0645,-0.65653,1.8737,-1.2975,-2.318,0.39526,0.02133,-1.8495,0.6304,0.67891
-1.9054,-0.40318,-0.99959,0.6234,-1.625,-0.6841,0.78279,1.5634,0.57474,-0.15507
0.16657,-0.11329,-0.13252,1.2239,1.3144,2.8053,-0.7066,0.058605,-1.7739,1.0003
0.19773,-0.20016,-1.5314,-1.0322,-0.76838,-0.46891,0.83091,0.46751,0.47115,0.75281
0.22074,-0.08656,-0.6436,-1.21,1.7368,-0.53897,0.27616,-1.6072,0.27799,0.91847
1.7728,0.20661,0.10742,0.10967,-2.2067,-0.099537,0.24124,0.10282,-1.4047,0.78209
1.2329,0.071665,-0.47707,0.019616,1.4924,0.7711,0.096624,0.34452,-2.0754,1.3167
1.8638,0.012992,1.215,0.21184,-0.97244,-1.6777,1.8645,0.33336,-0.16087,-0.56053
0.22035,0.77639,0.052106,-0.87585,0.38624,0.12912,-0.92764,0.98382,0.35315,0.099789
0.90864,-0.54624,-0.61961,0.51403,-0.5737,1.2697,-2.3653,-2.0094,-0.88819,0.85342
-0.59117,0.20747,1.0202,-0.10784,-0.91698,-1.1855,-0.61742,0.97426,-0.31268,-0.024923
-0.23098,0.079132,-2.0083,-0.38774,1.3371,-0.23049,-0.22713,2.7297,-1.3882,-1.5109
-1.7478,-1.8642,0.043844,1.4933,-0.35431,0.19871,1.0944,-1.3628,0.30542,-0.041055
0.069832,0.30189,0.55576,2.5963,-0.72281,-0.26382,-1.8306,-0.060705,-0.075636,0.36706
0.92698,-0.6352,0.64258,0.20615,0.0098436,-0.34854,0.49649,-0.35541,1.2207,-1.4208
-1.0582,0.15972,0.69861,0.019277,0.13712,0.30561,1.9466,1.7507,1.0432,0.39064
-0.22248,-0.51723,-0.12839,-0.44845,-2.0198,-0.096561,0.28149,-0.86348,-0.023692,-1.5433
-0.72408,1.0583,0.94882,-0.69285,-1.5771,0.83689,-0.76931,-0.86827,0.9532,0.019825
-0.80841,-0.92733,-0.013037,-1.7021,1.3353,0.1026,-0.13234,-0.72434,0.76545,-1.1906
0.90239,-1.0123,-1.9556,-0.15594,0.22552,0.83694,-2.1046,1.3645,-0.27981,0.6701
0.067267,-0.60426,-0.11133,0.38339,1.327,1.4072,0.37891,-0.62336,0.51309,-2.2036
0.73959,-0.43346,-0.79024,-0.6729,-0.71111,-0.52223,0.68208,-2.2626,-0.92515,-0.84845
0.39678,0.54545,-0.9442,-0.013221,1.1169,1.4473,1.2703,-0.88792,-0.52409,0.16967
0.93579,-0.26702,-0.37563,-0.27259,0.2868,-1.0633,0.57699,-2.0144,0.8363,-3.81
-2.2572,-1.9056,-0.77469,-0.4831,0.93368,-1.6067,0.70265,0.87894,-0.15314,0.19393
-1.0221,1.1857,-0.20083,0.60639,1.3312,-0.26445,1.134,2.4417,1.1171,-1.5798
-0.17188,-0.35367,1.3407,-2.636,0.058806,-1.2989,0.42948,-0.3665,0.60106,-1.469
0.34791,0.010261,1.2185,0.97917,1.1477,1.0696,-1.6368,1.4703,-1.7641,-0.76764
1.1484,-0.50538,1.5788,1.4699,0.56996,-0.011775,-1.414,0.31678,-0.87835,-0.84286
-0.63962,0.39152,-0.64117,-0.42834,0.47714,-0.34567,-0.27563,0.60574,-1.0018,-0.22441
-0.60495,-0.27578,0.27661,0.96093,0.20413,0.61684,0.29633,-0.14988,-0.41374,0.78043
-0.28516,-0.7393,1.9718,-0.60683,-0.15617,1.1713,0.27506,0.25987,0.10488,1.5537
0.69522,-0.53639,0.57334,-0.49985,-0.93991,0.52388,-0.98899,-0.36132,-0.10213,-0.26183
0.10643,2.4091,-1.011,-0.75614,0.57274,0.51115,-0.038659,-2.1827,-2.3563,-0.87863
1.1257,-0.10004,0.75149,-0.65592,1.0114,0.42162,-0.46226,-0.45106,0.28792,-0.39517
-0.77193,-0.43339,0.95985,-1.8526,-0.25273,-0.085111,1.1099,0.686,-0.12801,-0.30138
0.41113,-0.63053,-0.36789,0.18191,-2.915,-0.27326,-1.3224,0.045045,0.15263,-0.66106
0.38719,0.42858,-0.72104,2.0453,-0.8521,-1.0901,0.00012981,0.74304,-0.28668,1.115
-1.644,-0.33146,0.36788,-0.13601,-1.754,-1.6722,-1.1809,0.22873,-0.48283,-0.20521
0.29639,0.60939,0.75365,0.042063,-0.14629,-0.14504,-0.21809,0.1623,0.053491,0.57108
1.7397,0.29882,0.45945,0.98621,1.7971,0.50985,1.3104,0.42386,-0.41074,-1.475
-1.1978,-0.17095,-1.5886,1.0421,-1.1747,-1.3812,2.1821,-0.66302,-0.29979,0.19583
-0.63708,-0.9192,-0.27549,-0.59942,0.83801,1.0392,-0.39546,1.5144,0.79999,-0.7896
-1.0168,0.8623,-1.3995,-0.65524,0.47308,-1.4565,0.48191,1.2993,-0.67284,-0.057167
1.1291,0.73725,-1.2659,1.4887,0.48997,-0.030173,-0.54362,1.519,-1.046,-0.77853
-0.55651,-0.29492,0.75673,0.251,-0.78698,-1.6111,-0.85414,-1.5771,1.307,-1.5664
0.75136,-1.1484,-0.16124,-0.55466,-0.20483,0.63349,-0.59457,0.56297,2.1767,-0.15008
-1.6448,1.7275,0.10699,1.7191,0.40887,-0.98459,0.57466,-1.2875,-1.8238,-0.34009
-1.8226,1.3182,-0.61052,0.99775,-0.2328,-0.53779,1.1055,-0.43819,0.64377,0.33841
0.99736,1.0738,1.0498,0.60861,-0.081973,0.070563,1.0512,-0.47201,-0.69455,-0.76177
0.59331,-0.11412,-0.89277,0.41994,-0.59958,-1.6519,-0.44511,0.40054,-0.25965,0.86104
0.28007,1.3373,-1.8396,-0.73265,1.3256,-0.057495,-1.2915,1.0973,1.6865,-2.0749
0.96707,1.2045,0.40633,0.11819,0.5111,-1.3741,-2.3984,0.1458,0.95386,-0.91135
0.067591,0.25523,0.47824,0.27285,-0.41324,0.67667,-1.1733,-0.95275,-0.15589,1.2041
0.13991,0.025815,-0.036828,0.17549,-0.0061871,1.3067,1.3672,0.91722,-0.42486,-0.51422
-0.87489,-0.53597,2.2415,-0.24655,2.2318,-0.56831,-1.8476,0.10515,1.0589,-0.3378
0.0095056,-0.49938,0.022399,0.66431,-1.1548,1.1519,0.44691,0.1812,0.51549,-1.272
-1.1003,-1.3317,-0.41599,0.62767,0.22015,0.79381,0.72873,-0.2331,-0.012096,0.067454
-0.8907,1.7481,0.13038,-0.30647,-1.0708,1.1179,-0.35611,-0.77847,1.3322,-0.80715
-0.47723,0.77788,-0.45148,0.98002,-1.3351,-0.11848,1.0826,0.0035249,-0.7639,-0.95492
0.13874,0.31838,1.1531,-1.0988,0.10119,0.63459,0.97252,-2.0875,1.9062,-0.86428
1.6028,-1.7138,-1.4903,-0.52799,0.62733,0.16169,0.53666,-1.8304,1.9845,0.9263
0.37753,1.242,-1.1135,-0.23479,0.089599,0.42142,0.93749,0.33237,0.48331,0.24968
0.40614,-0.14918,-0.0778,0.53045,0.078191,1.6781,-0.93151,-0.90801,-1.0793,0.15003
0.54328,0.34052,-0.61574,-0.31418,-0.23131,0.27805,1.4326,0.41668,-0.035326,1.0599
1.2037,1.1068,-0.2144,0.6091,-0.057356,0.31396,-0.3166,0.61782,0.18283,-0.094374
0.58042,0.7516,-0.0079231,0.37963,0.49203,2.7779,-0.17825,-0.99438,0.53268,1.5709
0.063672,1.4978,1.3481,-0.23399,0.75578,-0.51956,0.92265,1.2452,-0.1925,0.14903
-0.43304,-1.5407,0.71946,-0.13148,-1.9412,1.1588,0.26375,-0.27338,0.20121,-0.7537
0.59722,-2.4388,-1.2293,0.65679,0.18426,0.26558,0.59531,-1.367,1.8322,-0.15511
-1.6835,-0.76307,-1.0129,-0.39743,-0.68772,-1.7582,0.2333,1.334,-1.3172,-0.83792
0.041733,0.25479,-0.35275,0.5934,0.51106,-1.3104,0.44763,1.2439,-0.12344,-0.93689
0.94324,-1.0609,2.0695,-0.44498,1.4212,1.4691,-1.582,0.96364,-0.0091648,1.7105
-0.22795,-0.427,-0.74873,2.136,-0.0049684,-2.3501,-1.147,1.1883,-1.727,-0.36305
0.57682,-0.28688,-0.50602,-0.5888,-0.24986,-1.5939,-2.2225,-0.6719,0.34777,1.899
0.17243,0.70831,-0.48739,-0.15843,0.55296,-1.1042,0.24682,0.90311,-1.2433,0.22537
0.58503,-0.50158,-0.21724,-0.51904,-1.6169,-0.53354,0.15795,-0.37735,0.70175,-1.7663
-0.49347,-0.27077,-2.4042,0.99346,0.33408,-0.77065,0.11087,-2.4674,0.013342,2.374
1.6713,0.1553,0.78381,-1.1398,0.80371,-0.70689,-1.6573,-0.46921,-1.3158,1.759
0.39661,0.44632,-1.0776,0.60933,-0.73699,0.16143,-0.2119,-0.11714,2.7309,-0.88404
0.14101,-0.86893,1.0651,-1.7028,-0.47514,2.014,0.53085,-0.74412,-0.47741,2.2601
-1.1906,-0.56863,1.171,0.32054,-0.62251,1.6866,2.8726,0.51761,-0.44003,1.0852
-0.19315,-0.97179,-1.8431,-0.66561,0.25593,-0.40054,-0.31551,0.61649,-1.2745,1.2974
-1.4456,-1.4616,1.2688,1.7517,1.4277,-0.67887,-0.20902,-1.0418,-1.0216,-0.35144
-0.28859,0.49542,-1.1401,-0.44478,0.33367,1.3333,1.0001,-0.1392,-1.0238,0.15796
-1.2291,-0.085306,-1.3282,0.23441,-0.32624,1.4442,0.68881,1.3451,1.0983,0.7046
-0.063966,0.55775,-0.38034,-0.14534,-0.73464,1.2201,-0.68853,-0.17405,0.66329,0.80361
0.15221,0.18937,-0.95602,-0.63473,-0.91701,0.30431,-0.6805,-0.26133,0.15959,0.27734
-0.48455,1.7544,-1.7925,-0.90119,-0.029695,1.3939,1.3491,0.79171,0.40056,0.3913
1.6329,-0.63118,0.58582,-0.70198,-0.15764,0.55255,0.45171,1.1179,0.26884,0.44746
1.3689,-0.23762,0.7356,1.0829,1.4912,-0.42003,-1.4768,-0.21077,0.072789,0.13023
1.4139,1.4684,0.40922,-0.30167,-0.0070299,0.35691,0.19417,-0.16898,0.50974,-1.3132
0.59073,1.0587,-0.46835,0.4566,0.094223,-0.89755,-1.2344,0.95571,1.3276,0.76891
0.78,-2.3669,0.82915,0.14903,-0.72562,-1.5306,-1.4268,-0.55962,1.8744,0.070663
-0.65724,0.92789,0.37824,0.36317,0.39949,-0.063483,0.14259,-1.9694,0.43698,1.0806
0.13181,1.5806,-0.72411,-0.38521,0.20144,-0.12224,-0.373,-0.32794,1.9154,0.024279
-1.1224,0.17097,0.61259,-0.027922,-1.5428,-0.072133,0.08621,0.062583,-0.22664,0.72934
0.23985,-0.26462,-0.92414,0.31262,-0.64577,-0.11313,-1.0882,0.75773,0.55147,1.1851
1.1422,0.33284,-1.3264,0.042324,1.0887,0.50223,-1.0592,0.094939,-1.1224,-0.1337
-1.1009,-1.1375,0.04596,0.0013513,-1.8996,-0.66834,1.1031,1.4855,-1.0438,-0.19662
-0.20888,0.5111,0.28607,-1.0944,-0.63402,-0.040459,0.09083,0.97609,-0.15129,1.7625
-1.4661,-1.3216,-1.2855,0.89875,-0.68135,1.0636,0.8116,0.25624,-0.25604,1.2134
0.60628,-0.19925,1.6717,0.78245,0.81049,-0.11643,1.7387,-0.58016,-1.4754,-1.2413
1.2308,0.72703,-0.37283,-1.8379,-1.3184,0.12816,-0.22875,-0.14889,-0.62407,-0.45168
1.1435,0.46659,0.83544,0.97231,0.61554,-1.9468,-2.4334,-0.056257,1.7316,-0.93021
-1.0257,-2.345,-0.090243,0.40933,-1.0321,0.28634,1.2475,-0.861,-1.8756,0.078085
-0.70903,-0.14755,-2.0462,0.6338,-0.45124,-0.6091,-0.17744,-0.3344,0.087212,0.51011
-0.10216,-0.61865,-1.7593,-1.5705,-2.7416,-0.073251,-1.3122,-1.7308,-0.82683,0.63057
-0.39512,-0.4323,1.1182,0.012703,1.1954,0.78275,-0.95632,-1.3522,-0.22036,1.3072
-0.52755,-0.20355,-1.0106,0.69804,-0.96897,-2.5549,0.37741,-0.23317,0.29987,0.13602
-2.5245,-0.70635,2.3606,-1.9053,-1.3404,1.7172,0.40604,0.71701,2.6798,0.109
0.63668,-0.3499,-0.0022111,-1.156,0.029866,0.83397,-2.0342,-2.0112,0.024552,0.58758
-0.23442,-0.58631,0.96711,0.49955,-1.3183,-0.31153,0.56785,0.33294,-1.1199,1.153
0.69336,-0.42069,-0.36087,-0.35528,-0.96252,-0.92893,0.14403,-0.42257,1.0562,-0.050641
0.26453,0.79795,-0.76146,0.23831,0.17852,-0.78335,-1.1699,-0.52656,-0.13748,0.050626
-2.9785,-0.041625,1.1161,-0.81402,-0.17285,1.308,0.1909,0.31694,0.71971,1.4621
-0.30131,-0.61497,-0.84571,0.79202,-1.9761,0.2875,-0.02497,1.2708,0.18419,-0.2927
0.78608,-0.30869,-1.8841,-1.3529,1.3293,-0.18504,0.69467,1.0835,0.36915,0.0034106
1.0452,0.63914,-1.5955,-0.52685,0.11547,-0.53973,-1.0174,1.3687,-0.081117,-0.41031
-0.31722,0.6669,0.92996,-0.065079,-1.3136,-2.5233,-1.6572,-0.60418,-0.7574,-0.046335
0.52052,0.67526,-0.37316,0.74621,-2.4127,1.713,-0.51033,-1.6992,-0.50319,-1.4857
0.23798,0.60679,0.49372,0.17962,-0.48308,0.013905,-0.85363,-0.24739,1.1134,-1.7972
0.92187,-0.42142,0.46815,0.52306,0.93915,0.60073,0.31167,-0.94868,-1.13,-0.84399
1.9636,1.0587,-0.89865,-0.1112,-0.52777,1.0536,0.23462,0.8307,-0.86654,0.86857
-0.91144,-2.3408,0.10667,3.0418,0.60821,0.92396,-0.80682,-0.34112,-0.54414,0.73106
2.0999,-0.37398,0.76491,-0.88524,1.7115,-0.82005,-0.30982,-1.1088,0.83378,-1.172
0.21446,0.18004,-0.12684,-0.62679,0.27255,-0.48808,0.72872,0.31558,1.2892,-0.79801
-0.79903,1.0232,0.21704,0.55981,0.22555,-0.5125,0.56603,0.41072,-0.32568,0.3224
-0.81034,-0.17416,-0.11381,-0.14933,0.41356,0.76562,0.078079,0.97557,0.72645,0.46859
0.11777,-0.098028,0.91512,0.43871,1.04,-0.13056,0.1147,-1.3353,0.90082,0.30986
0.13802,0.47584,-1.058,1.3393,0.90501,-1.4019,-0.68732,-3.4497,-0.39425,-0.67546
0.41091,1.6001,0.98146,1.3798,1.2115,0.37075,0.42681,0.27863,0.63244,0.43816
0.82701,-0.65135,-1.0032,-0.66129,-0.096604,-0.68578,-0.48579,-2.4353,1.2958,-0.0054406
0.36159,-0.073851,-0.72009,-0.40977,-1.094,-0.43946,1.5842,-0.037484,-0.69825,1.1876
-1.0245,0.37982,0.059569,0.36551,0.82868,-1.6225,0.83313,0.2071,-0.72153,0.65384
-0.69016,0.52248,-0.81616,0.93834,-2.0694,0.92915,0.16685,0.29912,0.18903,-0.51536
-0.75889,0.22336,0.44696,0.47326,-0.76795,0.2253,0.78824,-0.20351,0.31152,-1.0671
-0.59045,0.69325,0.80309,1.1918,0.72205,-0.16817,1.6165,-1.4995,1.1638,2.2719
0.35515,-1.2358,1.567,1.846,0.031148,-1.2742,-1.5514,-0.62102,-1.1417,0.37091
0.34072,-0.17182,1.0528,-0.7485,2.0971,-0.70615,0.41289,1.8849,2.7926,0.56954
-0.22754,-0.50066,0.75406,0.99542,-0.11786,0.64948,0.83428,-0.17987,-0.18809,1.9386
-0.99884,0.95218,0.57809,0.078842,1.6179,-1.1183,-0.61662,-0.67505,-0.29082,-1.9249
-0.32585,0.18574,0.38242,1.3484,-0.34191,0.11978,0.19696,-0.10392,-1.3265,0.9641
0.59705,-1.2816,0.14992,0.55741,-0.417,-0.00070087,0.47805,-0.23209,-0.98656,0.63895
-0.12961,0.52753,0.78065,0.30662,1.1345,-0.88242,0.84313,-0.56645,-0.66361,0.12209
1.4403,0.1062,-0.56129,-0.50257,-0.52067,-0.14527,0.49056,-2.0862,0.52561,-0.28155
-0.81839,0.50969,0.11603,0.91499,-1.7723,-2.0247,0.18624,0.017613,0.1521,0.062368
0.29418,-0.64312,2.0313,0.14619,2.7768,0.10681,1.5065,0.68057,-0.44734,-0.9878
1.1514,-0.95767,0.67043,-0.13388,1.7026,2.5113,1.234,0.074126,-0.024891,0.53249
-0.86027,0.68203,0.3429,0.70313,0.93827,0.11189,0.11287,-0.41548,1.4654,-0.22834
-0.056095,0.046811,0.18338,1.7394,0.44188,0.00026883,0.36221,0.80471,1.4586,0.52724
-1.2147,-0.36118,1.7928,-0.77747,-1.4169,0.43159,-0.65696,-1.3345,-0.12232,-0.20607
-0.9311,-1.2092,-2.4113,1.3998,-0.10514,1.3922,-1.5412,-3.0346,-0.84101,0.010529
-1.4473,-0.91704,0.12002,-1.0219,0.45673,-0.62414,0.26049,-1.9528,-0.49632,3.4828
-0.93475,0.97923,-0.49151,-0.44158,-1.0587,0.94708,0.49589,-0.45598,1.1356,-0.66222
0.36763,0.021277,-0.97209,-0.79775,0.83486,-0.016049,0.29621,-0.15851,0.43601,0.47766
-0.24015,-0.28809,-1.4132,0.19906,-1.7455,-0.80873,0.07486,-0.84161,0.14713,0.28869
0.58304,-1.1756,-0.1809,-0.24727,0.15886,0.47036,0.77389,-0.10132,0.040759,0.45078
1.0277,0.73361,-0.19902,1.1021,0.18511,0.74216,2.5239,1.8826,-0.022024,-1.1628
0.36256,-1.2338,-0.44438,0.076528,2.0297,0.23614,-0.5836,1.7434,0.15058,-1.5272
0.77548,0.19081,0.38342,-0.24848,0.57138,-1.1514,-0.76218,1.0139,-0.7409,-0.95934
0.75498,-0.65803,-0.51996,-0.42263,0.26126,0.70485,0.99845,-0.16267,1.3641,0.37301
2.3573,-0.0073835,-0.078026,0.14032,-1.1761,-0.81465,-0.087226,1.2056,1.9942,1.7637
0.7572,-0.61019,0.9523,-1.8421,0.25334,1.5175,-1.6026,0.057464,0.63217,-0.085375
-1.492,-1.5438,-1.1497,0.53691,-0.28033,0.11047,-1.8913,0.88703,0.6719,0.12933
0.29577,-0.95089,0.40345,-1.1585,-0.16464,-1.0588,0.69526,0.48959,0.99904,-0.48472
0.66741,-1.0777,-0.44783,-1.1526,-0.88275,-1.5129,0.28468,1.555,-1.0823,0.27541
0.94266,2.5754,-0.22583,0.046713,0.93072,0.54098,-1.7523,0.47914,-2.0198,-0.62914
0.81714,0.89665,0.47128,0.021264,1.3193,-1.1931,-0.7616,0.065247,-0.96118,-0.49477
-0.49191,-0.82299,0.30572,-0.60872,0.50312,0.23527,-1.0287,0.7056,2.2542,0.38509
0.027691,1.5353,0.31109,0.48739,2.6367,-2.6466,0.53475,1.1076,-1.0734,0.6817
0.3452,1.8025,0.54835,0.93027,-0.61687,-0.87525,-0.81019,0.54679,1.6091,-0.7441
0.21574,-0.49184,0.52344,0.42091,0.55748,1.3884,-1.169,-0.48657,-0.36242,1.348
2.029,-0.77725,0.9342,0.59003,-0.8217,-0.81835,0.041888,1.5772,1.546,0.50568
-1.6045,-2.5273,-0.2964,-0.27976,-0.8877,0.67526,0.89436,-1.1577,0.76053,0.71209
0.85568,-0.29771,0.64377,-0.12606,-0.90273,1.8481,0.54603,-0.60775,0.48452,0.18824
1.1864,-0.57644,1.6832,0.091546,-1.5829,-0.13288,-0.93448,-0.058645,1.8818,0.68213
-0.5906,1.6771,-0.74331,-1.2114,-0.46256,1.7555,0.075444,-0.26597,0.56783,0.3307
0.49566,-0.8127,0.14479,0.42822,-1.0465,-1.6252,0.095866,-1.4998,1.8537,0.94911
-0.089002,0.91879,0.439,-1.1324,-0.52175,-0.73829,-0.693,-0.68582,-0.40057,-0.12337
-1.0334,-1.7009,1.8877,0.21183,0.018127,1.6711,0.63254,-1.4689,1.1929,-1.17
0.10067,-0.46109,-1.2432,0.18426,0.15123,0.48639,0.9393,-0.86061,-0.69748,-0.28188
1.6681,-0.4419,1.3602,1.0911,-0.39347,-0.19789,-0.14906,0.34707,3.0433,-0.51756
-0.39915,0.23881,0.19667,-1.0978,-1.1312,-0.85158,0.28689,-1.1178,1.176,0.56754
0.62752,-0.079622,-0.67341,-0.50205,0.53669,1.3251,-0.27471,0.25219,-1.06,-0.35014
-1.1213,-1.8116,-0.76692,0.97446,1.2882,0.048953,-0.32124,-0.87018,-0.37425,1.4518
-0.92166,-0.44876,-0.60356,0.89803,-1.1788,1.1976,-0.12971,-0.31799,2.025,-0.20343
-1.239,0.153,-1.1774,-1.3485,0.96652,-0.2981,1.7958,0.21952,-1.6182,-0.4308
-1.4347,-1.5145,-0.33101,0.58241,-0.23256,-0.4563,0.68974,-2.1185,0.3117,-0.9874
-0.94252,-1.0772,-0.67292,1.0695,0.94557,-0.76175,-0.76427,-0.85254,-0.68858,1.0739
-0.89964,1.0484,1.5976,0.91699,1.4132,0.83866,-0.60589,-1.4361,-0.28422,-1.4678
-0.44206,0.51634,1.1925,0.70015,0.63293,-0.29708,-1.4207,-0.17829,0.33854,0.06811
-1.6435,1.083,0.00030318,-0.28033,-0.77837,0.27439,0.26123,0.93243,-2.4761,-1.5745
-0.50685,-0.67055,0.20546,-1.1294,-0.80987,0.21763,0.78209,-0.15786,-1.3029,-1.141
-0.77492,-2.054,0.45473,-0.2826,-0.30024,0.54274,0.32504,0.33535,1.8484,0.29981
-0.79373,-0.25493,1.0639,0.35563,0.98462,0.14069,1.4955,-1.1207,-1.567,-0.021743
-0.31684,-0.33943,0.82265,-1.4974,-1.1209,0.71891,2.2185,-2.4993,1.1222,1.2743
1.1718,0.33167,-2.681,0.44355,-0.45802,-0.22146,1.0241,1.2543,-0.23257,0.5334
-0.0047979,1.0307,-1.3159,-0.23244,0.92091,-1.1466,0.39795,0.67328,0.49284,-0.52725
0.42103,0.7246,-0.52224,0.50817,-0.042364,0.83323,1.2936,-1.0494,-0.34749,0.45497
1.5855,1.2312,0.88911,-1.316,-0.37641,-1.4993,0.66148,0.54915,-0.48334,-0.19478
0.6846,0.11344,1.0433,-0.36248,1.3894,-1.3239,3.1907,1.0668,0.23535,0.3486
0.12939,0.031565,-0.74625,-1.2688,0.23708,0.36006,-2.7878,0.73474,-0.60072,-0.22896
1.086,0.58438,0.33138,-0.71443,-0.45835,0.17945,-0.96753,-0.7129,1.4151,0.15643
2.2299,0.91478,-0.29428,-1.8295,3.1072,1.293,0.11639,0.1449,0.97282,0.04556
-0.51696,-0.2955,0.36186,1.6859,0.63537,-0.47426,2.8164,-0.51942,0.078429,0.38069
0.84837,0.8417,1.2271,-1.2445,1.6256,1.4585,-0.65619,-1.2605,-1.0594,-1.0116
-0.81399,-0.71836,-0.43062,-1.6594,-0.40477,-1.0597,0.303,-0.73484,-0.12712,-0.2733
-1.2485,-0.35098,2.0394,0.31868,0.017056,0.026491,-0.11336,-0.36104,0.2792,-1.3839
-0.67741,0.32576,-0.52343,-0.26741,-0.50136,-0.32012,0.59444,-0.27385,0.4519,0.0263
-0.073732,0.087373,-0.47265,1.7368,0.53772,-0.4328,0.8874,0.91062,0.64365,-1.9499
-1.9617,-2.4528,0.75641,0.10032,-0.66757,0.18052,0.061496,1.7876,-0.46254,0.79437
-1.5986,1.4987,-0.54311,1.4234,-0.74156,0.90849,-1.1923,-0.034131,1.1384,-0.77519
-0.057066,0.85485,-1.0923,3.1461,-0.78672,0.31685,-0.71936,-0.031625,1.5414,1.3804
0.60056,0.72261,-0.5346,0.06924,-0.33165,-0.14299,-0.076913,-0.033634,1.6203,0.15341
0.78545,-0.020607,1.1746,-0.45039,-1.8746,1.5476,-1.2813,0.74603,0.14519,0.94047
0.43734,0.098902,-0.10766,1.4475,-0.21205,1.0334,-0.24056,-0.39286,-0.35338,0.39122
-0.1798,-1.0666,-0.23522,0.52178,0.80553,-1.8167,-0.20549,0.51,-0.57386,-0.38251
0.53002,0.25487,0.59457,-0.96865,0.52543,-0.42685,-0.75855,1.5932,0.19882,2.1972
2.4929,0.5142,-0.67121,1.6886,0.26584,-0.24914,-1.47,0.70529,-0.050803,0.83786
1.9768,0.51534,1.5067,1.01,-0.44967,0.70291,-2.6404,1.6664,0.96445,0.27789
-0.059381,-0.7172,-0.84466,-0.28059,0.59161,1.3008,-0.23631,0.3899,0.67402,-0.12388
1.4144,-0.033985,1.343,0.7772,0.069598,0.31339,1.1941,-0.12655,-1.0238,1.3239
-0.62058,0.11273,1.371,-0.45814,0.56635,-0.26067,-0.89787,-0.52719,-0.68177,-0.32968
0.3508,-0.11087,-2.3914,0.11405,0.61667,0.89405,-0.14402,-0.82375,-0.87375,2.0647
0.14442,-2.0434,-0.60322,-1.6116,-0.16273,0.51769,-0.91736,-0.11842,0.71935,-0.002047
0.7633,0.59952,0.099363,0.87633,1.2298,0.85342,0.24239,-0.3227,0.073027,0.23081
-1.2149,0.3881,1.4392,-0.081048,-0.47711,1.2779,-1.7791,-1.2161,0.18298,-0.85409
0.62426,0.48476,0.39129,1.235,0.59708,0.5342,-0.94363,0.76988,-0.021274,-1.3704
0.16863,-0.49418,0.13853,0.44716,-0.2579,-0.06127,0.18469,0.033666,1.3953,-0.51879
0.32876,0.76666,-1.0788,-0.19467,1.0642,0.19589,-2.0578,-0.33642,-2.0789,-0.81859
-1.0286,-0.37809,0.24325,-0.67204,-1.5134,-1.3914,-1.2054,-0.13466,0.6034,-0.07928
-0.39358,-0.97406,0.72319,1.0732,-0.23904,-0.20208,-0.01806,1.1899,1.8486,0.17384
-1.5441,-0.93416,1.7632,-1.0832,1.1448,0.15507,1.2166,0.60751,1.2386,0.89715
-0.73386,1.2706,-0.54179,-0.69809,-0.24196,0.36722,0.17076,0.066086,2.1353,-1.0495
-0.9699,-0.63373,-0.56747,0.41226,-0.83211,0.043088,-0.011561,-0.45775,0.62988,-0.21472
-0.34963,-0.7666,0.64077,0.82101,-1.117,0.1491,-0.2257,-1.6565,-0.4761,0.40986
0.16924,0.81575,-0.68818,-0.47304,-0.76445,0.11143,0.60077,1.0284,0.77491,1.239
0.84796,-1.2258,0.61467,-0.47668,0.82914,-0.94646,0.31783,-1.3391,1.5031,-2.4652
-1.0691,-0.26257,0.11296,2.5198e-06,1.0756,-1.3401,-0.26511,-1.8435,-0.35289,-1.4412
0.29362,-0.27755,-0.98077,0.091188,0.55304,0.38201,-0.8787,1.3632,0.30967,-0.0081531
1.0865,-0.80453,-0.13864,0.56451,1.0976,0.34326,0.59873,0.24271,-0.56316,-1.0697
0.96132,0.96435,0.39682,0.43585,0.59339,1.0688,1.7088,0.13446,-0.47409,0.50194
-1.5944,0.17681,-0.75082,0.83052,-0.44359,-0.50831,1.2421,0.025457,-0.44316,-0.18812
0.73202,0.76958,-0.050977,1.0245,1.1201,-0.21104,0.15284,0.89657,-0.55282,-0.21054
-0.16877,-0.83443,-1.6028,0.53101,-0.69088,-0.42354,0.25199,0.80993,0.69777,-0.76232
1.3814,-0.37335,-0.25836,-0.62147,0.074165,2.1757,-1.5488,1.0314,-1.3231,-0.43979
0.9293,0.87953,-1.3568,1.1103,-0.22084,0.88269,0.016111,-1.3032,1.0153,0.85379
-0.34885,-1.4719,0.73249,1.0287,0.052567,1.5383,-0.67448,0.78138,0.70395,0.71927
0.26942,-0.27083,-0.20577,1.078,1.1052,0.33996,0.48498,0.20949,0.30194,-0.42429
0.51085,-0.033141,1.2873,-0.43493,-0.061446,0.91184,0.94044,-2.1646,-0.18722,-1.6827
-2.4612,0.53181,-0.87912,-0.73845,-1.4509,-0.62703,0.10731,0.68621,-0.046451,-0.38082
-0.61399,0.35187,1.6847,-0.24939,-0.16945,-0.25924,-1.597,0.23826,1.3044,-0.3839
-0.39545,-1.1447,-0.35447,1.1547,1.7352,-1.7307,-0.19444,1.0378,1.0348,-0.29869
-1.1448,-1.8123,-0.74706,0.035884,2.3797,0.70397,0.20411,-1.3885,-0.939,-0.39307
-2.2324,0.37962,-0.74882,0.8136,-1.6887,-0.2087,-0.23286,0.34595,-0.55522,-0.62066
0.84004,-0.44409,-0.70384,-0.34002,0.81781,0.76246,0.66172,-0.13246,0.21994,-0.80743
-0.61379,0.14766,-0.14058,0.69894,0.52616,-0.36522,0.53087,-1.326,1.5201,1.6992
1.1722,1.0809,-0.12259,0.048093,1.711,-2.007,0.80684,0.32136,0.0050627,0.52426
-0.95824,-0.05657,-2.2447,0.99811,0.58848,0.21494,-1.1577,-0.72745,0.26209,-0.5635
0.95313,0.17398,-0.47688,-1.1651,-1.2925,-0.39426,-0.038782,-0.5389,-1.6578,2.0426
0.70345,1.1838,-0.36451,1.5873,0.46929,-0.39516,0.79012,0.65596,-0.8335,0.97918
0.5599,0.927,1.7379,0.43398,-1.5936,0.21758,-0.53173,-1.9948,-2.4325,-1.0576
-1.038,0.65327,0.7394,-0.30695,0.04902,1.941,-0.022731,1.0261,-0.92475,-0.5749
-0.17832,-0.8267,-0.84394,-1.5056,-0.11707,0.27303,1.1152,0.81348,1.3824,0.39391
-0.46994,-0.15297,-0.66683,0.4121,2.2311,1.1259,0.59129,0.0091049,-1.2369,-0.053314
-0.95989,-0.54273,2.4238,0.68715,0.36152,1.9838,1.0915,1.279,-1.0571,-1.3742
-0.44503,0.41408,0.92093,-0.35681,0.88889,-1.2764,-0.49168,1.182,1.4985,-1.0853
-1.6212,0.75003,0.97005,-0.064639,0.5582,0.4404,0.17465,1.5345,-0.3929,-0.61189
-0.15739,-1.3191,0.79286,0.89549,-0.26533,0.86721,1.6687,-1.1361,-2.3687,-0.45758
-0.19746,-0.27643,-1.0946,-0.11905,-0.68174,0.97511,-1.0722,-1.5979,-0.64184,-1.1895
-0.83137,0.24352,-0.77348,0.51431,-0.144,-0.54757,-0.61643,1.8006,-0.90141,-1.4255
0.63733,0.30104,0.020675,1.0033,0.41862,-0.31695,0.062112,1.3065,-1.0918,-0.35664
-1.0486,0.068323,0.88861,1.6437,1.127,0.12582,0.028173,0.61669,0.055613,-1.4283
-0.24818,-1.7248,-0.54746,0.83466,-0.78443,0.17444,0.8961,-0.34109,-0.77635,-0.45809
0.52491,-0.30265,-0.082406,0.36421,-0.74157,1.2708,0.070439,0.70215,0.56629,0.79735
0.21322,0.75804,0.4435,-0.82104,-1.1067,-1.9822,1.5209,-1.3932,0.0106,0.27517
-2.3974,1.9627,1.3946,-1.5751,-0.25435,-1.8823,-1.1007,0.25616,-0.68651,-0.12998
-0.77242,0.74994,1.2792,0.40013,0.98635,-0.40175,-0.16652,1.0076,0.46259,0.47556
-0.4061,-1.5567,-0.52683,1.0262,0.10578,-0.40249,0.22628,1.8968,0.24703,-0.050475
-0.55332,0.39958,-0.18108,0.68821,-0.81225,-0.37349,1.7747,-0.022606,-1.5452,-1.6951
-1.353,1.0277,-0.68663,0.49384,0.89615,-1.4595,0.29473,1.0658,-0.014645,-0.84328
-0.043116,0.55068,-0.58463,-0.058369,-1.1748,-1.2863,-0.030106,0.094803,-0.77011,-1.9375
-0.16763,-0.94944,-0.28845,-0.054944,-0.15104,-0.23042,-1.2101,0.59581,1.4833,0.92998
1.2796,-0.53379,-0.5322,1.5485,-0.37776,1.3363,0.64047,-0.47294,-0.75066,-0.32719
0.11222,0.35536,-0.99226,0.8349,-0.11854,0.66307,-0.24321,0.49101,0.38335,0.62737
0.70548,1.3178,-0.2178,0.28041,-1.0067,0.73501,0.85752,1.6182,1.4803,-1.0873
-0.1304,-0.078096,-1.3013,0.23526,-1.1807,1.6493,-0.92703,0.50969,0.25787,0.68121
-1.8255,-0.012212,0.89772,0.014823,0.054413,1.7881,-0.26804,-0.75339,-1.0669,-2.3593
-1.4733,1.1425,-0.12479,2.3539,1.4464,0.32006,0.38859,-0.43441,0.1956,-1.3511
-0.7514,1.1455,-0.47906,1.0618,-1.2298,-1.0485,1.0139,0.56577,-1.7606,-0.2479
-0.43373,0.35994,1.7903,-0.58678,2.5405,0.055105,-0.80606,0.19201,-0.45215,-0.94226
0.57635,-1.154,-0.36038,1.5788,0.46117,-0.38457,-0.03333,-0.025001,-1.2837,1.1091
-0.83446,-0.51994,0.8659,-1.2345,-1.1365,1.1028,1.9286,1.3523,1.2023,-1.0279
-0.6288,0.6274,-0.41532,0.12106,-1.8315,-0.48431,1.7554,0.59661,0.63276,0.77593
0.25585,0.95633,-0.53596,0.022212,0.35315,-2.8435,1.0293,-2.1521,0.57143,0.95364
-0.56205,0.53751,-1.0511,-0.031132,-2.9414,-0.75821,0.28471,-0.70818,-0.035478,-0.4497
-1.2284,-0.4386,1.3108,1.1218,-0.11651,-0.84858,0.85276,0.95142,1.0177,0.35203
-0.55404,0.24539,-0.10205,1.6889,-0.027972,0.089913,0.8155,0.29356,-0.3382,-1.7099
-0.68028,-1.3645,-2.079,1.3425,0.58388,0.22239,0.5038,-0.89015,0.92923,-0.10863
0.69116,0.82191,0.85934,-0.20004,0.16645,0.14074,-0.55941,1.1759,0.23898,1.1685
0.22194,-0.57606,-0.36499,-0.70222,-0.6816,0.40402,1.109,-0.10633,0.69221,-0.51584
0.54593,1.7622,1.7598,-2.0977,-0.47707,0.85775,-0.21576,0.2069,0.12213,-0.23284
-0.45975,-0.42814,1.222,0.74861,-1.2225,-2.2566,-0.7468,0.63786,0.82634,-0.666
2.1167,-0.3563,-1.8944,0.76684,1.3587,0.52753,1.3564,-0.07743,-0.077659,-0.86941
0.1091,-0.44539,0.80849,-1.1789,-0.85042,-0.75046,-0.04994,-0.2485,0.25487,0.18219
-0.91983,2.0026,1.3614,-0.28915,0.74544,-0.018837,-0.35777,0.46266,1.324,0.31128
-1.3236,0.48509,-1.2709,0.33297,0.60551,-0.47193,-1.1908,0.83519,1.096,3.4684
0.09865,-1.5419,1.3853,0.24837,1.7826,-0.42526,-1.0744,-0.68088,-0.3459,-1.4172
-0.40664,-1.2971,-0.18189,0.23283,0.33996,0.014933,-0.47733,-0.030904,0.62472,-0.50276
-1.3519,1.0916,1.3788,-0.6043,-0.53367,-1.4299,1.8588,1.4167,1.3428,3.0197
-0.46982,0.26397,0.11232,-0.32111,-1.1463,-1.1779,1.809,0.27502,0.6748,0.59005
-1.628,0.66612,-1.1758,1.9065,0.76197,-0.20824,-0.44947,0.55876,-0.76918,-0.75015
0.68242,-1.1768,0.58355,1.9053,1.5436,-0.43488,0.011069,0.07539,0.14916,0.62347
1.9437,-0.6858,0.29484,0.28586,-1.8317,0.80509,-0.8547,-0.36595,1.3294,-0.68046
0.74024,0.33461,-0.48871,0.19993,0.62279,0.41361,-0.264,-1.4241,0.7079,1.5605
-0.32318,-1.7567,-0.28567,-0.56152,1.1246,0.74994,-0.8562,-0.62375,-0.52268,-1.2279
1.3596,0.0089926,-1.1421,0.078136,-0.77916,0.73718,-1.4055,0.42263,0.59081,-1.1858
0.29103,0.44794,0.56998,0.32619,-0.092703,0.79674,1.4686,1.6196,1.686,-0.45791
-2.219,-0.984,1.5905,0.64089,0.22336,1.7469,0.73271,-0.34224,-1.1154,-1.4011
-0.14463,-0.33616,-0.90001,0.6882,-1.3451,1.0032,-0.74735,-0.64322,-0.80894,0.087621
0.0787,1.1584,0.61461,0.98255,-0.33626,-1.0576,-2.0388,0.033206,-1.6586,-0.275
0.56222,1.4543,-0.072484,-1.2247,0.088601,1.2684,-1.141,0.41256,-0.012323,0.04792
-0.16428,-1.0465,-0.71031,-0.31151,-0.12398,-0.45745,-1.1588,-0.053523,-0.80818,-0.084315
1.1737,0.38259,0.32838,-0.29003,-0.07288,-0.95397,0.34246,-0.12183,-0.46495,-0.50256
-1.3284,0.1456,-1.0063,1.9675,0.40528,0.076519,0.79269,0.77177,0.36523,0.49118
2.4592,-1.0996,-0.78267,0.34494,-0.16533,-0.026918,1.243,0.84297,-1.7878,1.3961
1.3522,0.93457,-0.27126,0.8793,1.1024,-0.38806,0.49214,-0.32502,-0.68168,-1.0295
-0.24677,-0.52333,-1.4033,-0.32911,-1.1193,-0.50836,0.01403,0.44871,1.9363,-1.5896
0.28802,0.61848,0.030821,0.58247,1.115,-0.20351,-1.3862,-0.1918,1.6063,1.1376
-0.87267,-1.2429,0.060749,0.87658,0.33833,-1.2124,0.50532,0.61348,0.99958,1.0112
-0.93076,-0.021554,1.2697,1.8828,-0.1347,0.25802,-2.2604,0.43863,-0.035511,-0.43175
0.076155,0.6891,1.882,1.1987,0.64336,-1.2951,-1.4902,1.0605,-0.59458,-0.70267
0.98566,0.48478,1.0718,-0.8287,-0.21613,-0.72126,-0.72496,1.7793,-1.0642,0.86561
0.92584,-0.49789,-0.015248,0.86616,1.7066,1.0488,-0.42422,0.96744,-2.1335,0.58137
2.1315,0.53973,0.1618,-0.81506,-0.80088,0.3833,-0.60711,-2.1593,1.6115,0.21785
-0.32583,-0.74463,0.68681,-0.81068,-0.92692,1.334,0.72634,0.74064,-1.6862,-0.82556
-0.22301,-1.118,0.11912,0.050237,0.75568,-0.52557,0.25465,-1.4515,1.9877,0.59395
-2.7343,0.31473,0.31951,-0.0894,-0.47003,-1.383,-0.051741,1.6172,1.0307,-1.224
-0.30855,0.73764,-0.69087,-1.033,1.5631,-1.9557,-0.57952,-0.4373,0.075919,-0.17625
0.14611,0.42091,-0.44827,-1.0354,0.64709,-0.36224,0.077082,0.7337,1.381,-1.1937
0.037733,-0.96723,1.1713,-1.9938,-0.48422,-0.60265,-0.61163,-0.50999,-0.06649,-0.66011
-0.64765,0.59622,0.28067,-0.19613,-0.80353,1.3365,0.95361,-0.5024,0.68327,0.046549
-1.2874,0.15227,-0.66349,0.66182,-2.1019,0.14435,1.0459,0.18067,0.068054,-0.42251
-0.41102,0.028972,0.37686,-0.4114,-0.86442,-0.6664,0.17459,1.0452,0.75164,-0.88247
2.2005,-0.28876,0.32569,0.032733,-1.1612,-0.84708,-0.07519,-0.65905,0.32859,-2.1935
-0.92905,-0.25865,0.6249,1.0968,-1.0337,0.40488,0.066377,1.3041,-0.76286,-0.1781
0.0026644,1.005,0.16925,-0.65691,0.22296,0.95103,-1.5961,-1.1889,-0.40428,1.5165
-1.1576,-0.53875,-1.0279,-0.33248,-2.6673,-1.0733,0.99047,0.0031905,-0.99724,-0.57249
1.1645,-0.7568,-1.6262,-2.0929,-1.1673,0.18842,-0.91999,0.55461,0.45323,0.40124
0.78644,0.17248,1.1545,0.48359,0.22705,1.5951,-0.28462,0.029819,0.6946,0.93264
0.16034,0.50618,0.093233,-1.2482,1.0402,-0.71563,-0.51234,1.559,-0.16223,0.80348
-0.047539,-0.18094,-1.4051,0.16223,-0.75359,-0.8268,-0.30999,-0.83009,-1.4067,0.97381
1.4789,1.5954,-0.38468,-0.75383,0.10406,-0.80243,0.70441,-0.81752,-1.0871,-0.31984
0.57777,0.91087,-1.3297,-0.49631,0.036939,-0.16772,-0.15308,1.3443,2.4469,-1.2975
-0.0035318,1.1788,0.70384,0.91984,1.805,0.43773,0.45842,0.30519,0.52439,0.81607
0.13666,1.1491,1.2784,-0.93106,1.5695,0.60157,1.0367,0.66676,-0.21644,0.64863
1.539,-0.25379,-0.7287,0.53956,-0.7973,-0.39074,-1.4485,-2.0221,-0.23406,-0.22648
0.49484,-2.7694,0.13665,-0.14057,-0.5399,0.8477,0.44514,-1.4735,0.63766,-0.33479
0.26886,1.2575,1.2943,0.34084,-0.18572,2.0495,-0.64455,0.52918,1.6009,1.3091
0.56857,-0.51108,0.66966,-1.0882,-2.0173,-0.76581,0.1593,-0.83247,-1.4424,0.60336
-0.098591,1.956,0.03107,-2.3963,-0.38068,1.9067,0.042535,-1.4758,0.033401,-0.73898
-0.98722,0.28635,-0.22586,-0.46445,3.0704,-0.10493,-0.57521,-0.71079,-0.80014,-0.50342
0.36761,-1.1185,0.5521,0.43944,-0.66389,-0.20562,-0.18902,1.4996,1.6318,1.2316
-1.6223,-1.3142,-0.11432,-0.013592,-1.4756,-0.38991,-0.43175,1.4794,-2.4032,-0.44537
-0.69415,-0.55302,0.43425,2.6421,-1.9449,1.1644,-1.0839,-0.36803,-1.4529,0.26775
1.0579,-0.14299,-0.61417,-0.58131,0.16007,0.31476,-0.28261,0.55205,-2.2126,1.6136
-0.69458,0.50933,-0.17374,-0.58084,1.746,-0.21472,1.1908,-0.60675,-0.35099,-1.2444
0.27011,-0.92819,1.2056,0.094279,1.0512,-0.21842,-1.6805,-0.93316,1.5889,0.48462
-0.21527,1.4087,-1.6286,0.48631,0.50887,0.19451,0.92014,0.1521,-0.78872,-0.98774
0.27746,0.90902,0.54985,0.033251,-0.18496,0.72659,0.10641,-0.27083,-0.51744,0.3093
0.4236,-0.39164,-0.89531,-1.5575,-1.4982,0.51195,0.01233,-0.64084,3.1129,0.48874
-0.50092,-2.087,0.22037,0.92077,-1.473,-1.3003,-0.41212,-0.010845,0.82332,-0.60626
-2.1246,-0.071999,-0.19543,-0.091755,0.26341,0.0087107,1.132,-1.3678,-1.0017,-0.44987
1.0212,0.2637,1.1853,-0.49608,0.44752,1.656,0.45156,0.89787,0.98735,-0.3928
-0.55792,0.81248,-0.14066,-1.5658,-1.6492,-0.13128,-0.42528,0.36926,1.1672,0.13916
0.2848,-0.52491,0.81049,0.05448,0.35095,1.8477,0.53252,-0.29153,-1.3605,-1.1739
0.96956,-0.78622,-1.2008,1.6368,0.23844,0.72371,-0.014843,-0.44025,0.20132,1.0422
-1.0824,0.69134,-0.30331,1.5359,-0.45338,0.6719,-0.039879,0.20291,0.038005,-1.9531
1.2562,0.89981,-0.67932,-0.04956,0.81938,-0.19176,0.89557,0.34109,0.2304,-0.65665
0.74117,-0.45526,0.088678,-0.059019,1.4474,0.69712,0.41223,0.3794,0.75029,2.1371
0.12238,0.46364,-0.2325,1.5822,1.5073,-0.96817,-0.83843,-0.049287,0.46371,0.56057
-0.35879,-0.13056,-1.5014,-1.2096,0.66968,-1.0292,0.084315,0.84554,0.60382,0.29622
1.2052,0.096223,-0.64462,-1.3627,-0.014323,-1.4732,-1.2927,-0.34291,-1.0005,2.765
0.44578,0.052668,0.56724,0.28431,-0.20791,0.29177,-0.76222,-0.41889,-1.3438,-0.17783
0.53234,-0.90805,-0.44689,1.4841,-0.037136,-0.78654,1.0059,2.1169,0.25626,0.86727
2.6929,-0.95154,1.1125,1.0944,-0.18565,0.22567,-0.7579,1.1556,-0.75572,-0.17731
0.55464,0.13967,-0.95359,0.27948,1.212,-0.32512,1.4728,0.30971,-2.0418,-0.37839
1.1765,0.39169,0.74503,-0.31408,-1.5916,1.0039,-0.23206,0.12432,0.97375,0.41211
-0.050684,-1.2395,-0.86027,-0.28789,-1.8943,2.2004,0.8413,0.66578,0.44759,-0.49386
1.8023,0.6178,0.35081,-1.2776,-1.1965,0.9886,-0.1381,-0.19439,-0.88304,0.35574
-0.095097,-0.85475,-0.86548,-0.51314,-0.04277,-0.7807,0.78979,0.54121,-0.47768,-0.21517
-0.99499,1.1694,-0.12548,0.34925,-1.136,0.17493,0.23677,0.20923,-0.28824,1.1166
-0.016643,-0.22822,0.76577,1.7024,-0.63985,-0.20381,-0.37173,1.1651,0.40293,-0.54793
-1.716,-0.57164,-0.38055,0.39195,-0.90196,0.025719,-1.4698,1.7157,-0.5649,-0.75102
1.2576,0.93781,-0.45801,-0.494,-0.10665,-0.89376,-0.21118,0.23092,0.37844,0.65669
-1.1842,-0.20549,0.88159,0.18559,0.77765,1.1288,-2.9395,-0.70643,0.70535,-0.020943
0.28164,0.034465,0.74997,0.88273,0.61634,-0.17887,-0.75923,0.11685,-0.27941,-0.69195
0.91435,-1.8679,0.07486,-0.5106,-0.01095,-0.51061,-0.43945,-0.71287,-0.15751,2.377
0.48275,-1.4789,-1.2155,0.30661,1.7583,1.2617,-0.43118,0.92901,-1.1409,-0.58671
0.37355,0.44218,-0.38673,0.016873,0.79073,-1.9287,1.2481,-0.70523,-0.71115,-0.33274
-0.86448,-0.78318,0.21903,-0.36881,-1.2534,-1.0245,0.69769,-0.41967,1.2919,0.60553
-0.055051,0.23669,1.5859,-1.0395,-3.3769,0.63192,0.34834,0.42852,1.1831,0.26508
0.9304,0.43185,-2.1512,0.86193,-0.28567,0.1832,0.24079,0.05412,-0.011436,0.9082
-0.76358,-1.8345,1.1429,-0.54475,-0.38156,1.0888,-2.419,-0.93117,-0.7331,0.35245
-1.2357,0.72249,0.60818,-0.45255,0.27421,-0.66072,1.3304,1.1376,0.35567,-0.011617
-0.69867,0.5899,1.7283,-0.25534,-1.8708,-0.52525,-0.26349,0.099639,0.90801,-0.99569
0.85444,-0.47891,0.55127,-0.96351,1.471,0.96572,-0.41453,0.58125,-2.1427,0.63714
-0.27457,0.80647,-0.35486,0.54231,-1.4828,-0.49399,-0.63818,0.60103,1.7762,0.65437
0.22287,-1.1734,1.188,-1.6324,-0.16009,0.78625,1.1831,1.6607,0.22887,-0.26202
-1.7448,1.3012,-0.099939,-0.0072774,-0.84439,-1.054,-0.33537,-0.19739,1.1188,0.98592
-0.77263,-0.20383,-0.97752,0.60942,-1.0165,0.50682,1.1224,1.2518,-0.94989,1.2676
-0.69948,-1.909,1.1469,0.1248,1.4585,0.36948,0.31039,0.38892,-0.90219,-0.60457
-1.2659,-1.4057,0.13543,0.85976,0.55663,0.0735,0.42808,0.99805,0.80553,0.90561
1.174,-0.61614,-0.2664,0.37326,0.60837,-0.80641,-0.060642,1.7262,-1.1023,2.8566
1.0399,0.36933,-0.22567,0.91676,0.013628,-0.61962,-0.59457,1.2521,-0.59289,0.042697
-1.5672,-1.1895,-0.88587,-0.15755,0.16901,1.0248,0.26914,-0.27325,0.11002,0.8541
0.24987,-0.36127,1.1507,1.0237,-0.85076,-0.1193,-0.39959,1.1588,-1.0608,-0.69095
-0.96555,0.7911,-1.7194,0.21478,-0.10713,0.083029,0.32558,-1.3096,-2.0037,-0.2001
-0.16575,-0.61304,0.69886,-0.26702,2.113,-0.035715,0.77555,-0.72818,-0.85715,0.94132
0.045679,-0.82613,0.5534,0.43618,1.3885,-3.9687,0.49654,0.14156,-0.94997,0.71456
1.7096,1.1671,0.27356,0.67648,0.092032,2.321,-0.12828,-1.0766,0.56325,-1.5859
0.37044,-0.51816,0.70172,-0.21284,1.0866,-0.25737,-0.95879,-1.1595,0.1412,1.1272
-0.65645,0.19539,-1.7486,0.30715,-0.12453,-0.91011,-0.12778,-0.6718,1.1813,1.1259
0.83138,0.26665,0.74878,-1.3138,0.48756,-0.37514,2.003,1.375,0.5729,-1.0781
0.876,0.29279,-0.53691,0.79325,0.32152,-0.64986,0.13146,1.4449,-0.33035,0.86461
0.13831,-0.40071,0.76334,-0.95247,0.13707,1.1812,-1.2822,-1.0044,0.2741,-0.57198
2.2422,-0.478,-2.3776,0.25641,1.0812,0.68791,-0.3032,-0.008611,1.5295,-0.10324
-0.16677,-0.96671,0.55053,1.5292,-0.13653,0.16973,1.1745,-1.0851,-0.12269,0.19633
-0.45905,1.6419,-2.1584,2.0895,0.32848,0.89125,2.5019,0.090124,-1.8938,1.349
0.54619,-0.092539,-0.30595,0.42078,0.58933,0.23881,-0.20106,-0.14598,0.90789,0.77125
-1.3023,-1.1807,0.85251,0.82975,0.99044,-0.023411,-0.61955,-0.4843,-0.021968,-1.406
-0.41152,1.1492,0.75613,-0.001999,-0.58141,0.52147,0.12956,-0.040578,0.54441,0.26404
-0.54008,0.59529,-0.47313,-1.5446,1.2011,0.33136,-0.46259,1.4241,-1.89,-2.2352
1.3665,-1.0265,0.61895,0.69339,-0.60289,1.4835,0.16531,-1.1442,0.58728,-1.853
0.70685,-1.6215,-0.63352,0.92879,2.2879,-0.54273,-0.42161,-0.44027,-0.76783,-0.81799
0.60757,0.41811,-0.12956,-0.75185,-0.95879,0.23762,-1.3067,1.474,-0.05325,0.52082
0.91982,0.28603,0.48771,-0.35659,-1.0195,-0.58798,0.14569,2.1065,1.8541,-0.8901
0.89939,0.21544,0.64611,-0.64963,0.86841,-0.7699,-0.10939,-0.061526,0.46686,0.48592
0.032717,-2.1607,-0.65658,0.32637,0.8562,1.5981,-1.7182,0.60513,1.3201,-0.44995
-1.4159,0.55027,-0.22491,-0.8174,-1.2128,-0.4747,-0.23237,0.92376,0.58943,0.70142
-1.6809,0.47396,-1.7013,1.6449,1.9196,-0.22764,1.0422,0.62718,-1.5398,1.8899
0.037781,1.1823,-0.14275,1.4842,0.087661,0.49019,-1.2823,0.11711,-0.46425,-0.31993
1.6635,0.27261,-0.28515,0.38386,1.6368,-0.19404,0.26966,-0.2238,1.0758,0.39275
0.831,-0.86132,1.3919,-0.19643,-0.030666,1.5984,0.5969,0.45147,-0.62396,1.9996
1.0477,-0.87982,0.12348,0.8001,1.0898,-1.4187,0.93411,0.90947,-0.67157,-0.79401
1.7938,-1.4213,0.49918,-0.86582,-0.60178,-1.7195,1.4681,0.92569,0.41474,-1.6549
-0.48512,1.5952,0.070321,-0.62513,-1.1388,-1.0405,0.54916,0.57859,1.6678,0.48647
-0.63363,-0.42826,0.22521,1.9047,0.55133,-0.32304,-0.31852,-1.0809,-0.34419,0.073649
1.1019,-0.80283,-0.60048,-0.064354,-0.1555,-1.4365,0.6619,-0.17846,1.042,-0.88022
-0.71702,-1.5795,0.47487,-0.43258,0.41101,-0.26198,0.82864,-0.96743,1.6045,-1.1053
2.2,1.257,-0.39933,0.089408,-2.0454,-0.12853,0.51406,-0.024298,-0.43649,0.39289
0.89062,0.86761,0.32372,1.2805,-2.0152,0.36869,-0.84226,-0.82166,-1.1649,0.33281
-0.63543,-0.66646,1.5974,0.14522,-0.26125,-1.4431,-0.19033,0.05855,0.077906,0.75899
-0.3735,0.95567,0.58199,-0.52858,-0.5275,0.53668,0.14672,-0.65954,-0.60504,0.10887
0.52188,-0.58767,0.43554,0.6986,-1.5531,-0.061281,0.24446,-0.32952,0.55371,-1.226
0.7129,-0.56023,-0.76372,-0.61691,-0.81785,-0.26152,0.23494,-0.06161,1.0908,1.1211
1.1684,-0.39439,1.3463,1.1805,1.1689,-0.27903,-1.5597,-0.55586,0.47299,-1.1653
0.33997,-1.3073,-0.061699,1.8878,-0.41346,-1.0447,0.26994,-0.21203,2.0182,0.10553
-1.0147,-0.88193,-0.80482,1.1033,0.072113,-0.34509,-0.71495,-0.61589,-0.60117,0.87602
0.093146,-0.0065336,-0.6792,0.80536,-0.12374,0.87645,0.74085,-0.41662,0.31158,1.5805
-1.5362,-0.37043,1.0339,-1.6711,-1.1303,0.41563,-0.043137,0.23091,-0.52859,0.015372
0.57622,-0.26068,1.0119,0.45582,-1.5844,0.40332,-2.6745,0.013978,0.74772,0.87421
0.57206,0.42887,1.1063,0.78287,-1.3986,0.6474,-0.25326,-1.1528,1.1074,0.89988
0.14668,0.71224,-0.90462,0.81749,-0.3827,-0.42077,-1.1301,1.0308,-1.6233,-0.61831
-0.92572,0.40878,-0.70771,1.7377,0.61753,0.33403,-0.6296,-0.39482,0.31637,-0.32512
1.2731,-0.90218,-0.29569,0.60259,0.49152,-0.92944,0.99311,-1.0006,1.4155,-1.1733
0.98792,0.84414,-0.7542,-0.77479,1.0917,-0.013513,0.66838,-1.2717,1.4099,0.94692
-0.71186,0.58713,-0.51282,-0.56161,1.4978,0.067409,0.70128,0.60236,-0.29068,2.1317
-1.3343,0.24261,-0.82846,-1.2487,-1.1903,-0.3382,0.42377,0.26951,-1.0309,-0.086364
1.0042,2.1871,-0.55286,-1.8843,-0.1907,-0.090753,0.067127,-0.92972,-0.13597,-1.3495
0.60851,2.5521,0.11048,-1.3643,-0.67961,-1.8991,0.62611,0.50511,0.87534,-0.64805
0.035924,1.4325,0.18406,-0.045331,0.34233,-0.19131,-1.3967,-0.16923,0.16496,0.87586
0.25535,-1.131,-1.8623,-0.15866,0.99007,-1.5295,-0.97814,1.8948,0.76378,0.46235
0.69716,0.50677,-0.049366,-0.072798,-1.8416,1.4303,-0.80666,0.79374,-1.5539,-0.43385
-0.43118,0.94248,-0.66296,0.41217,0.23101,-0.20445,1.369,0.31003,-0.7732,-0.12029
1.5539,0.88286,0.1068,-0.346,1.4159,-0.25143,-0.18103,0.3762,-0.94735,0.74772
0.34665,-0.097763,0.88081,-0.81674,1.7369,0.17788,-0.96555,0.22207,1.5614,-0.77368
-0.76649,2.5048,0.36388,0.14242,-0.28737,-1.1006,0.068211,-0.067376,0.23682,1.378
-0.49345,-0.8542,-1.422,1.5308,2.1168,-0.62238,-1.0669,1.0055,0.41866,-1.2931
1.5045,-0.24967,-0.58395,0.55921,0.89606,-0.58641,-0.20974,0.85627,-0.74302,0.54114
-0.64986,-1.0702,-1.7049,1.5183,-0.22901,0.44382,0.82454,0.40793,-0.078247,0.68092
-1.0605,-0.68458,-0.029135,-0.54652,1.2541,-0.47346,-0.50881,-0.33241,-0.80653,0.1041
1.1547,-0.36815,-1.0372,-0.93652,0.30914,0.17266,-1.2064,-0.55819,0.44538,1.2058
0.31926,-0.40043,0.12158,0.65926,-1.35,0.43648,-0.14151,-0.30061,0.25557,0.39915
2.2035,0.98337,-0.65768,-0.39565,-0.21602,1.2729,-0.40658,0.78323,-0.52503,-0.11529
-0.26791,-0.059764,-0.29113,-0.28225,0.55602,-1.3172,-0.9646,0.55764,-0.3211,0.58168
0.63805,0.087437,-1.2924,-0.66646,-0.35248,-0.14239,-1.4745,-0.16311,-2.1296,0.28215
-0.019369,0.0013875,-0.39135,-0.45869,-0.13024,1.9366,-1.8478,-1.0274,0.59039,0.86065
0.43226,1.4511,-0.5977,0.96033,1.0261,0.51944,0.39805,-1.5582,-0.14679,-1.005
-1.5897,1.1352,1.1574,0.489,-0.8662,0.030482,1.2845,0.40197,-0.10718,0.71526
0.24965,-1.076,0.67704,0.28902,-1.3725,-0.20179,-1.1974,0.19746,-2.2594,1.9112
0.76311,0.53486,1.1681,1.0231,0.22055,2.801,0.36132,0.77796,0.39757,0.89144
-0.0057323,0.79706,0.74963,-0.7067,1.0277,-0.36069,-0.36032,0.42294,2.4425,2.4166
-0.35969,-0.48123,1.2446,1.2616,0.11543,-0.77723,0.2418,0.68084,0.74563,-0.80854
0.025904,-1.1205,-0.36426,0.6611,-0.71474,-0.26082,0.53688,0.056501,-1.8939,-0.21384
-2.0893,-0.10405,-0.99233,-0.58819,0.85707,-1.961,1.2123,-1.1685,0.49013,-1.3095
1.2419,-0.20968,1.3419,1.083,0.21742,-0.83056,1.4917,1.5745,-0.71547,0.25158
0.34214,-0.061227,-0.63689,-1.2067,-1.4004,-0.27434,-0.35663,2.1098,-0.67276,1.207
0.55059,-0.096719,0.91148,0.502,0.94819,-1.2082,-1.0188,-1.4792,-0.55855,-0.25477
0.6547,-0.41817,0.35444,-0.46914,-1.3976,-0.46975,-1.5664,-1.6441,-0.59101,0.59101
0.28681,-1.6983,0.59928,0.44647,-1.2332,0.87189,0.2206,1.5008,0.030076,-1.3642
1.4184,-0.86332,1.3262,0.28975,-0.25099,-0.50694,-1.3433,1.7277,-0.63136,0.30599
-1.1189,-0.4347,-0.64197,-0.38004,-2.0088,-0.4091,1.0355,0.042909,-0.66093,-0.72178
-0.074688,-0.69017,-1.6218,1.0203,0.73089,-0.98884,-0.0060114,-0.67378,1.5206,-1.6351
1.0841,-1.5204,0.44914,0.75841,-0.64864,0.61289,-0.13422,0.53973,-0.19911,-1.1979
-0.01455,-0.24062,-1.014,-0.55922,2.484,-0.3128,-1.1495,-0.43887,-0.93485,-0.56486
0.64293,2.6092,-1.7456,1.2449,-1.1717,0.43945,0.26084,-0.58423,-0.0035477,0.92127
-1.6199,0.40209,-0.21505,-1.3886,0.12411,-0.28581,0.17672,-0.16549,0.77956,-0.56058
0.34875,-0.84872,1.5352,1.3001,-0.23793,1.5175,0.66361,1.0696,-0.40784,0.95804
1.0834,-0.37271,-1.2857,0.81127,-0.0042002,2.3512,0.5754,0.81406,0.28031,0.70569
-2.2401,0.78498,-0.15635,1.4078,-0.62059,-0.77543,1.1107,0.26063,-0.45726,-0.88313
-0.23564,0.50185,0.014138,-0.18147,-2.7296,-0.16285,-0.66249,-0.77316,0.10936,0.64464
-1.2532,0.83596,-1.2488,0.091668,-0.48869,1.5497,1.0904,0.31963,0.22355,1.1634
-1.0302,2.0165,0.53922,-0.45944,-2.077,-0.39461,0.62647,-0.89236,-0.02126,-0.70125
0.59284,-1.2342,-1.4713,0.32827,0.1295,-0.89485,-0.14824,1.4189,0.096125,1.1849
1.0903,0.14189,0.82231,1.9287,0.19229,0.64601,0.51072,0.19443,-0.39167,-0.31224
-0.20946,-0.57354,-0.64828,-1.5298,-1.5462,1.6542,0.62463,0.049139,0.47942,-1.5978
-0.51922,-0.30411,-0.89609,0.089868,2.3346,1.6407,1.3198,0.42934,0.28016,-0.25881
1.8022,-0.62652,-0.83538,-0.22178,-0.33719,0.36983,-0.10332,1.8549,0.16512,-0.15548
-0.086125,-0.6301,0.52927,-0.19485,-0.67656,1.0569,-1.1145,-1.7013,0.76579,2.0066
0.38061,-0.53972,-0.098137,-0.13788,-0.12152,-0.26691,-0.46089,1.2752,-0.18418,0.12643
-0.34793,-2.2861,0.98968,0.949,-0.51324,0.57746,0.0061986,-1.0238,1.1527,-0.71006
0.50733,-0.45965,-0.41979,-0.97204,0.29012,-0.61406,0.26026,1.0978,-0.14877,-1.8062
-1.2222,-1.0622,0.12104,0.22813,1.2186,-0.38791,0.57143,0.81729,0.95425,1.5364
0.021564,0.11321,-1.0306,-0.3002,-0.98372,0.85631,-1.4663,-1.0759,-0.22008,-0.04604
-0.88571,0.18093,3.0701,-0.38193,0.38199,-0.56834,-0.075143,-0.33286,1.4005,-0.19628
-0.19162,0.50134,1.3871,0.20197,0.88936,0.44585,-0.73144,0.24436,0.95533,2.7755
0.68951,0.025554,0.16215,-0.21284,0.94931,2.4234,-0.49941,-0.032581,-1.2282,0.42471
1.9593,-0.42892,-0.052275,-1.6014,-0.33419,0.29757,0.49986,0.52296,-1.1869,-1.5896
-0.45204,-0.086133,0.6798,0.37566,0.58207,-0.86825,0.1069,0.2531,0.11927,0.73513
0.53325,-0.55287,0.47182,-2.7082,-1.1122,0.44832,-0.64695,0.50538,0.56712,2.2136
-0.45706,0.57448,-0.63555,-0.9422,0.43471,-1.6805,0.44083,0.021974,-1.0306,-0.24503
0.089446,1.1561,-1.9734,-0.072529,-0.1388,-1.8539,0.73483,-0.4887,-0.51619,-1.053
2.7826,-0.75908,0.69042,-1.2212,0.18799,-1.6534,-0.1711,0.093776,1.0592,-0.67617
0.18133,-0.10003,-0.7844,-0.42753,-2.4945,0.16119,0.60038,1.0146,-0.62076,-0.4387
-0.59695,-0.52298,0.9391,0.23034,-0.93066,1.1545,-1.5961,0.67184,0.65772,1.9183
1.0022,-0.22894,1.605,-0.35238,0.044409,-0.79471,-0.2662,-1.1362,1.074,-0.25719
0.92481,-0.30515,-0.96844,-0.81049,0.12662,-0.36597,0.71623,-2.2192,0.3076,1.1654
-1.5217,1.653,1.0074,0.058652,0.16305,-0.026244,-1.6814,-0.73377,0.40447,-0.048552
-0.64009,0.96609,0.52024,-0.38964,-0.72364,-0.68694,-1.0317,0.52693,1.0183,1.1878
-0.44802,-0.81728,0.85007,0.53177,-0.046565,-0.97472,-0.32573,0.63996,-0.7277,-2.0601
-0.25367,1.2567,0.59421,-0.58002,1.0959,-0.020642,0.93837,-1.447,0.064086,1.4485
0.10491,0.55603,1.7871,-0.17519,0.021403,-1.0584,-1.1427,0.46782,0.39996,-0.80477
-0.56036,-0.96475,-0.07773,-0.17482,0.18582,1.3665,0.7411,-0.66151,-0.46569,0.11453
0.43344,1.0733,0.95965,-0.60059,-1.2276,0.025404,-0.64786,0.11399,0.58795,0.35946
0.47076,-1.7983,0.52676,0.073557,-1.4955,-0.2515,-0.7199,-0.20678,0.067984,-0.020053
-0.84257,0.22617,-2.222,-2.0883,0.76501,0.45487,-0.92422,0.21372,0.27729,-0.93597
0.37592,1.772,-1.1435,0.29044,-1.5989,1.7944,2.4159,-0.36266,1.01,-0.85413
-1.1219,-1.3335,-0.9841,1.3435,0.54203,-1.59,-2.2152,0.3044,0.23601,0.98227
0.82489,-0.7824,1.151,0.81343,1.1199,1.2246,0.71463,0.39813,0.22849,-0.48066
-0.21385,-1.1957,0.19146,1.1559,-0.3769,-1.1612,0.63354,-0.60433,1.035,1.4301
0.72003,0.26753,-1.8161,-0.14396,-1.1963,0.29521,0.816,0.83608,-0.95907,1.5285
-0.99347,-1.6976,-0.20773,-1.6725,-0.59479,0.66902,-0.51525,-0.19674,-0.74661,-0.079536
0.78186,-0.089146,-0.31118,-0.065028,0.14032,-1.249,1.4245,-0.2306,-1.3785,0.055653
-0.27627,-1.4944,-0.165,0.79441,-0.12525,0.57952,0.27711,1.2903,0.81638,-0.20672
-0.072641,0.0043167,0.74218,-0.71555,0.9776,0.57004,1.4001,-0.051382,-0.76921,2.2459
-0.27172,-0.014021,-1.057,2.6578,-1.1193,-0.050969,1.2606,1.8764,-0.32433,0.47796
0.67124,0.31928,-0.34504,0.22872,0.80808,-1.1402,-0.27349,-0.96764,0.5928,-0.35525
1.8027,0.14726,1.595,-1.4443,1.5082,1.6011,0.47098,-0.10842,0.19473,-0.20876
0.8961,-1.4114,-0.22992,-0.64391,1.5387,0.023425,1.6121,0.37102,1.0103,0.96692
0.02945,0.51622,2.2202,-1.1891,0.44887,-0.37429,1.379,0.56798,0.047436,0.11561
-0.74758,0.86934,-0.44392,0.85,-0.60835,-0.67771,0.85529,1.7047,-0.17643,0.74862
0.084047,0.0071748,0.71221,-0.63531,0.79176,1.0538,0.6965,1.0953,1.5988,1.0226
-0.99762,1.6962,0.27821,0.30869,0.48453,-1.8203,0.88117,0.43741,0.87031,-1.133
-0.087357,-1.1382,-0.77244,-1.855,-1.8246,-1.502,0.72499,-1.822,0.67791,0.38566
0.94207,1.6509,-0.82867,-0.4827,-0.23604,-0.2453,0.74848,0.14363,-1.7713,-0.15108
-0.087498,0.10041,1.2201,-0.50015,0.3336,0.83913,1.7807,1.8551,0.37253,0.38875
1.1928,-1.251,-0.91933,-1.5652,-0.16733,-0.62346,0.021778,0.091359,-0.094237,-1.1501
-0.49817,-0.071672,-0.3175,0.37713,0.82777,0.09403,-0.40538,-2.3398,1.106,-0.36195
0.43755,-0.65795,-1.2282,1.1902,-1.1754,0.29154,0.48389,-1.4612,-1.4296,1.0818
0.33004,0.13287,0.8657,1.8061,-0.64655,1.8993,0.77072,0.20881,0.33392,0.27415
-1.4001,1.3715,1.1461,0.37268,-1.2785,-0.50741,-1.2568,0.34531,0.36097,0.13771
-0.52188,-0.20445,-0.9679,1.4661,-1.4343,0.13806,-1.7066,0.058798,0.72926,-2.0113
1.0049,-2.3135,2.3028,-0.9767,-0.26308,-1.4146,-0.11669,-0.40956,0.41052,-0.49498
-1.1378,0.59346,-0.28362,-1.7324,-0.26553,-0.54703,0.086927,0.23014,0.916,0.24298
-0.15325,-0.40185,-0.22528,-0.071027,0.90101,0.37395,1.5783,-1.4554,-0.12052,-0.37506
-0.97425,0.26919,1.0643,-0.42393,0.51586,0.87846,1.1805,0.022148,-1.1314,0.61358
-0.9795,-0.0073652,-1.6829,0.34577,0.40768,0.59297,1.4064,-0.2699,-0.6898,0.24411
-0.92145,0.7177,0.22752,1.1094,0.74334,1.2013,-0.089509,-1.3733,-0.40159,-0.34084
0.82314,0.80095,0.68204,0.42224,0.92876,-1.3493,2.9538,0.28576,0.60007,-0.27462
0.0065651,-0.25855,0.21854,-3.1543,-1.0455,-2.8877,-0.39727,1.8307,1.0661,1.6133
0.37413,0.053715,0.38357,0.11798,1.8688,-0.89491,0.4186,-0.63447,-1.1694,-0.0833
-0.5552,0.088767,0.74584,0.62439,2.9524,-1.654,0.77751,0.083081,1.1893,-0.064619
-0.12464,0.015296,-0.23015,0.057657,0.48702,-0.72715,0.71768,1.8108,0.27176,0.78421
0.83697,0.92205,0.026136,1.9404,-0.24771,0.054563,0.03183,-0.99073,0.84584,2.2969
-1.2875,0.62526,-1.2857,0.11922,-0.35685,1.723,-0.62583,2.2025,-0.14889,1.8332
-0.75851,-0.51658,0.22495,1.8495,0.051844,-1.3374,-0.29495,0.28421,0.64159,-0.12162
1.0206,-0.10286,0.29335,0.75256,-1.2312,1.3924,1.8582,2.3993,0.39358,1.6987
1.6944,0.037653,0.95248,0.82492,1.2497,0.34531,-0.36946,0.090083,1.351,-0.49675
-0.86319,-0.58571,0.73405,0.15572,-0.41203,1.8147,0.24136,-0.030634,-0.57811,1.4785
0.43928,0.75227,-0.8675,1.3418,0.77373,0.2462,0.89864,-0.61712,0.52678,-0.26635
-1.2469,-1.2143,0.51729,-0.12661,0.3199,1.8186,0.59062,-0.010093,0.20305,-0.45177
0.6577,-0.02435,1.2302,-0.69051,1.3759,-0.44125,0.77859,-0.60867,-1.6923,-0.51909
0.13313,-0.87033,-0.9215,-0.8309,0.076805,0.11732,-0.67765,-0.022851,0.38403,0.09569
-1.0138,0.13373,0.92711,0.54479,-0.42633,-0.43198,0.45152,0.83417,2.2211,0.27193
0.50897,-0.18873,1.7027,0.49001,-1.0433,1.1036,1.1361,-1.9274,2.3073,-1.2145
1.2645,-1.2028,-0.38137,-1.0265,0.13146,-0.13716,0.058305,-1.1078,-1.3635,-0.92931
-0.15761,0.094557,0.51555,0.6161,0.78846,0.024281,0.38329,0.57788,0.74604,1.3222
-0.89863,-0.60227,0.14993,1.3532,0.28109,-0.052193,-0.81056,0.20766,-1.4174,-0.023063
-1.118,0.1592,-0.48343,1.266,0.26056,1.0939,-0.095036,0.15359,-0.12993,-1.4458
-1.2419,0.81833,-0.31854,-0.367,2.4069,0.19074,1.7893,1.6148,-1.1308,-0.28743
0.39846,1.0454,-0.62249,-0.93065,0.53191,-0.37586,-0.51053,0.95051,0.28187,-0.30136
0.33939,0.035883,-1.4226,-1.1489,0.81077,0.54789,1.5056,0.55271,0.22252,-0.0031201
-0.78358,0.12875,-0.89002,0.84793,-0.63241,-1.1446,-0.64296,-0.58181,0.51704,0.86279
0.75403,0.33445,-1.585,-0.093338,1.6163,-0.31543,-1.6633,-1.3683,-0.39729,-0.2572
-1.0656,0.1909,0.4862,-0.062652,-0.31003,0.8363,1.0561,0.37878,-1.1283,1.9126
1.4874,1.5098,1.4564,-0.86999,-0.52981,-0.47327,-0.49998,-1.6612,-0.81311,0.60172
-2.1277,0.075003,-0.37508,0.41275,-0.14936,-0.10655,2.1302,-0.61417,-1.1372,-1.0144
-0.27377,1.7506,-0.6851,0.040635,0.61015,-0.080409,-0.37771,1.0019,0.14275,1.0715
0.75331,-0.068536,0.38269,0.3346,0.015614,0.044745,-0.68359,-0.28146,-1.0404,0.91528
0.012275,-0.3147,0.29595,-0.057782,-1.8497,1.2055,1.4022,-1.2543,0.32505,0.38015
0.04907,-1.4222,-0.90829,-0.29404,0.37013,0.67731,1.097,0.077228,-0.19386,1.4495
-0.50852,0.62373,-0.25822,1.108,-0.10052,0.72514,-0.11202,0.0456,0.34445,0.80344
1.9653,-0.081774,0.79495,-0.19115,-0.45285,1.0103,1.8912,0.68155,-0.36458,0.16738
-0.46034,0.54633,0.85806,0.11785,0.4709,-1.6088,-0.9689,-0.27005,1.0563,-0.79794
0.698,-0.81939,0.51184,-0.77294,-1.382,0.55724,1.542,-1.0851,-0.034577,0.16551
1.2113,1.6075,-0.59002,1.246,-1.0812,-1.7465,-1.4415,1.1454,0.79097,-1.4075
-0.33976,0.84355,-1.0951,0.71798,0.16794,-0.61699,-0.073027,-2.2436,0.42798,-1.5849
1.4486,0.38764,0.093001,-1.0518,1.3554,1.5208,1.691,0.47024,-0.90999,0.88951
0.44391,-0.38935,0.49106,0.046581,-0.38682,-0.78984,0.60574,0.028262,0.077041,1.4864
-1.4878,0.41531,-0.42651,-1.5613,-0.96468,0.11304,-0.14698,-1.2626,0.7122,-0.23467
-0.47128,-0.17354,1.2255,-0.29753,-1.2481,-0.20941,-1.3643,0.38394,-1.1346,-1.0119
-0.14522,1.261,0.77021,-0.69863,-0.72032,1.1618,-0.57475,0.19468,-2.3969,0.081149
0.63792,-1.2204,-0.13126,-0.602,-0.45797,-0.46447,-1.3432,-0.36058,-0.034086,-1.5818
0.71271,-0.054029,0.47107,-1.7081,0.1325,-1.5783,-1.3582,0.07342,-2.2852,1.7965
0.69706,1.4155,0.36424,-0.48936,-1.6455,-0.43385,0.30029,-0.49265,-0.33789,0.059556
-1.447,2.0909,-0.93297,-0.83942,0.91117,0.86665,1.0995,1.1211,0.24936,-0.13021
-1.5258,0.1581,-1.0616,-1.1976,-0.014096,-0.25341,0.26058,-0.89871,-0.1531,-2.4272
1.3455,0.45561,1.4168,0.89339,-0.76043,0.15547,-0.25696,-1.2973,0.57711,0.63324
0.82345,0.22151,0.33323,-1.0298,0.50276,-0.8795,-0.2799,0.62936,-0.3163,1.1748
0.41218,-1.2647,0.075184,-0.57305,-0.066933,0.89264,-1.6535,-0.78035,0.084654,1.0802
1.5462,-0.73255,-0.31759,-0.43363,0.6148,-1.3223,0.32457,-1.5016,1.6537,1.3855
1.8469,0.064854,-1.1053,0.083999,-2.1002,-1.6875,-0.77403,-0.31139,1.3646,-2.1777
-0.7723,-0.53955,0.52156,0.21388,-0.46141,1.0558,-0.81287,0.37835,0.20369,1.601
0.041903,0.014749,-0.27234,-0.54221,1.3937,-0.76783,-0.16828,0.36285,-0.2412,-0.27237
0.43107,0.66041,-0.93961,-0.61454,0.16331,2.2648,-0.33023,-2.0282,-0.80707,0.87673
0.12037,0.86111,1.8752,0.75857,-1.0672,0.71923,1.2912,-0.36921,0.23691,-1.6574
0.20281,-1.3228,0.27583,-0.63582,0.1642,-0.47952,0.48966,0.79274,2.2267,0.71021
0.19415,-0.46328,0.34872,0.15766,1.1562,0.2766,0.026017,0.025385,-0.13621,1.1511
1.0866,-0.27406,-0.87535,0.45304,-0.21293,0.27219,1.3228,-0.41018,1.6405,-0.54863
-2.7487,1.3473,0.59516,0.97929,-1.038,2.1421,-0.87778,0.083449,-0.22234,-0.2427
-0.0058918,0.36463,-0.1285,0.79761,-0.09154,-0.61363,0.68176,-2.1111,-1.3319,1.0237
-0.25043,-1.0051,0.335,0.49116,-0.3515,0.78971,-1.7018,0.43389,-1.0774,0.16187
-0.4687,-0.59566,0.5761,0.91109,0.30844,-1.9377,-1.8665,-1.9352,-0.23098,-1.0418
0.14401,-0.73163,1.4614,0.53503,-0.13934,0.17636,0.69487,-0.50908,1.0545,-1.4726
0.53421,-0.39362,-1.1083,0.83972,1.8851,2.183,-0.64506,1.4389,-1.4324,-1.3858
-0.28494,0.93729,-1.0485,0.52545,0.88344,1.9367,1.0459,0.22879,1.4571,0.085681
0.018134,0.16008,0.98248,0.041047,0.11941,0.40482,-0.00065956,-0.34202,-0.58503,-0.59721
-1.6499,-0.50469,0.58009,0.2551,-0.72491,0.61622,1.4606,-0.74917,0.61219,0.11179
-1.1143,0.64043,-0.44029,-0.99694,-1.9525,0.48879,-1.045,0.2197,-1.0305,1.2226
-0.37331,0.63904,-0.28996,0.41549,-1.8324,0.60527,-0.6323,-0.32786,0.57804,0.66463
-0.17038,-2.3792,0.6565,-0.73949,-0.40158,0.66864,3.1688,-0.47192,0.65373,-0.96971
-1.067,-0.22755,-0.13605,0.67353,-0.32121,1.1667,-0.17521,-1.1767,-0.23053,0.52427
-1.1806,2.2431,1.6566,-0.13758,0.47373,-0.38338,-0.49314,-0.36004,-0.39796,0.3201
0.61292,0.39206,0.6615,0.71846,1.4421,1.5257,-1.3534,1.3781,0.89996,1.1634
0.13483,-0.82129,-1.7655,0.53215,-0.91072,0.81319,-0.14417,0.59915,-0.23107,1.5898
1.3769,-0.32991,-0.21968,0.80325,1.2757,0.76833,-1.3937,-0.070363,-1.0807,-0.54841
0.54574,1.0622,-0.29923,0.76657,-0.050344,0.40126,1.579,-1.5987,0.32243,0.35088
-1.1656,-0.35754,1.0791,0.19646,2.3775,0.63491,0.61274,3.5816,0.1416,-0.31072
-2.2186,0.59642,0.093382,-2.0573,1.1138,-0.26208,-0.046616,0.8955,-0.076729,0.27768
0.13924,-0.1237,-1.3996,0.61565,-0.077739,0.41259,-1.0101,-0.73159,-0.74,-0.36304
-0.22714,-0.015127,-0.16287,0.69356,-0.58961,-0.17157,-1.0543,0.4082,0.047725,0.23665
0.55456,-0.30059,1.5528,0.32427,-0.011723,-0.16247,-0.30052,-0.42376,-0.79042,0.01387
0.91397,-0.35206,-0.16844,-1.7434,0.14037,-0.34426,0.76314,0.072112,-0.79556,-3.1054
-0.20018,-0.099175,-0.91082,-0.27425,1.2678,0.59112,-0.48278,-0.98182,0.046224,-0.75126
0.14879,0.75752,0.3387,-0.19647,1.711,-1.112,0.10965,0.97376,1.0356,-0.81363
-0.72136,1.0015,1.6569,-0.40895,2.0139,-0.85785,-0.48736,0.63509,-0.55233,-0.91036
1.2013,-0.73259,0.30382,0.36515,-0.24747,-0.2679,-0.056329,0.4528,-0.50341,0.95812
0.051885,-0.10148,-1.237,-0.44748,0.86331,-1.6046,0.54915,-0.70632,-0.4211,0.63685
-0.53259,-0.42,0.97766,1.0467,0.034869,-0.96683,0.047857,-1.009,-1.7899,0.10458
-0.45745,-0.86075,2.0951,-1.445,0.25287,-0.3438,0.40123,-0.80381,-0.45676,-0.46612
1.8183,1.5483,0.81018,-0.98792,-0.075277,-0.038605,-0.6784,0.99907,0.16231,0.022805
0.50796,0.16451,1.0711,-0.60454,-0.1487,0.56393,0.25106,0.99575,0.11917,1.0378
0.42044,-0.088941,-0.56737,0.57778,-1.0062,-0.59387,-1.0799,0.87367,0.17019,-0.87183
0.33693,2.025,-0.58543,-0.48482,-0.39756,-0.38056,-0.83345,-0.70003,-1.0043,2.3835
0.45433,0.28263,-0.93344,-0.5282,-0.20328,0.12481,-0.37561,2.3037,-0.64481,0.78148
0.47225,-0.014446,-0.51536,0.094625,-0.68373,-1.9656,2.5582,0.40328,0.94232,1.3974
0.0063762,-0.20348,-0.6459,-1.1966,-0.11802,-0.72477,2.2867,-0.091479,0.23848,0.59194
1.7116,-0.25187,0.83385,0.64333,-0.70489,-1.5887,1.3081,1.2741,-0.371,0.82599
-0.23943,-1.0663,-0.11213,1.6037,1.7839,0.45651,-0.4256,-0.79711,-1.3654,-0.93743
-0.84344,0.25321,1.0976,-0.35752,0.63975,-2.4371,-0.74161,-1.334,0.37168,1.4192
-0.41275,1.845,0.31431,-0.93837,-1.5208,0.083252,0.70859,0.59992,-0.90948,1.2429
1.183,-2.4481,-0.0049478,-0.19838,0.34468,-0.011247,-1.0726,1.6736,0.082581,0.90432
0.78152,1.0653,-1.6127,0.79445,-1.8919,-1.0637,-0.97,0.0168,-0.58123,1.025
1.172,0.8313,-0.99809,1.3574,-0.3004,-0.52239,1.6583,-1.7351,-0.46384,0.85099
-0.21415,1.3154,0.9178,-0.86455,-0.086387,-1.1804,-0.41558,-1.7663,-0.53709,-0.79206
0.15094,0.3924,0.21593,-0.39303,0.37044,1.8509,-0.13957,-1.0604,-1.3743,0.3346
-1.8143,0.2188,0.019478,0.3878,-1.0992,1.4729,0.39168,0.67331,1.3669,0.88139
0.9456,0.90105,0.29888,-0.49263,0.98825,0.27942,-1.5593,0.34671,1.4226,0.72269
-0.10749,-0.786,-0.95693,0.59179,0.2832,0.15915,-0.23011,-0.083232,0.64498,-1.5459
0.056039,-3.0327,0.0020914,-0.0033908,0.33631,0.55933,-1.2155,0.67552,-0.25205,1.5661
1.0135,0.13843,-0.67917,-0.11897,-1.4498,-1.7956,-0.9962,0.19981,-0.78541,0.52707
-0.27337,-0.48519,-0.72746,0.87773,-0.093222,-0.40125,-0.097265,-0.89169,0.30949,-0.056185
0.43084,1.1834,0.6593,-0.15983,-0.46605,-0.7268,1.3318,0.14693,0.93279,-1.0656
-0.71785,-1.7501,1.0457,0.33581,1.2231,-0.80396,0.6712,1.853,0.30931,2.3554
-0.53184,-1.2006,0.74147,0.12895,1.419,1.425,-1.8452,-2.2393,-0.36706,-0.55108
0.54166,-0.030268,1.425,1.0562,-0.06861,-1.2858,0.68352,-0.0099556,-0.057127,0.59904
-0.21177,0.30693,-0.039455,1.0477,0.017512,-0.31401,-0.25126,-0.36228,0.39545,0.28624
-1.5657,0.82777,-0.78765,1.142,-1.3762,0.25549,0.50604,0.68838,-0.53541,-0.24268
-0.53787,0.46069,-0.045373,2.4583,0.80161,0.72123,0.080989,1.7259,0.48046,-1.211
2.9095,0.90499,-0.65879,-3.1423,0.13049,-1.6131,0.40616,-1.6806,0.6593,1.1741
0.49283,0.054333,-0.46539,-0.40445,2.3016,1.2199,0.1006,-0.58525,-0.28647,-1.3446
0.2151,-0.024002,0.25957,0.4419,-0.38729,1.8215,-0.85758,0.90341,0.1615,0.7528
-0.40901,0.8126,-0.2106,-0.08305,-1.658,-1.1773,0.75335,0.33891,-0.71074,1.9936
-1.8195,-0.29829,1.7072,0.43906,-0.31081,-0.82928,-2.4236,-0.44934,-2.077,-0.69471
0.1356,-1.8362,-0.82694,-0.26405,1.0137,-0.23007,0.62077,0.2359,-1.6282,1.5145
-3.079,1.948,0.45231,-1.4917,-1.9175,-2.2784,-1.294,-0.9837,-0.21129,0.32289
-0.92338,0.94444,-0.42744,-0.47913,1.4817,1.0382,1.5493,0.80219,0.408,0.80669
-1.4551,0.26895,-0.58171,-0.57738,-0.28971,-1.0799,-0.89376,-1.3032,-2.0433,-1.532
-0.21329,-0.36601,-0.31822,-0.58779,-0.26016,0.33365,0.10902,-0.4921,-1.7146,0.28894
1.0736,0.25284,0.36506,0.4507,-1.7463,0.99918,-0.48518,-0.70237,-0.025449,0.18826
0.51595,1.0062,-1.7396,0.016917,0.13859,0.49126,-1.616,-0.89121,-0.53435,-0.47423
-0.44367,1.1287,0.088441,-1.0547,-1.0239,0.75884,-1.6531,-1.3284,-0.37485,0.0091921
-1.6265,1.0767,-0.66805,2.1581,0.70298,1.1964,-2.0917,-0.15465,1.0787,0.13486
-0.53317,-0.95457,-0.52909,0.045454,3.4203,0.43351,-0.23865,0.25221,0.71129,-1.1524
-1.1856,0.61689,0.96518,-0.54937,0.74835,0.21801,2.299,0.94995,-0.79475,-0.38657
0.42948,-0.50893,1.6726,-0.05481,0.26891,-0.46367,-1.0012,-0.42814,0.88743,-0.90409
-0.58562,-0.66294,-1.6971,1.0763,0.50563,-0.15526,-0.019332,-0.28064,-0.15544,0.5267
1.4167,-1.8338,-0.59699,-1.7903,0.19785,-0.94839,-1.1744,0.39053,-0.49912,0.58614
-0.11738,0.62919,0.17124,-1.0855,-0.085306,-0.81426,0.071458,-1.3897,-0.98515,0.61642
-1.5189,1.2687,0.08358,-1.4602,-0.11672,-0.81485,1.4996,-0.60569,-0.27068,-0.1704
0.079236,-2.1845,0.63546,0.93429,0.63439,0.1761,0.3381,0.14416,1.0904,0.42186
0.71737,-1.1624,0.11241,0.043179,-2.0418,0.0091276,1.0262,-1.1156,-0.30119,1.4405
-0.49594,1.9217,-0.89434,0.93672,-0.81194,-0.46391,1.2134,2.9019,0.054448,-1.9605
0.61774,-0.46876,0.29187,-0.88377,-1.2052,-2.0802,1.638,-0.3665,-0.18257,0.014716
0.3393,1.265,-1.2632,1.8446,0.65111,-0.77856,-1.6793,0.44769,0.46017,1.5129
0.38445,-0.60686,-0.46464,0.62357,-0.6429,-1.4268,-0.051036,-1.5668,-0.083167,-0.46197
-0.32655,1.1838,1.0888,0.34681,-1.2389,0.78768,1.1126,1.1736,-0.44011,1.392
-0.12764,-0.57945,-0.45312,0.1852,1.6208,-1.3708,0.0076235,-0.99976,1.1125,-2.3446
-0.13427,0.56062,1.0226,-0.61545,-1.3683,-1.0259,1.451,0.26824,0.89128,-0.0064413
-0.12848,-1.0844,0.73066,-0.078278,0.74786,-0.27651,0.86061,0.14891,-0.25095,0.93625
-1.4557,-1.1163,0.23335,-0.4788,1.2845,0.60267,-0.20854,1.2653,-1.2717,-0.54916
-0.018266,0.86959,0.73801,-1.1275,-1.2295,-0.11869,-0.70812,-1.5148,-1.0474,-0.30523
-1.1904,-0.166,0.17348,-1.3907,0.21086,-0.42573,-0.034123,0.20719,-1.3339,-0.78199
0.12795,0.16767,0.66796,0.4328,0.36362,0.35327,0.32502,-0.60074,-0.58987,-0.88703
-1.1664,0.55394,0.62437,-0.10186,0.8367,-0.65614,-0.24107,-0.56525,-0.20129,1.2155
1.3628,1.9389,-1.3359,-0.10955,0.30767,-1.277,1.4599,-0.47147,0.77514,-0.46052
0.82098,-0.84828,0.52907,-0.83203,1.4342,0.18112,0.52244,0.26566,-0.85939,1.1848
-0.53919,-1.4229,-1.2649,-1.4439,0.77573,-0.87749,0.37967,-0.25501,-1.1531,-1.9642
2.0646,-0.69783,0.57539,0.5921,0.2043,0.57234,0.076275,-0.4573,-2.4885,-0.35021
1.1394,1.3253,0.98479,-1.2535,0.56031,0.31983,0.086499,-1.532,0.30786,0.65179
0.8534,-1.0947,-0.14443,-1.2154,0.93667,0.96376,-0.71519,-0.45878,-1.3485,-0.29571
-2.0728,0.10391,-1.1305,0.44297,-0.65934,1.0134,0.2769,0.67624,-0.45079,-0.27987
-1.2658,0.95318,-1.551,-2.6717,-1.4869,2.1954,-0.70698,1.568,0.48418,-0.4463
-0.70228,2.2797,0.72576,0.4904,-0.090352,0.42876,0.97036,-0.14041,0.19935,0.21559
-0.32769,0.34512,-1.7519,0.035231,-1.0835,-0.11009,1.6728,-1.7464,-0.50744,0.68
-1.3116,-0.6203,0.24654,-1.561,-0.20271,0.93089,0.54277,0.30247,-1.4987,1.7422
0.65508,0.29451,-0.54222,-1.9411,0.48074,2.2118,-0.20755,0.3378,-0.17423,1.4151
-0.52271,0.20161,-0.17382,-1.4989,0.49583,1.6259,1.0607,-0.4954,0.90491,-0.82365
-0.16537,2.0118,-0.40953,-1.1073,-0.0019965,-0.30505,1.7534,-0.91343,-0.59288,-2.2645
-0.54855,-1.5639,-0.25204,0.89937,1.4151,1.0493,1.5901,-0.34589,0.70418,0.87304
-0.088259,1.4528,1.6427,-1.5309,-0.41109,-0.2198,-0.59241,-0.25369,0.74746,1.8469
1.3722,1.4292,0.88728,-0.18615,-0.65372,-1.9423,-0.18556,0.37925,-1.5374,0.29726
-1.8305,1.0877,1.0319,0.9045,0.93352,-0.22721,0.044429,-0.73604,-1.8333,-1.3859
-0.96146,0.33356,0.80331,0.49426,-0.94202,0.30466,0.24284,0.31417,0.38432,0.66171
-0.47091,1.0239,-0.19011,1.2512,-0.19301,-1.2569,0.22481,-0.24298,0.66029,-1.8814
0.55474,-1.8377,-0.87192,-0.41084,-0.12057,0.98647,-1.2862,0.16507,0.76377,-0.16721
-1.0231,-0.67635,0.51236,0.76731,0.29714,-0.22341,0.60527,-0.13015,0.29169,-0.80259
-0.52478,1.1037,-2.4119,1.4605,-0.080141,-0.022523,0.84076,0.43027,0.15725,0.19005
0.70348,1.3315,1.6316,-1.0083,-0.44936,0.77552,0.80384,-0.02191,-0.4344,-1.0968
-1.2279,-0.96726,0.2849,-1.8859,0.29563,1.2347,0.38491,1.5753,0.25384,0.80291
1.0476,0.7513,0.83339,0.87243,-0.63432,-1.5503,0.12567,-1.3527,0.33316,-2.4428
0.34218,-0.56375,0.5671,1.6063,-0.86102,1.759,-0.1201,0.72633,1.6187,-0.76944
0.56991,-1.6143,-0.42101,-1.0688,-0.13314,-0.23172,-0.29965,-1.154,-1.677,0.38667
-0.014889,1.6591,-1.7398,0.73125,1.1184,0.11626,1.1785,-0.5425,1.371,1.5355
-0.99745,-0.38378,0.71084,0.61286,-0.44164,0.13775,-1.0901,0.44197,-1.5744,2.1568
-1.5995,0.83528,-1.6109,-0.26646,2.1232,-0.29746,-0.8328,1.1404,0.27099,-0.97766
0.15338,-1.8221,-0.72312,0.61645,-0.32622,-0.36422,1.118,0.37468,-1.2159,-0.35383
0.71556,0.13782,0.17595,-0.46054,-1.1249,0.3338,-0.84234,2.1078,0.95917,-0.0009674
0.7242,2.1346,-0.12662,-0.17895,-0.15183,0.64335,-1.3193,-0.24131,-1.0174,-0.13041
-0.086046,0.14108,-0.062812,0.79635,0.31546,-0.69053,-0.57466,-0.65939,1.2877,0.15465
1.6481,1.2252,1.8499,0.60833,-2.1387,-1.0981,0.073888,0.68209,1.7573,0.53282
0.18503,-0.64997,-0.3982,-0.74335,-0.75254,-0.80915,1.4344,0.97018,0.12406,-0.48418
-0.40299,0.98353,1.0313,-0.98731,1.6231,-0.44946,0.89462,1.7832,1.1042,0.281
0.10522,-0.33489,0.39638,-0.81501,-0.26502,0.81124,0.36477,1.1825,0.092879,-0.21185
-0.61597,0.74011,1.0208,1.683,-0.64057,-1.083,-0.89472,-0.1758,-1.2586,-0.40584
0.68753,-0.1067,0.11127,1.5773,0.52727,-0.48268,-1.8475,1.0576,-1.4683,-0.8078
1.5568,0.37439,-1.1879,2.208,0.56151,0.80376,-0.033436,-0.60806,-0.9105,0.33816
1.0401,0.60972,-0.39375,-0.20702,1.0385,0.82188,0.23177,-1.8112,-1.5992,-0.69792
0.24826,-0.78077,0.36205,-0.86511,0.20289,-1.6135,0.94715,-0.49169,-0.54059,-1.4804
-1.3608,0.14331,-0.17686,-0.36254,-0.062361,-1.4793,0.49882,-1.0109,1.4628,-0.16267
-0.63667,-0.57362,-0.38958,-0.32225,-1.0033,0.50376,0.91019,-0.17815,0.33668,1.4956
0.40304,0.92716,-2.9675,-0.24462,-1.6511,-0.81206,-0.96704,-0.69332,0.66013,-0.51036
-0.0766,0.077072,0.75281,1.5457,-1.4113,-1.4397,1.8475,0.70919,-0.11803,1.7898
1.3824,0.28202,-0.3873,-0.36665,1.0263,-1.3788,-0.51572,0.13768,-0.051275,0.72332
0.66086,0.77473,0.52531,-0.20334,0.43141,0.27076,0.2178,-0.24779,1.2484,0.59182
-1.4337,0.81462,0.49052,-1.0461,0.067599,-0.73265,-1.871,1.4179,0.89604,-0.44275
0.63298,0.42333,0.41575,-1.1942,0.44328,-1.0876,1.3574,-1.5626,-0.367,0.37615
0.66861,0.74864,1.1857,-1.04,-1.0306,-0.41505,1.0156,0.31129,0.044778,-1.4649
1.7507,-0.76178,1.091,0.95242,0.53621,1.0672,-2.5092,-0.71155,1.0813,1.7712
0.085326,2.0624,0.80667,0.12045,0.10483,1.7094,0.31819,-1.2174,-1.2867,0.68097
0.26302,1.7198,-2.0768,-1.2584,0.030663,0.46053,1.7836,-0.37775,-0.14064,1.6151
-1.5754,2.4864,-0.69056,0.42761,-1.9964,-0.10615,-1.0942,0.37425,-0.55987,2.0018
-0.46034,-1.6098,0.86448,-1.4371,1.3889,-0.85153,-0.65441,-0.027007,-0.022832,0.95874
-1.4935,0.24668,0.35446,-0.73087,-0.30967,-1.8537,-1.5789,-1.4943,-0.51361,1.5758
-0.14797,-0.32301,-0.72079,0.24759,-1.692,-2.3478,-0.86392,0.41447,0.83646,1.1926
-0.77948,-0.75856,0.54362,0.53834,0.10534,0.70994,-0.4535,-0.86954,-0.26963,0.82632
-1.2881,1.448,0.18753,0.42286,-0.64089,0.11248,2.9761,0.86415,0.72377,-2.2946
-0.0044852,0.33907,-0.56651,0.88187,-0.90608,0.11338,-0.39895,0.38867,1.9617,-1.1369
-0.8407,-2.0435,0.33384,1.1692,-1.342,2.5075,0.65653,-0.57401,-0.34547,0.092376
1.2678,0.70944,-0.43471,-0.62989,1.2252,-0.30948,-0.49106,0.41621,-0.018566,-0.4916
2.2274,-1.0303,0.35337,-0.023575,0.9006,-0.91001,0.48927,0.54846,0.22956,0.50257
0.15266,1.5352,0.87725,-0.27614,1.0478,1.6173,1.3966,-1.0696,0.83232,0.63355
0.28226,-1.2947,-0.10362,1.3406,-0.059239,-0.61868,-0.36722,-0.53608,1.7268,-0.38041
-1.9583,0.32129,-0.79255,1.4158,0.50932,-1.0222,0.59103,-0.44861,1.1908,-0.78437
1.4974,-0.11761,2.0635,0.3337,-0.25995,1.2185,1.447,-0.47537,1.5461,-0.55552
-0.62383,-0.20346,-0.65708,0.56949,0.82395,0.5701,1.169,-0.21796,-0.68012,0.80407
0.3909,0.58721,0.57441,-0.94144,0.7856,0.20188,-0.55715,-1.0808,0.060503,-0.015862
-0.2013,-0.94082,0.17722,-1.4166,0.54459,-0.27592,-0.54273,-1.947,-1.3363,-0.69712
0.34356,0.07819,1.4709,0.64961,-0.10209,0.56986,0.64573,-0.49244,-0.068478,0.7471
-0.086392,1.98,-0.45006,1.0982,-0.18,0.96485,0.86668,-0.95652,1.5766,-2.1408
0.13069,0.69681,0.057116,-0.60489,-2.8243,-1.3515,0.039922,2.0581,-0.068383,1.2377
-1.0641,-0.54475,1.3717,1.2082,-1.566,0.089171,0.096528,-1.3302,0.77796,0.023571
0.13269,-0.36894,-0.32971,-1.2416,-1.2538,-1.1011,0.9027,-0.54643,2.7343,-0.12216
-1.4884,0.99266,-0.93728,0.079385,0.51736,-0.75762,0.046053,-0.23779,0.30548,0.015291
-0.10857,-0.16987,0.087798,1.9842,0.46337,0.59011,-1.5461,0.13198,-1.9637,-0.78203
0.18259,1.5227,0.27357,1.4577,-0.92133,-0.82137,1.5974,-0.15749,0.56269,-0.16969
-0.27845,0.74691,0.62275,0.26673,-1.9928,2.1594,0.22979,-0.59906,1.2401,-1.3847
0.32572,-0.29679,1.6169,0.29375,0.1267,-0.0030882,-1.2134,0.72381,-0.0056104,-0.043628
0.885,0.97253,-0.33793,-1.6762,0.40607,1.7739,1.1018,-1.1083,-0.85181,-1.3414
-1.594,-1.4986,-1.2235,0.80738,1.4827,0.61104,0.2583,-0.10757,-0.85259,1.6025
-1.4554,1.3827,-0.064342,-1.0442,-2.6256,0.22583,0.14105,0.96984,-1.5327,0.91334
-0.61978,-0.32358,0.83238,-0.46444,-1.274,-0.8904,-1.1582,0.51343,-0.26918,0.16923
0.42821,0.37186,-1.3395,0.90356,1.4371,-0.26965,-0.6292,-0.58069,0.73929,0.46913
0.3457,-0.55645,-0.3989,-0.014485,1.9039,-0.61956,0.81699,0.92642,0.27936,0.60028
-0.35534,0.2936,-1.8418,1.5116,0.6789,-0.18399,1.1152,-2.3791,0.033197,1.0228
0.5801,1.7853,1.27,-1.4138,-0.30128,-1.728,-0.83098,-0.14128,-0.71448,-2.0447
2.0788,-0.44253,0.37242,1.2599,1.3542,-0.66025,-1.2911,-0.37653,-0.60768,-0.22935
-1.079,0.25085,1.4926,-0.92967,-0.2428,-0.48935,-0.051962,-0.22919,-1.3896,0.16321
-0.84608,-0.77859,1.1251,2.0412,-1.1516,-0.037099,-0.36293,-1.5432,1.5816,0.37443
-1.83,-0.16151,-0.037887,0.28645,-1.0707,0.68116,-0.48312,1.5834,-0.46248,0.19641
0.13361,0.21323,-1.8606,-0.14595,1.8359,1.2121,2.1615,-0.62809,-0.71262,0.24475
0.79479,0.097019,0.072726,0.60874,-0.87395,-0.84198,0.13475,0.31924,0.77336,0.9902
-0.3715,1.2271,-0.33197,-1.8156,0.42465,0.28451,-1.3489,0.78654,0.47688,-1.3693
1.09,1.2907,0.40463,-0.46585,-1.1627,0.79481,-0.0094362,-0.90313,-1.0793,-1.0831
-0.23156,0.93552,1.6153,0.90137,0.13803,0.56152,-0.69806,0.61702,1.2708,-0.66213
0.2437,-0.061988,3.6179,0.11671,0.03495,-0.15569,-1.9466,-0.325,1.8791,0.28529
1.0139,-0.16753,2.2904,0.17938,-0.24008,1.8595,0.66879,-1.6463,-0.44024,-0.52526
0.58791,1.4485,1.3977,-0.012921,-0.83304,0.031834,0.45864,-0.967,2.0452,-1.0711
0.31569,-0.77809,-0.74417,-1.2212,0.9201,1.0724,-1.2703,-0.2642,-2.1155,-2.4478
1.4265,0.39011,-1.2515,0.13649,-0.34688,-0.73378,0.7222,0.37542,1.1066,-0.98889
-0.91406,-0.45246,-0.95198,-0.58124,-1.5048,0.85477,-0.88498,-0.12841,0.66582,2.1676
-0.46475,1.0142,0.53047,0.88808,0.24562,1.3752,2.0961,0.11501,-0.12947,0.74574
0.2962,0.47302,-0.64563,-0.12413,-0.61379,-0.24831,-1.0609,-0.10782,-0.0076974,2.3899
-0.35704,-0.12128,1.4318,0.60629,-0.39031,1.2991,0.44679,-0.49987,-0.66698,-0.14057
-0.56386,1.1588,-0.64931,-1.4333,0.02802,1.4771,0.17274,-1.1108,0.26691,-0.67545
0.72038,0.97889,0.67596,-0.92927,0.86281,-1.1949,0.50629,0.12939,-0.3491,-1.3899
-0.50764,0.26313,-0.58795,0.34415,1.2714,0.33342,-1.0718,0.94887,1.1561,0.41039
0.39506,-2.141,0.4285,-0.55983,1.9102,1.4305,0.17809,0.097995,0.062902,0.17922
-0.18337,-0.74837,0.45066,-0.5546,-1.2703,-0.30454,-1.767,-1.0076,1.3325,1.293
-0.4358,-1.1649,-0.44317,0.0091627,-0.5942,0.7146,0.23235,1.6528,-0.26822,-0.23098
0.45725,-0.04753,-1.1804,2.0795,-1.6386,1.1944,-1.1568,-0.91391,-0.73288,-1.749
0.2911,-0.71524,-0.83879,-0.029454,-0.39939,0.17498,0.52897,0.89085,-0.71154,0.92614
-1.9737,-2.3987,1.1802,-0.62377,-0.74696,-0.10117,0.65647,-1.758,1.4767,-1.064
-0.33906,-0.36441,0.33757,-1.0967,-1.3276,0.78114,0.71182,0.2255,-0.02614,0.87678
-1.0786,-1.5584,-0.84281,-0.11744,0.16658,-0.5676,-0.45519,-0.019611,1.073,-0.57943
0.1119,-0.31055,0.96844,0.5479,0.092687,-0.22357,0.59595,-0.78316,-0.70378,0.88313
-0.71747,0.14065,-0.96493,-0.040574,-0.65739,-0.20496,0.76001,-0.15443,0.016773,-0.39615
-0.014159,1.6925,-0.64587,0.75496,-0.83477,0.04634,-1.4738,1.5648,-1.8355,-0.14585
1.2536,-1.3416,0.50673,0.53871,-0.2952,0.20474,-0.092244,-0.38771,-0.42657,-0.26531
1.7018,-0.15629,-1.6314,0.74422,-1.5066,1.2119,0.284,-0.16644,-0.23663,1.2813
0.79855,1.3621,-1.0796,1.7605,-0.18678,-1.9809,-0.38006,0.83863,-1.1242,-1.5396
-1.5981,-0.19671,-0.12926,0.75098,0.13291,-0.35523,1.1416,-0.6639,0.35015,-1.8311
1.4672,1.4161,0.4798,-0.5669,-1.1161,-0.80978,0.6311,-0.27377,-1.185,-0.90098
1.0751,-0.0033724,-1.0843,-0.26117,1.2946,0.35687,-0.10707,0.29474,-0.35333,0.56989
0.25344,-1.0091,-1.7727,-2.4475,-0.32732,-0.93002,-1.0745,-0.92717,-0.025238,1.9067
2.4305,-0.54524,0.23143,0.31907,1.0334,-0.59229,0.41966,0.7829,-0.034734,-0.40312
-0.46095,1.1115,-0.17475,0.79488,0.89937,-0.18885,0.23137,0.37095,0.31928,-1.368
1.7937,-0.44424,-0.68841,1.2225,-0.29104,0.42556,0.22597,1.6245,0.71681,0.11885
-1.1065,1.4648,0.39531,-0.0035344,-1.0547,0.54672,-1.3478,-1.6718,0.014465,-0.70268
-0.39723,-0.61295,0.16584,-0.62156,1.1132,-0.4866,-1.2168,0.38862,-0.47738,-1.2155
-1.1726,-0.35571,0.91348,-0.51896,0.33846,0.8,0.23846,-0.55737,-0.32481,0.39035
0.56261,0.15509,-0.26044,1.8936,-1.2511,0.050942,-1.1883,0.018958,-0.33853,-0.46601
0.36394,0.85539,-2.0046,0.25978,-0.60442,1.6196,1.1044,0.86414,1.5007,-0.4399
-0.65122,1.1493,1.682,0.83378,-2.5713,0.59549,0.011926,0.17285,-0.19574,-2.3714
-1.407,-0.46404,-1.6127,1.0017,-0.8597,0.66366,-0.63582,0.023056,-0.62114,1.1588
-2.6976,1.4316,-0.018027,-0.269,-1.0838,-0.35465,-0.50864,-0.052443,0.40832,-1.6785
-0.95362,-0.51238,-0.27872,-0.76523,2.1985,2.9297,1.2003,0.18732,0.66558,0.33815
-1.4345,1.1199,0.47272,2.2461,-0.65992,-0.40632,-0.58575,2.2659,-1.0418,1.0148
0.66108,-0.5006,-0.47033,-0.4664,1.034,1.6919,-0.21382,-0.239,0.395,0.34344
1.0774,-0.14582,-0.52469,-1.3663,0.81088,1.2648,-1.1304,2.0177,-1.0568,1.5502
-2.0022,-2.2089,0.27475,-0.86366,-0.55779,-0.81229,0.15357,-0.68204,-0.2792,-0.27127
-1.7474,0.16495,1.8359,0.50035,-0.59412,0.82602,0.71231,1.7615,1.1321,0.78642
-0.47895,-0.32806,-1.5186,0.71815,-0.22397,1.5341,1.4279,-1.134,-1.4244,-0.081831
0.94734,0.59532,-0.90491,-0.9318,0.70414,-1.1016,-0.46831,0.70678,0.76075,-0.078475
1.2532,1.2573,-0.06807,0.64772,0.14762,0.50563,0.27293,1.1663,-0.41637,1.5377
1.4705,0.29741,1.3031,0.28747,-1.2492,-0.21867,0.76238,-1.288,0.94781,1.2346
-0.39639,-0.41358,0.95366,0.64988,0.78277,-0.50542,-0.41469,-0.51797,-1.6547,2.5793
-0.65761,1.4959,-1.1096,1.2293,1.0305,-1.5686,-0.33499,-0.24794,-0.47746,-0.51626
-1.0338,-1.6093,0.57251,0.088283,-0.9868,0.057239,-1.1586,0.42037,0.72491,-0.066904
0.55093,-0.56323,0.6028,1.3579,-1.2611,0.40872,-1.3898,-0.76032,0.1655,0.15152
0.7648,1.142,-0.5996,0.17051,0.95472,-1.1072,0.6954,0.78072,1.8495,0.86213
-1.5301,-0.75675,-1.5604,-0.88628,-0.29797,-0.4261,0.74014,-0.31312,-0.65173,-0.76939
-0.13983,0.84425,1.6572,0.18346,-1.0391,0.30618,-0.064762,-0.80501,-0.13662,0.30559
-0.53131,-0.88305,0.57379,-2.8407,-0.10759,-0.74681,1.1865,0.70571,0.22079,-0.57342
0.60216,-0.22904,0.042824,-1.314,1.2867,-0.47065,-0.30482,0.052989,-0.42656,-1.4372
1.1439,-0.63518,-0.59509,0.19253,0.015013,-0.94649,0.30097,1.36,-0.058976,0.43275
1.1995,-0.72662,-0.67047,0.086968,0.45165,-0.16778,-0.89629,1.1909,1.2049,-2.93
0.48749,-0.46865,0.31731,1.3049,0.38852,-0.80935,0.078278,-0.013588,-1.3358,-0.52132
-0.41872,0.74484,-1.167,-1.3126,-1.2865,0.60023,-0.27563,-0.068643,1.0214,1.9172
-0.47766,-1.7327,0.73642,0.54398,-0.5923,1.6848,-1.465,-1.5679,-0.28423,-0.2859
-1.1743,0.22373,-0.47842,1.1313,0.59479,0.54935,-0.80675,2.1859,1.2405,-0.8523
1.1643,-1.4276,1.1612,-1.2356,0.63894,-0.11988,0.30385,-0.13949,-0.18555,0.4206
-0.89836,-0.305,0.30198,1.2853,0.85939,1.0865,0.20103,-0.71307,-0.83261,-0.064678
-1.9473,-0.092089,-1.671,-0.7299,-1.296,-1.005,-0.34033,0.27904,0.97429,1.5372
-0.82701,1.2144,1.6437,0.018883,-0.44267,-1.1552,1.5382,2.4859,-0.044935,-0.7643
1.4511,-1.1099,-1.1204,-0.12367,-0.73067,0.17595,0.15695,-0.7332,0.072519,-0.49455
0.25283,-0.26132,-0.98149,0.73168,-0.069124,-2.1091,-1.5676,1.1333,0.7477,-0.1505
-0.36676,1.1127,-0.23513,-0.25065,-1.2949,0.82989,2.3875,0.55182,0.052176,0.32791
0.2043,-1.1961,-1.0504,0.095787,-1.3969,0.059405,0.89736,-0.83707,0.96665,-1.8464
0.38844,-1.8181,0.3046,-1.6433,1.3781,-0.0029637,1.3859,1.4786,-2.6845,0.1161
0.43795,0.54398,-1.4199,-0.47839,-0.14041,-0.049562,-0.74952,0.41653,-1.3502,1.1129
-0.18028,-0.46327,0.81247,0.65407,0.94091,2.1308,0.28753,0.71095,0.019251,1.2904
2.2844,1.6766,0.59541,0.021332,2.3257,-1.58,1.0305,0.08402,-0.55486,-0.13241
1.0582,-1.0226,-0.70419,1.0713,-0.51333,0.20072,0.936,-0.3423,-2.5911,-0.3297
-2.4769,0.031563,0.8875,0.44357,-0.086693,-0.37634,-0.52622,-1.3843,0.68362,-0.28725
-0.95141,0.36819,1.5169,0.21176,1.8664,0.68176,-0.25972,-0.01177,-1.4985,0.65545
-0.032491,-0.0022926,-0.86525,-0.53597,-1.9813,-0.094499,-0.42126,-0.45377,-0.055445,-0.31883
0.49718,-0.15827,0.026256,-0.23391,0.46543,-0.65228,0.00081008,-1.2219,-0.11234,0.50296
-0.28475,-1.0899,-1.4782,-0.22361,-0.42695,0.38807,0.6917,1.81,0.58915,0.25151
-0.045865,-0.55405,0.95091,1.667,0.84715,0.23849,-1.2265,1.2741,0.27186,-1.4318
-0.32492,0.70105,1.843,-2.2596,-0.58132,1.4617,0.2942,-0.45433,-0.33137,0.67519
-1.3164,1.0955,1.92,0.8183,0.3132,-0.19033,0.36769,0.58237,1.0149,1.447
2.1298,0.14609,0.56632,-1.1173,-0.64223,1.8362,-0.72769,1.7962,0.27599,0.40093
-0.19612,0.3639,-0.47807,0.88439,0.43714,-0.43889,0.42216,0.96261,0.27535,0.59602
2.3247,0.55765,-2.7141,0.90453,-0.11179,0.27474,0.037521,-0.84109,-1.6828,0.19295
-0.89022,2.0136,-0.2543,-0.76582,0.048138,-2.0081,0.8416,-0.70097,-0.73264,0.88009
-0.25718,-0.58189,0.75105,3.1736,2.3846,0.588,-0.30702,-0.56352,-1.1594,-2.0019
-1.3088,-0.087892,-0.36451,-0.4592,1.4019,1.4436,0.053416,0.49865,-0.89738,-1.1569
-0.8556,-1.2174,-0.81518,0.3027,-0.025417,-0.72561,-0.097725,0.010952,0.82667,1.0001
0.90204,-0.90855,1.2493,0.76414,0.51715,0.12263,-1.359,1.833,-0.18753,-0.65361
0.75576,0.13934,-0.88159,-0.66373,-0.50494,3.0555,1.2989,-0.18203,0.032888,-0.7757
-0.87547,0.48744,-1.3253,1.8117,-0.23123,-0.68682,0.33176,1.0011,-0.25803,-0.70996
0.15096,0.54506,-0.57664,1.1136,-0.63944,-0.7118,-0.69479,0.2676,0.87884,0.78112
-0.4404,0.44436,1.2441,2.2489,0.4595,-2.2039,1.4765,0.66388,0.60091,-0.79354
0.82765,-0.95931,0.95141,-0.28695,0.50603,1.1725,-0.0049628,-0.33441,0.17628,-1.4313
-0.76932,0.6116,-0.9349,-0.74227,0.029943,-2.3448,-0.81888,0.99744,0.65502,-0.15378
1.5558,-0.49413,-1.527,0.52484,-0.12598,1.2695,1.1041,-0.41285,-0.48434,0.28202
-1.5504,-0.31127,-1.4868,1.3794,-0.14013,0.64553,0.92841,1.1757,1.9546,0.61892
0.29075,-2.2821,1.9657,1.0425,-0.086152,0.47281,0.67897,0.17932,-0.42755,1.1673
-1.513,-1.057,0.12772,0.30319,1.6579,1.3051,-0.30537,-0.44706,0.70914,1.3989
-0.72565,-1.849,-1.1743,0.002478,2.6544,-1.5853,0.20625,0.1821,2.2684,-1.8895
-1.0756,-0.35138,0.86642,-0.42888,-0.79455,-1.1261,1.3437,2.2568,-0.36367,0.28145
1.5488,-0.93298,0.52057,-0.016575,0.54845,-1.3848,-0.80018,-0.21222,-1.0135,0.37154
-0.16252,-0.45306,-1.1892,0.72022,2.175,0.15841,0.18127,-0.60781,1.1306,-0.2857
0.32582,0.26415,0.048931,0.077668,-0.94069,-0.60644,0.73905,0.39139,0.54294,1.0016
