-1.4419,-1.3902,-0.51118,0.49025,1.0608,-2.112,0.71117,-1.255,-1.8541,-0.43857
-0.96007,0.74564,0.47893,-0.82199,0.52794,0.73599,2.1291,-0.2919,-0.24448,1.093
0.34758,0.91732,2.8147,-1.603,0.16235,-0.60242,-0.7324,1.1115,0.49393,0.10414
-0.10312,-0.17763,0.83336,-0.3867,1.1012,0.52319,0.094745,-0.63343,0.80194,0.6404
0.66063,-0.19735,0.88714,1.3497,-1.4441,-0.89967,-0.85234,0.0054719,0.073693,1.1134
1.1571,-0.17146,0.061349,1.0775,-0.77892,0.15624,1.0359,0.81244,2.9527,-0.72419
-0.91939,0.6009,-0.5892,0.12702,0.42988,1.733,0.52632,1.0433,1.2488,2.749
-0.97052,0.085799,-0.92744,0.39946,0.20055,-0.1623,0.98461,-0.75166,1.9301,-1.2826
0.4561,-0.75292,-1.8498,0.77261,0.83021,-0.67848,-0.13471,0.70302,-1.009,-1.1239
-0.12082,-0.79676,-0.15923,-0.14048,-1.8465,-0.46694,0.22546,1.6,-1.3748,0.74853
0.012899,-0.48926,-1.8368,-0.58361,-1.2076,-0.084287,-0.27639,0.5297,-2.2233,1.4536
-0.88556,-0.59963,0.44333,-0.074627,-1.6041,0.37532,-0.94271,0.18396,-0.83667,-0.39851
-0.94859,-0.44197,0.83859,1.3045,-1.7395,0.035683,0.32209,0.51573,0.81495,0.44741
0.4468,0.14826,-0.6988,0.68922,0.22948,-0.87479,0.86588,0.0021608,-0.635,1.4164
1.5601,-0.60793,-0.35203,0.75453,1.278,-0.36316,-0.67741,-0.11735,0.14235,-0.58326
-0.34652,0.8603,0.083402,-0.55087,-1.9613,1.6074,-1.765,-0.25603,1.3952,0.028058
1.1082,-0.30019,0.95669,1.2672,-1.3127,1.3187,-0.50448,-1.2162,0.45897,-0.46488
1.3697,0.37853,-0.97894,-0.80449,0.069798,-0.91867,-1.9386,-2.0587,0.97235,-0.14848
1.072,-0.41258,0.23899,-0.93988,0.09345,-0.12527,0.95527,-0.2758,1.4154,0.18559
1.5164,0.67274,-0.39623,-0.20619,1.2494,0.77621,1.1785,0.88024,0.030215,-0.46003
0.35878,-1.2819,-2.3175,-1.5264,1.9277,0.40478,-0.73745,0.021786,-0.57765,-0.047029
-1.6142,-1.5324,-1.8402,-0.24488,-0.24058,0.38832,0.88824,-0.73231,-0.11168,1.01
-0.82377,-0.73502,-1.8327,-0.27556,-0.58595,-1.7728,1.0806,-1.0003,-1.5555,0.6949
-0.15456,2.2447,0.098176,-1.9574,-0.15243,1.2515,1.2727,0.13639,-0.033376,-0.58265
-1.4519,1.6724,1.121,-0.45094,0.53971,-0.7189,3.4007,0.72845,2.0566,-1.2974
-0.5242,0.72111,-1.0118,1.1592,-0.24423,-0.6729,-0.79979,-0.02968,-0.91317,-0.39875
1.2747,-0.18778,-1.003,-0.85425,-0.026039,0.72189,-0.5943,0.54178,-1.0117,0.31872
-0.78047,-0.47316,0.45926,1.5767,-0.75216,0.60971,0.30361,0.17124,1.4751,-1.5031
0.20298,-0.24968,0.8996,-0.94767,-0.96801,0.44632,0.33748,1.7856,-1.0192,-0.16547
0.28128,0.24775,-0.31429,-0.32962,-0.51465,1.634,0.040212,-1.4144,1.4907,-0.98814
1.8452,1.5002,0.23008,-0.26641,0.31464,-1.1287,-0.70675,0.86518,1.7896,-0.14781
-0.25182,0.66244,0.027238,0.34482,0.21502,-1.3256,-0.29958,-0.66821,0.30145,-0.18326
0.64536,1.4341,-0.99954,-0.89557,-0.8233,0.64465,0.78482,1.0059,-1.1511,0.50666
-1.2313,-1.1667,-0.22201,-0.29981,0.82832,0.64132,1.0476,0.047098,-0.3423,1.8442
-0.87714,-2.2116,-0.054651,-0.18558,-1.2549,-0.22701,-0.64236,-0.52129,0.62471,-0.58902
0.32655,-0.35801,1.2558,0.91725,-0.0028147,0.46308,-1.2689,0.52618,0.092324,-0.37736
0.52435,-1.2453,0.50034,-1.7727,-1.6368,-0.88804,1.1343,0.76019,0.51044,0.37342
-0.47217,0.24183,-0.16798,0.80617,-0.066935,0.45595,-0.9967,-0.8558,0.14794,-1.1665
0.27473,-1.37,-1.0402,-0.21692,2.2021,-0.13873,-1.058,-0.24465,-0.11195,-0.98428
-0.67273,0.43618,0.43826,0.90486,-0.92621,1.3748,0.86008,0.16076,0.8379,0.48056
0.57425,-0.49569,-1.4682,-0.29981,-0.10677,-0.38122,0.78718,-1.1418,1.6827,-0.49862
-0.70235,0.31343,-1.9234,-0.47289,0.85381,-0.69733,-0.084943,-2.1918,0.066975,0.21786
0.2513,-0.16618,0.75551,-1.8138,-0.20046,0.89984,0.20616,0.28516,-0.28126,0.77699
0.35241,1.3898,-1.0267,2.406,-0.58577,0.31279,-0.7886,1.7098,-0.31336,0.65244
1.4329,-1.1038,0.52977,-0.73823,1.3681,-0.71636,0.085285,0.013937,-1.3833,0.34198
-1.1095,-0.32486,0.45372,1.8493,0.15079,0.93439,0.94858,-2.2235,-0.16991,0.68691
0.21376,-1.4542,0.94598,0.057682,2.4188,-0.76987,-0.12899,0.79328,0.52567,-2.6442
-1.7264,-1.641,-0.3635,-0.13173,1.9277,0.2189,1.28,0.27153,0.50441,-1.9818
0.12683,1.3147,0.60184,0.78679,-0.98939,-0.21648,-1.8921,0.30819,-0.96769,-0.31325
0.78431,-0.33718,0.32546,-0.18052,0.59562,-0.99536,0.39735,-0.27713,-0.56903,2.1979
-1.0672,0.071728,2.225,-0.33308,1.5369,1.1342,0.32485,-0.90614,-0.92142,0.58917
-0.20514,-0.63733,0.89646,-0.73575,0.36541,1.0971,1.7331,0.14736,-0.7773,1.1176
1.2286,0.30659,-0.49621,1.4076,-0.098114,-0.71707,0.9075,1.9063,-0.73157,-0.98989
1.6558,-0.19212,-0.63796,-0.35243,-0.5699,-0.66925,-0.97415,-1.9374,-0.62486,1.9855
0.0020492,0.14561,0.22811,-2.3762,-1.2633,0.11767,0.68824,-1.353,0.049322,-1.0506
1.4858,-0.9223,0.75821,0.54583,-1.0885,0.45109,0.70357,1.5066,0.077286,-0.18679
-0.15855,-0.33913,-0.20349,-0.069506,0.47872,-0.99079,-1.3624,0.98805,0.68656,-1.5399
-0.87394,1.4941,-0.76595,-0.98035,-0.50664,-0.84372,-0.4848,-0.5378,-0.11915,1.8844
-0.10384,0.75021,1.6539,0.47018,-0.62405,-0.33418,-0.058989,-0.94773,-0.14368,-0.3275
-1.7426,0.19516,-0.020843,-0.19704,-0.091293,-0.080635,0.76593,-0.022799,1.8309,-0.68199
-0.82625,-0.86605,-1.8061,-1.7061,-0.6688,-0.4559,0.98467,-0.27619,0.5051,-0.78721
-0.62122,0.23839,-2.1828,-0.28295,0.02149,0.1823,1.4686,-0.91602,0.48162,0.28132
1.3784,-2.126,0.34746,-0.32959,1.6819,0.97074,-0.1068,-1.6893,1.238,-0.58861
0.22255,0.98687,-0.36883,-0.31299,-0.11348,1.384,-1.0728,-0.61111,-0.88943,-0.077943
2.0441,-0.28068,1.0798,-0.92511,0.99229,-0.86046,-0.36818,-0.13738,1.5147,1.108
0.44513,0.039127,0.17214,0.71807,-2.1188,-0.60292,0.34668,0.74186,-0.89105,-0.3727
0.35364,2.1301,0.24842,0.25121,-1.4929,1.205,0.17836,-0.20358,-0.2428,-0.22871
-0.22373,0.57285,0.96729,-0.55397,0.49654,0.30446,-0.51416,-1.433,0.33224,0.93667
-0.89154,1.1385,-0.68333,0.81834,0.65762,-0.5031,-0.68292,0.8676,0.8801,1.0222
0.16947,0.97948,0.079314,-0.49806,-0.93674,-0.21921,1.1395,0.38989,0.0032154,1.1596
-0.37614,-0.34954,0.37609,-0.63673,1.0125,1.7644,0.54077,-2.3446,0.26947,0.83868
-1.5573,-0.058817,0.76395,0.31236,-0.75305,-1.2314,-0.6152,-0.29507,1.2978,0.88201
0.51494,0.044664,1.8938,-2.2214,-0.19887,-1.5045,0.7862,-0.14526,0.4215,1.8593
-0.16499,-0.36643,0.45546,-0.83867,0.58166,0.4436,0.74886,1.1105,0.67991,-0.00058548
0.262,-0.23155,-0.65571,-1.3012,-0.057831,0.064787,0.14732,-0.33426,-0.5366,0.4756
-0.5204,-1.8736,-0.25481,-0.17363,-1.1698,1.5563,0.97359,-1.7031,0.051674,1.3811
0.6854,0.059874,-0.73828,0.46449,1.667,-0.016544,-0.46319,0.4514,1.0457,-1.2646
-0.59854,-0.15265,0.79991,-0.44547,2.4451,0.3463,-1.7987,-0.88612,0.34092,-1.505
0.35579,-1.6152,0.062835,-1.5938,0.4424,-0.21285,2.0985,-0.72383,-0.64762,0.19991
0.66819,-0.57079,-1.7592,0.12975,-2.0752,0.43239,0.84018,-0.22739,-0.16941,-0.32549
-0.12535,-1.3382,0.52952,0.15205,0.9456,-0.81073,-0.43251,-0.95601,-1.5366,-1.4578
-0.92037,0.17681,0.41171,-0.84489,0.74807,-0.21909,0.86872,0.87618,0.81201,-0.013018
0.23864,-1.0526,1.4173,-1.4104,-0.2458,-2.7312,-0.047356,1.1164,0.81163,-0.36322
1.0772,0.41447,-0.030752,1.1455,-1.4939,0.30826,-1.4984,0.017366,-0.40783,0.36292
-2.178,-0.15716,-0.12431,-0.64144,-0.81357,-0.28199,-0.46311,-0.53653,1.635,1.3492
0.114,0.49856,0.49296,0.059677,-0.64726,-0.15773,-1.1742,-0.46784,0.26008,-2.392
0.14114,0.72857,0.97853,-0.28874,-0.46933,-0.65329,-1.488,-1.1007,1.1387,-1.4161
0.34995,-1.1029,-0.53399,0.1183,-0.81156,0.82404,0.83752,2.4042,0.62114,0.20336
-0.37868,-0.16813,-1.6725,0.38782,-0.33952,-1.1958,0.70531,0.17373,-0.90913,-0.20559
0.33818,-1.6993,0.86089,-0.4864,-0.89727,0.81046,-0.97625,0.99023,0.76988,-0.10949
-0.55409,-0.87796,-1.5594,-1.0973,-2.412,0.24284,-0.33121,1.8208,0.81177,0.3377
0.2553,0.01117,0.13746,0.38743,-1.508,0.58804,1.7718,-0.018024,-0.0098637,0.31949
1.1481,-0.57881,0.63152,1.8714,-1.5019,0.59726,-1.528,-1.2883,1.2004,0.25236
-0.090769,0.8536,0.12424,-0.33873,1.2649,-1.3049,-0.97598,-0.39706,0.050169,0.69464
-1.0792,-1.2249,1.0713,-0.48097,0.21331,-1.3427,-0.018631,-1.1444,-1.4494,-0.64296
-0.10337,-0.66716,-0.23853,0.62405,0.45665,-0.08583,-2.1825,0.92895,-1.3564,-0.025143
0.4341,1.5342,-0.36307,0.41846,1.3242,-0.54316,-1.1821,0.62188,0.051326,0.99793
-0.27022,0.77594,-0.22947,-1.9701,0.82605,-1.0208,0.60378,-0.1866,-1.3541,-0.1316
1.6613,-1.9092,-0.75363,0.19718,0.16998,1.0234,1.174,0.11053,0.5128,1.2251
-0.44117,-0.074301,1.0789,-0.5509,-0.027441,-0.81011,1.8693,0.27442,1.8411,-1.8754
-0.42508,0.097402,-0.013902,-0.26049,-0.72035,0.28706,0.41851,0.13911,-2.0275,-0.1294
1.6297,-1.1793,0.41592,-0.68049,0.4436,-1.9557,0.94721,2.2282,0.72725,1.0607
0.29864,1.9143,0.035776,0.26936,-0.12483,-0.0975,0.25662,1.3592,-0.86593,1.5432
0.53531,-0.69077,1.9685,-1.5489,-0.87283,1.3195,0.47743,-2.2346,-1.1143,0.55049
1.3336,0.77056,0.77874,0.30655,-1.5997,-0.41196,0.75342,0.45549,0.34987,1.2345
-0.65518,1.0224,-0.010722,0.098471,1.2093,1.7774,-0.049533,0.36496,-0.32036,0.77823
-0.1857,0.52433,1.8057,0.5883,0.59648,-0.055591,0.29719,-0.80644,0.41952,-0.95158
0.86949,0.17992,-0.0053612,-0.28837,0.47538,-0.038997,-1.8141,0.91914,0.92144,1.1571
-0.79666,0.56662,0.37719,1.2171,-0.097365,1.3782,0.71229,-0.29318,-0.58673,-0.27815
0.23886,-1.0154,-0.27594,-0.4839,-0.22987,0.92636,-0.08282,1.8679,-0.5074,1.214
-1.1634,-1.023,0.1839,-1.3675,0.87972,0.81393,0.16838,0.77305,-0.26809,1.0304
0.50932,-0.32132,-0.95535,0.7184,0.49431,0.094192,0.25929,1.9728,-0.27596,-0.31569
2.2357,-2.2879,1.38,-0.41373,-1.1324,1.1269,-0.53023,-0.9435,-0.75803,1.0343
-0.16254,-0.39725,0.92275,-2.5805,0.50498,0.32117,0.25116,-1.5509,-0.5044,-1.4347
-0.40227,2.437,0.82116,1.3455,1.9766,0.82193,0.051153,-1.2558,-0.57785,-0.2352
1.6611,0.34423,0.68517,-0.48419,0.40023,0.10637,0.37791,-0.53553,1.1389,-0.79392
-0.938,0.28519,0.6331,-1.2992,-0.35148,1.4199,-0.649,0.31535,1.0113,-0.35986
-0.37659,-0.20468,0.54127,1.212,-0.68728,-0.38634,1.2166,0.58291,0.77402,1.4671
-0.03279,-0.10434,-0.64174,-1.154,0.96547,-0.057563,-0.93251,-1.2762,-0.39975,-0.47407
0.607,-0.72394,-0.86293,-0.59269,1.7204,-0.83045,-1.4984,-1.2299,0.93887,-0.036631
-1.089,1.3747,-2.2421,1.5208,-0.67595,0.025356,-0.096515,-0.46325,1.1355,-0.13335
-0.96778,-0.36624,0.59811,-0.25703,0.81747,1.2088,1.8275,-0.40247,0.52843,-1.2337
0.30444,0.31802,-0.17528,0.14346,-0.48666,0.23171,-1.8835,0.27723,-1.1927,-0.85817
-0.18914,-0.90066,-0.46406,-0.38448,-0.6787,-0.20526,-1.2632,-1.6655,-0.271,-0.41048
-1.676,-0.88488,0.57873,-1.708,0.31612,1.8834,2.2125,0.46634,0.04764,1.1242
-1.7236,-0.60837,3.3246,-1.0006,-1.0064,-0.62396,1.5863,0.25305,0.9611,1.1762
-1.7321,-0.66162,-1.7004,1.7333,-0.0021375,-0.61157,-0.51434,-0.42426,1.0909,0.79889
0.01981,-1.4924,-1.8167,-0.18857,0.21615,0.087146,-1.837,-0.10093,-0.22142,-0.20975
0.45313,-0.061005,-0.66311,0.27203,-2.7402,1.4719,-0.30412,-0.59731,-0.14872,-1.0353
0.66707,-1.4596,-0.2886,0.81282,-0.5198,-0.65724,-0.36608,0.44238,-1.3096,-0.34834
-1.062,0.081904,-1.4053,-1.3419,0.8274,-0.54992,-0.35296,2.2545,1.1387,1.1783
-2.0108,0.49589,-1.9802,-0.13731,-0.062795,-0.81743,-1.6037,-0.043722,0.17289,-0.71823
0.59223,0.69724,-1.5224,-0.095375,0.13474,0.70891,1.4267,-1.0744,0.31502,0.28792
-0.084205,0.90132,1.1687,0.28932,1.6814,0.93594,0.091494,-1.3892,0.41732,0.58398
-0.017747,1.75,-1.1928,0.57919,0.48542,1.4512,-0.025119,1.3144,-2.2604,0.45853
-0.4061,-0.83759,-0.73221,-0.45685,1.2775,0.41994,1.2558,1.3045,1.7685,0.10615
-0.31156,-0.84601,-1.3259,-0.46464,0.76883,-0.10977,1.9674,-0.83031,-1.2632,0.015853
1.9018,1.1506,1.2759,-1.4455,0.058679,-1.6846,-0.72957,-0.18509,-1.1473,0.91184
-0.15385,1.4234,-1.0721,-0.82726,-1.112,1.8926,1.6386,-0.32848,0.52538,0.6695
0.51079,-0.4457,-0.47007,1.5565,-1.2524,1.69,0.73763,-0.72983,0.3063,0.56813
-2.1713,-0.67948,-2.3113,0.48721,1.4787,1.5075,1.2016,1.5821,0.14039,0.76804
-1.4873,-0.5103,0.40632,0.61584,-0.41944,1.1868,1.4879,-0.77801,-0.10891,0.5434
-0.7817,-1.4547,-0.49518,-1.5467,-0.46642,-0.42963,-1.4941,0.053333,-0.72139,1.7349
0.14679,0.25151,-0.038148,-0.82882,0.48915,1.5793,0.6916,0.3287,-0.14013,0.29495
0.36166,0.65695,2.8563,-1.3567,0.10415,-0.87887,0.24444,-0.54704,0.52086,0.88382
2.5098,2.3162,-0.96021,0.86105,-0.43114,0.93171,0.44383,0.97314,-0.26569,-1.1745
-1.7573,-0.36591,1.6563,-0.44711,1.6649,0.20527,-2.6672,0.15446,0.3655,0.9939
-1.7281,-0.16218,-0.11294,-0.037166,-1.8893,0.5483,0.74333,0.39391,-1.352,-1.1351
-0.28118,0.37079,1.6753,-0.019224,-0.561,-0.39776,-1.0747,-0.45379,1.4688,-0.012151
-0.86942,0.28257,-0.74977,-1.2028,-0.94603,-0.13506,0.39658,0.18715,1.0481,-1.3876
-1.0386,2.2661,2.3986,0.49124,0.46637,1.5548,-0.56497,-0.67713,-0.076556,-2.4698
0.95289,0.3389,-1.5278,-0.022458,2.02,-2.0598,-0.00020665,0.809,1.0555,0.00035753
-0.42668,2.0243,1.1173,0.32244,1.8864,-0.54746,1.047,-1.5474,0.30451,0.80153
0.46852,0.87962,0.73161,1.1235,-0.2663,-0.9824,1.5587,-1.1831,1.6748,1.2873
0.20345,1.4813,-0.48388,-0.35596,-0.47582,0.078597,-0.82692,0.78511,0.82218,-0.5339
-1.6007,-0.9843,0.50932,1.4095,1.2454,-0.18132,-0.027944,-0.96423,-0.65016,-0.40283
0.76586,1.5387,2.0919,-2.449,-1.5882,-0.62138,0.96521,1.2936,-1.5518,1.3777
-0.25631,-0.88448,0.019049,0.40234,-0.22657,-1.7247,-0.31024,1.0709,-0.40347,1.4327
-0.66216,1.3257,1.1504,-1.8302,-0.13704,-0.18797,-0.17613,2.7504,0.50058,-0.66445
-0.15319,-1.1674,0.80732,-1.12,-0.21807,-0.49584,-0.46411,-0.81973,0.14796,-1.0335
0.39334,2.7477,-1.2674,-2.1241,-1.4857,-0.40627,-1.2402,0.28782,0.80765,-0.41538
1.105,0.70019,-1.0853,0.31707,-0.93677,-2.1329,0.22019,1.266,-0.98116,-0.48098
0.10209,0.23897,0.51609,-1.121,0.95449,2.351,0.0023574,-1.2691,1.1066,-1.3472
-1.7247,-0.1649,-1.3208,-0.25836,-0.47443,-0.27387,1.2968,-0.83974,0.64844,-3.0699
0.83433,0.067486,-0.58194,-0.078686,-0.57511,0.80144,0.82938,1.4488,1.2897,-1.2294
-0.54648,0.13325,-0.0046225,-1.4804,-0.85677,-2.423,0.54435,0.8501,-0.206,0.22791
1.8452,0.12775,-1.1476,-0.59034,-1.0039,0.31629,-1.3476,-0.29994,-0.87273,-0.67875
0.61003,0.33485,1.1322,2.038,0.24786,0.17668,-0.91461,-0.75087,-2.7983,0.66928
0.65415,-1.0611,0.26331,-1.3485,-0.23759,-0.44603,0.46861,-0.39825,-0.82112,-2.4626
-0.34103,-0.41612,-0.56013,0.75121,0.071787,-1.9267,0.35611,-1.3385,0.22185,-0.91426
-0.84325,0.45516,0.043804,-0.6531,0.76196,0.014194,-0.3781,-0.52016,-1.7648,-0.61294
-0.7299,0.048213,-0.52447,0.92613,2.2707,1.8977,-0.2683,0.31163,1.5334,-0.4452
-1.2966,-0.3934,0.083451,0.59286,-1.7259,0.32876,2.0088,-0.32373,-0.76903,-0.21865
-0.82368,0.70814,1.7259,0.92827,-1.0742,-1.2648,-1.0296,0.53399,-0.6921,1.2115
1.1819,0.9057,-2.1677,0.55662,2.8273,-1.8865,-0.36184,0.19539,0.0023149,-0.57169
-0.59826,-0.3306,-1.7932,-1.5471,2.4895,-0.61141,-0.35288,1.3996,-0.15013,-1.3575
-0.059572,-0.9938,-0.16876,-0.47127,-0.69269,1.6369,0.12567,0.11807,-1.2298,1.4914
1.5574,1.063,0.62791,-0.10497,0.52495,-0.77985,1.0107,-0.10314,0.18965,0.068893
-0.49871,-0.25581,-0.14142,0.23121,-0.95216,-0.30815,-0.66524,-1.0071,-1.3144,-0.85535
-0.20145,-0.59912,0.54075,-0.43441,1.3523,-0.12823,0.73198,-1.5647,-1.2111,-0.91771
0.69134,1.7617,-0.17855,-0.68202,0.43776,0.65602,-1.4406,1.8334,1.1895,1.4412
0.19941,1.0794,-1.0942,-0.51245,0.62981,-0.46048,-1.1814,0.075715,-0.27903,1.2032
0.4626,-0.90792,-0.17766,-1.0326,0.2279,1.329,-0.39422,1.9456,1.0971,-1.1541
-0.37836,1.7372,0.9472,-0.28894,0.57027,-0.18591,-0.89247,0.11194,-2.371,0.15329
-0.17689,-1.6815,0.74891,-2.4348,0.28515,0.21441,0.32485,1.6124,-0.031628,0.68087
1.6199,0.58793,0.22313,0.79083,0.21535,-1.5634,0.38246,0.26088,0.21992,0.10974
2.0215,1.0506,-0.83845,-0.64425,1.6724,-0.16931,-0.5628,0.77863,-0.64977,0.21763
-0.034359,-0.24505,0.3276,-1.5012,-1.7388,0.26875,-2.1562,-0.19355,0.13025,0.54734
-0.77406,-1.6116,-0.18502,1.8681,-0.94863,0.022305,0.062608,0.99475,0.40412,-1.845
-0.090828,-0.6448,-0.7115,0.50725,1.6804,0.96221,-1.0205,-1.216,1.2687,0.72422
-0.57742,-0.55664,-0.61534,1.4793,-0.096949,0.91383,0.067339,-0.81982,-0.36124,-0.43523
-0.71855,0.64649,2.1834,0.90368,0.18234,2.0813,-1.337,0.56721,0.15495,-1.3825
-1.9744,-0.042692,1.295,-1.0257,-1.025,0.039874,1.6091,-0.34515,0.24128,-0.35558
-1.5501,0.019127,0.61884,-0.22908,2.5727,-0.0091546,1.4027,-0.80688,0.32689,0.37658
-0.029375,0.96368,1.2966,-0.23757,1.285,-0.15404,-0.52768,0.80936,1.171,0.59789
-0.64709,-0.64883,0.24402,-0.038966,0.017739,0.74718,0.077171,0.43983,-0.36265,0.62476
1.3223,-0.81445,-1.2057,0.49065,0.14887,-0.25141,0.058448,-0.60624,-1.6662,-0.28548
-1.8512,-0.28018,-0.84491,0.74716,-1.9958,-0.46694,-0.72777,1.062,1.3701,1.5804
-0.92869,-1.3401,-2.1693,0.13168,0.91342,-0.014612,1.437,0.4871,-0.12995,-0.99077
0.50276,-1.1799,-0.33267,1.2282,0.40988,0.76659,-1.0674,0.28365,1.583,-0.64875
0.469,-0.23804,0.6955,0.44636,-0.54316,-0.049763,-0.41994,0.69458,1.2608,1.4527
-0.44021,-0.76596,-0.62953,-0.3746,0.46983,0.02238,0.62197,0.79303,-0.6717,1.561
-1.0034,-0.85913,-0.52582,-1.1123,0.84617,0.90042,0.37477,0.79305,0.053661,0.061019
-2.3712,-0.38516,0.32334,-0.83771,-2.2248,0.038773,1.3472,0.5492,1.4571,-0.097029
-0.47582,1.279,-0.5707,-2.2537,0.088291,1.0899,0.0084174,-0.91349,0.17978,0.094497
0.46954,1.2482,-1.304,-0.018166,0.2854,-1.3795,-1.699,1.2711,0.58191,-0.61118
-0.12097,0.2384,-0.71778,-0.052976,1.0138,1.947,-0.25606,-1.0865,0.48411,0.57105
-1.3692,0.21495,0.47377,-0.40916,0.18259,1.5637,-0.25374,1.1219,1.5209,-0.4198
0.95576,-0.76327,-1.0253,0.94453,-1.0037,0.45107,1.7189,-0.56047,1.7618,-0.16003
0.73697,-1.0247,0.44024,1.3228,-0.45223,1.5981,-0.34709,-0.58191,-1.255,-1.4697
-0.19037,-0.67414,0.31219,-0.97814,0.26222,0.42591,0.92636,0.045088,1.07,-0.90796
0.082204,1.1141,1.0439,-0.062853,-0.46859,1.4657,-0.66109,0.40756,-0.32868,-0.13522
0.07365,0.95191,0.093927,-0.47121,0.50148,-0.87619,-2.1375,0.0029572,1.3437,-0.98777
0.17838,0.84399,0.99193,-0.1286,1.0653,1.0397,-1.7409,-0.20751,-0.099787,0.15538
0.77184,-0.37537,-0.53859,0.034433,1.9598,-0.61106,1.2362,-1.1671,0.19669,0.88419
-0.36032,0.99027,0.99386,0.45208,1.1337,1.0823,-0.1616,0.27328,0.80561,1.2783
1.589,0.041278,0.38568,-0.23953,0.28512,0.93912,0.12933,0.3294,-0.38769,0.91671
-1.1447,-1.1167,-1.6303,0.43012,-1.4157,-1.3304,0.0974,0.71895,-2.1727,-1.5756
-0.32195,1.0742,1.1144,-0.3107,2.1891,-0.967,-1.2736,0.21818,-1.5359,0.19038
-0.80087,-0.68019,-0.13718,-0.22976,0.44109,1.648,-0.58843,0.025807,0.65989,1.6742
-0.66574,-0.59412,-1.0417,-1.3344,2.6628,0.61026,1.4345,-0.0048193,-0.49626,-0.75168
-1.6519,-0.59169,0.61234,0.61378,3.2639,-1.052,1.1738,0.050923,1.0513,-1.7205
1.1657,1.1631,0.45904,0.029501,-1.2375,-0.7351,-1.6918,0.42211,-0.015495,-0.22983
0.076282,-1.2304,0.33054,-0.58734,1.4058,0.78608,-0.43457,-0.77346,-0.54002,-0.2891
-0.12692,0.30648,-0.48484,0.0076581,1.397,0.24293,0.11712,1.4395,-1.5792,0.4959
0.096215,0.17489,0.66082,-1.3349,-0.81185,-0.22356,-0.4176,0.12614,-1.6506,-0.62203
-0.71076,0.68736,-1.3376,0.308,0.040212,-1.1744,0.3428,-0.12382,-0.512,0.97102
-0.36995,0.59543,-0.62935,0.21227,0.36523,0.12048,-2.1577,-0.0536,0.30492,1.4527
0.89737,1.0164,1.7587,-0.44033,-0.98006,0.18243,0.70593,0.39233,1.9537,-1.2064
-0.066568,1.0549,-0.36838,-0.97418,0.77274,-0.26714,-0.19519,0.0017118,-0.26959,-1.4073
0.51102,-0.38318,1.2654,-0.45689,-1.0959,-1.4421,0.56335,-0.84741,1.1678,2.2361
0.65537,1.0821,0.30339,-1.8843,-0.86575,0.31231,1.5857,0.33017,1.3423,0.25998
1.0282,0.10836,-0.55188,-1.6343,0.14627,0.87979,0.48475,-1.9455,-0.16754,1.2444
-0.53497,1.2293,-0.3149,-1.0644,1.061,-1.5582,0.66665,0.15145,-1.8905,-1.1594
-0.74526,1.3555,-0.026858,0.21881,0.3597,0.14803,1.188,0.49182,0.46888,0.85947
0.37945,0.90804,-0.50599,0.57687,-1.559,1.1324,1.1505,0.017813,-2.0688,0.25736
-0.94283,-0.34022,1.4757,0.888,-0.65852,-0.19132,-0.33515,-0.38451,0.55634,-0.069103
1.1756,0.25362,-0.89475,0.24565,0.62456,-1.1137,-0.3055,-0.0058895,0.60736,2.6784
-1.0733,0.066779,-1.0725,-0.96176,0.39799,-0.40448,0.11722,0.32833,1.655,0.91565
1.0916,0.21555,0.4513,-1.2182,-1.4184,-0.059745,0.065466,0.37133,0.95325,-1.8418
1.6264,-0.64565,0.43237,-0.25694,1.5248,-1.4265,0.92946,-0.24641,0.36344,-1.6549
-1.2885,0.078636,1.2956,-1.5335,-0.96772,-0.77973,-0.44779,-1.4083,-0.33662,-1.2964
1.1821,-0.013164,-2.6282,-0.18395,-0.44214,0.94668,-0.17958,-0.29244,0.6319,-0.43576
0.51899,1.3468,-0.17704,-0.63137,-0.021238,1.1262,0.2394,-0.67843,0.44866,-0.42643
0.11566,0.22159,0.36132,0.57936,3.2982,0.13056,0.95178,1.2676,-0.43545,-0.29472
-0.23797,-1.7367,-0.92585,-0.20492,0.13502,-2.7304,-0.90313,-0.20778,0.81666,1.5255
-0.1857,-0.89699,-0.57529,-0.36586,0.31841,0.018064,-0.31283,-0.56912,-0.25309,-0.34641
0.88292,0.25931,0.70533,-0.47979,-0.48727,-0.69871,0.45441,0.23973,-0.96317,-0.71291
-0.6467,-1.1731,0.62665,1.1795,0.73682,0.033332,0.40042,2.9461,-1.147,-0.79839
-0.6098,-0.32515,0.28326,0.69835,-0.46567,0.59006,-0.019189,-0.87874,-0.42431,-1.3804
3.0903,1.1081,-1.4824,1.0022,0.87561,-0.81268,-0.62672,-1.321,-0.86635,-0.45026
1.5915,0.61372,0.63455,-0.17819,-0.13616,1.472,-1.3032,-1.3732,-0.98271,-0.83724
1.0873,-0.38935,0.23862,-0.4212,-0.94817,0.40452,-2.6951,2.1721,1.771,-1.6533
0.95801,0.74187,1.6794,-1.7099,-0.97316,0.44542,0.29486,-1.1244,0.6128,-0.91963
-0.025374,-0.59407,0.70063,-1.9537,1.277,1.9613,-0.75591,0.19356,0.25586,-0.32409
-1.7396,-0.93466,-1.3084,0.30681,-0.12781,-0.43,-0.015639,-1.4603,1.2664,1.0148
-0.19103,0.71307,0.63707,-0.40839,1.3609,-0.3277,-0.81312,0.30941,1.2076,-0.6155
0.76144,0.995,-0.09179,-0.95521,1.8297,-1.0765,-1.4922,-0.58224,0.17541,1.2937
0.67156,-1.9037,-0.056429,0.44638,0.12412,-0.64978,0.31149,0.79267,-0.2912,0.38649
1.6044,0.73912,0.041079,-0.38807,0.032582,-2.6612,-0.93574,0.054116,0.93785,0.19108
1.2222,-1.5435,-0.25596,0.054149,0.59321,-0.63992,-1.3622,-0.4189,-1.8748,-1.3788
0.45383,0.38185,-0.41993,-0.77311,-0.20839,0.25267,-0.69891,0.24834,1.1103,1.636
-0.55173,1.6567,-0.79955,0.73029,-0.52726,0.085798,0.23498,0.42686,-0.71625,-1.26
-0.28267,0.22627,-1.7307,-1.7249,0.47731,1.7813,0.16243,0.1585,-0.065941,0.017939
0.51062,0.8599,0.73852,-0.086975,-2.3115,0.28293,0.41545,0.13937,-1.6841,-0.84168
-0.47101,-0.60034,-1.9533,-0.98999,-1.3531,-0.41146,1.2106,0.27302,-1.013,-0.07912
-0.44476,-0.94716,1.7532,0.68565,0.71052,-1.403,-0.032319,0.01981,-0.89628,-0.55701
1.4544,-1.5671,-0.63532,0.11637,0.38301,0.50992,1.0886,-0.54166,-0.28563,0.7445
-0.13378,0.88408,-0.21952,1.2759,1.8279,-1.4299,0.96935,-0.12864,-0.79906,0.24429
-1.5812,-0.46536,-0.43677,0.52564,0.58216,0.37464,0.41587,-0.85004,0.50503,0.58113
-2.1928,0.95571,0.35699,-0.61909,0.15557,-1.9551,0.84512,-0.13283,-0.75457,1.5584
0.24519,0.1006,-0.01981,-0.088426,1.4996,0.70879,-0.42331,-1.8961,1.5273,-0.60437
-0.47906,-1.1427,-1.3995,0.43193,-0.42389,-0.70867,-0.2311,-0.21166,1.376,-1.269
-0.39742,0.84479,-2.324,0.44877,0.34681,1.6043,-0.49711,0.86138,-1.2785,-0.36761
-0.13962,0.46029,-0.23933,-1.2552,0.65275,1.178,0.08205,0.044863,-0.64086,-1.1384
0.037233,0.078622,-0.14346,0.75008,-1.1521,-0.94887,-0.83567,1.3423,1.5613,1.0693
-1.0191,-0.84391,1.4682,1.6478,1.3333,0.32929,0.59689,0.64494,-0.18037,-0.68761
-0.025347,-1.3303,-0.42683,0.5486,-0.050705,-0.39321,-0.86964,-0.83295,-0.33242,0.51426
-2.1957,1.0151,0.27359,0.5703,-0.43172,-0.60553,-2.738,0.14299,0.18485,0.61937
-0.93387,0.77361,0.61714,-2.4872,-0.037409,-0.14274,0.053285,0.049327,-1.9125,0.3862
-0.39416,2.1384,-1.419,-0.21177,1.1351,-0.55156,-0.098439,0.44388,0.83015,1.4264
0.27739,1.1005,0.73585,-1.387,0.9067,0.20244,-1.54,-0.3255,0.5243,-0.53111
0.27781,-0.14443,-0.13891,0.55225,0.55582,-0.079303,1.8735,-1.1451,0.16754,-0.16808
1.2668,-1.5727,-1.2094,-0.78303,0.037015,0.94891,-2.2119,-0.64941,-0.67188,-0.19712
1.6823,-0.43428,-0.12344,-0.3999,-1.1987,-0.94425,-0.072126,0.88335,-1.2167,2.4746
0.44496,1.9946,-0.49214,-0.87532,0.46505,0.6016,-1.153,0.45544,-0.93808,-0.49954
-0.82657,0.43758,2.2386,0.65964,-0.9441,1.5043,0.7799,1.0684,1.1934,-1.399
0.53326,0.4384,-0.29716,-0.95492,1.4982,-0.23622,0.90428,-0.19,0.29684,-0.13107
1.2527,1.6791,0.67746,0.67944,0.13663,-0.83603,1.0562,0.28384,1.1909,1.155
1.1283,-0.87125,1.1692,0.51632,0.61981,0.74935,-0.13679,-2.0386,1.7625,-1.2489
0.10248,-0.48064,1.3875,-0.38193,0.74964,0.73022,-0.28124,1.8487,0.065565,0.30247
-1.4556,-1.157,-1.4851,0.42562,-0.54033,-1.5135,0.57141,0.51323,-1.2177,-3.8342
-1.2887,1.2049,-0.66891,-1.66,0.71529,1.0133,0.067721,0.27514,-0.3266,-0.012203
-0.3661,1.8108,-1.6948,1.973,0.063705,1.0964,0.059211,0.56725,1.232,-0.46513
0.52062,1.1162,-0.076431,-0.019352,-0.92228,1.3932,-0.027029,0.43303,-0.12231,-1.3116
-0.58941,-1.343,0.8565,-1.006,-1.0282,-0.33761,-0.62156,-0.66558,0.16005,0.59305
-1.5688,0.74775,0.29842,0.53218,0.041179,-0.86254,1.1195,-1.8395,-0.40877,-0.20847
1.321,-0.4657,-1.0818,0.35377,-1.6622,-1.8807,1.8058,0.41012,-1.4532,1.1658
-0.45256,0.20278,1.8276,0.19248,-0.099363,0.014416,-1.1481,0.39785,0.79507,0.47028
1.0004,-0.57025,-0.60929,0.87702,-0.038224,0.26941,0.6524,0.6937,0.28085,0.099581
0.4371,0.85831,1.4294,-0.71126,0.75997,-0.5818,1.1823,-2.0259,0.050179,1.493
-1.3053,-0.97989,0.0076174,1.1839,-0.15084,1.183,-0.045109,-1.3201,1.1058,-0.48663
0.055143,0.39325,0.99094,-0.066519,-0.14731,-0.50391,-0.080461,1.4388,0.51201,-0.49376
0.67387,1.6518,0.7889,-0.27237,-0.16621,-1.7972,-0.43869,1.0745,-0.033885,0.39735
-0.68573,-1.0299,3.3042,-0.0042292,0.85428,1.7259,1.2836,-2.0538,-0.78492,0.48498
-0.69432,1.3628,0.13728,-1.3821,1.6473,0.74861,-0.51144,0.59601,-0.80641,-0.39093
0.32033,-1.3179,-0.66928,-0.44792,0.72837,-1.2009,0.41633,0.42142,-0.917,-1.0931
-1.0378,-1.2902,1.2739,-0.54993,1.0155,1.3801,0.27161,0.71172,0.60946,0.75485
-0.68169,0.81718,-0.31802,-1.4813,0.83783,-0.93669,-0.77015,-1.2823,0.51455,0.54245
1.3258,-0.40436,-0.4044,0.037769,-0.54588,0.37604,-0.12774,0.31296,-0.67777,-1.33
-0.34383,1.7042,-0.26,0.60325,0.54882,0.044492,-1.3548,-2.135,-0.14067,-0.47597
0.45466,0.55859,-0.21581,-0.96388,0.94486,-1.2491,0.85436,1.7654,0.52459,-0.4164
-0.48881,0.97166,0.37587,-0.74197,0.84073,1.4484,-0.83135,-0.09942,-0.43503,0.54739
-1.5437,-0.93983,0.86481,0.83468,1.2571,-0.95833,-0.45197,-2.3968,0.73616,0.092718
-0.47844,-0.66089,-1.1088,0.0034678,0.91213,-0.20634,-0.66209,0.055035,0.40798,2.49
-0.56153,2.0936,0.7648,-0.44747,1.0163,-0.93948,1.465,-1.6069,-0.092811,0.32498
0.20108,0.61628,-0.91691,-0.5638,-0.42667,-1.7391,-1.7274,1.0128,-0.72623,0.65289
-0.50305,-1.5029,-0.88074,-0.97099,-0.79972,1.459,0.42225,0.37356,1.4306,0.3809
1.0104,-1.5047,-3.1759,0.9966,0.74655,-0.25195,-0.19965,1.3093,1.2618,-0.68557
-2.0558,-1.7015,0.19744,-0.90069,0.0080277,0.47293,-0.030264,1.3157,0.28172,-0.15517
0.38899,-0.25511,0.90097,0.91314,0.69628,-1.3297,-1.3781,-1.271,-0.65325,1.8684
-0.53222,2.6513,0.074383,0.50731,1.0981,-1.238,-1.186,-2.235,0.050148,-0.73006
0.9646,-1.8357,0.089274,-0.51284,0.25113,-1.6032,-1.3852,-1.9978,-1.5213,-0.43071
0.068244,0.14004,-0.01079,-0.06968,0.39537,0.97352,-0.40237,0.074896,-0.95212,-1.0712
1.6319,1.9174,0.70902,-0.051659,-1.1489,-1.6726,1.191,0.19556,-0.68281,-0.49952
-0.40852,0.97518,0.77971,-0.39297,1.1091,0.24267,-1.062,-0.36121,1.1505,-0.70685
-0.31751,2.1886,0.32509,0.98485,-0.82204,0.63367,-0.21652,-1.275,-0.05317,-1.402
0.47525,-1.748,0.0062936,1.0203,-0.35685,0.31101,-1.4532,-0.7567,1.6385,-0.65066
1.0535,-0.076604,-1.4642,-0.37728,1.5774,-0.46057,-0.77883,0.44855,-0.033429,0.4124
-1.2079,-0.67205,0.66189,0.08983,0.40023,1.7322,-0.74709,-0.29929,-1.2758,0.066674
-2.65,-0.52962,-1.3583,0.68765,-1.5734,1.4982,-0.35295,-0.44856,0.9543,-1.3497
-0.19041,1.2906,-0.55907,0.9925,1.5534,1.5802,-1.1757,-0.45615,1.359,-1.2941
0.24891,-0.59191,-1.0463,-0.87093,0.18233,-0.21463,0.6813,-1.3137,0.35518,1.2298
1.5232,0.28524,0.53515,-1.4431,-0.14451,1.0435,1.7659,-0.11714,0.23844,-1.7554
-0.2607,1.2032,-1.2936,-1.028,0.75311,-0.00034003,1.0928,-1.4857,-0.1499,-0.96761
0.091814,0.52653,-0.21548,2.2227,0.037728,-0.93182,0.58382,-0.93263,-0.54508,1.1871
0.67047,1.4132,0.45986,-0.19972,1.3283,-0.97137,0.52501,-1.2949,-0.21244,0.3717
-0.61848,-0.62304,1.0163,-0.89742,0.37898,1.7271,0.52848,0.21037,-1.3948,-1.6856
-1.014,0.91694,-0.67164,-0.40641,0.68241,-0.21378,1.1616,-2.9516,0.55662,-0.51467
-0.22992,-1.5115,0.13579,0.48859,-1.4209,-0.90158,0.12154,0.35345,-0.48777,-0.16521
-1.7766,0.51556,-0.67441,0.72269,0.12114,0.3623,-0.37863,1.2827,-1.9954,0.90078
0.50555,0.41631,-1.2447,-1.1486,-0.99276,-0.39908,0.23335,-0.56271,-0.074217,-1.4129
-1.0364,-0.40032,0.79851,0.55604,-0.40135,-0.042767,-0.41927,0.37979,0.64451,-0.23554
-1.5556,0.60957,0.4087,-0.51491,-0.12665,0.10927,1.1407,-1.2472,1.4132,0.38128
0.05854,-2.3692,0.89557,1.7756,-1.2875,-1.0545,-0.17771,0.29449,0.82354,0.79519
0.4784,1.832,-0.65128,0.13608,-0.53653,0.63601,0.87157,2.3223,0.94989,-1.5308
-0.23453,-0.93776,1.0561,-0.20423,1.5595,0.63237,0.082674,0.037517,-0.66613,-1.3503
0.5309,0.42964,-1.1729,-0.060717,0.7601,1.3833,1.7598,-0.45082,-0.17354,-0.19144
0.75418,0.61245,0.33073,0.50459,1.0645,1.0809,0.69288,1.4753,1.8008,-0.5046
0.68187,-1.6304,0.38585,0.17963,0.58577,-0.24083,1.3638,-0.70679,-0.45064,0.33046
-0.20792,-0.47347,-1.7174,0.59265,-0.48133,-0.45811,2.4825,-0.17845,0.046428,0.24
0.26535,-1.6477,0.78056,-0.38912,0.50009,0.58643,-1.4958,1.2884,-0.074025,-1.3218
-0.55227,0.7781,1.6156,0.93539,1.9858,0.62488,0.92916,0.44602,-0.17894,-0.52577
1.5097,0.078378,1.2396,1.574,-1.9199,0.23848,-1.0234,-0.99654,1.3654,0.19209
-0.71997,1.2136,-0.041954,0.27368,-0.22856,0.69184,-0.71415,-2.1644,0.9934,-1.6258
-1.1526,-0.99112,0.27914,-0.36554,-1.0198,1.263,0.97967,-0.87971,0.014805,-1.3787
-0.62618,0.89443,-0.3377,-1.0438,0.25327,-1.2469,0.9587,0.34249,-0.80036,0.89143
-0.69426,0.25046,-0.90575,-0.23738,-0.29228,1.0081,1.0435,0.32991,-1.786,-0.52733
-1.2785,-0.15393,-0.64486,1.0077,1.5505,-1.09,-0.9522,-0.042137,-0.87552,-1.7493
-1.2769,1.118,0.36536,0.061225,-0.46879,0.31066,1.3399,-1.1459,-0.96536,-0.52495
1.7293,-1.5228,-0.21753,0.9395,0.71118,-0.75226,0.62319,-0.93359,-0.094974,-1.6328
0.067133,-0.55565,2.1531,-0.99962,-0.065553,0.82015,-1.6295,0.35592,0.0067678,-0.92779
-0.92377,-0.40577,0.43313,-2.3522,-0.39658,-1.4101,-0.31071,-1.1271,-0.17403,-1.0131
1.0671,-0.89132,0.40552,1.402,0.57306,1.777,-0.51704,0.18809,-0.55452,-0.20811
-0.95845,-0.49706,-0.23327,0.96955,-0.46178,-0.32891,0.95423,0.2894,-0.81752,-0.70615
1.5342,2.2743,-0.07466,-0.4562,0.85645,0.40311,0.64758,0.4099,0.83535,0.67995
-0.29163,0.56326,-0.92877,0.68497,0.53437,-0.082032,-1.283,2.3411,1.7004,0.36759
-0.76865,0.26718,1.2726,0.68567,0.23271,0.96037,-0.86646,-0.58084,-1.7561,1.2557
1.3203,0.19364,-1.0319,2.1318,0.47443,1.2043,1.6175,0.40385,0.27895,1.1362
-0.5577,-0.26263,-0.38598,1.797,1.451,-1.6201,-0.74854,0.56509,2.0103,0.5525
0.0089443,0.10817,-0.65496,0.18472,-0.61811,0.50342,1.5113,1.0262,1.9165,1.4653
0.72716,0.6874,1.5945,-0.0022509,-1.3734,-0.1065,-1.3617,-0.23136,1.0268,-0.9036
0.29038,-0.13161,0.88649,0.1934,-0.44921,-0.69288,0.42729,-0.13145,-0.98115,1.027
-0.63905,-1.4812,-0.25384,-1.6103,-0.87591,0.88779,-0.28687,0.24672,0.90304,0.46
-2.1063,0.62955,-0.032624,1.4312,0.41337,-1.2543,0.66431,-0.26781,0.53615,0.29546
-0.7821,-1.4576,0.40329,-0.86941,2.4316,2.0533,2.3308,-0.087117,-0.89151,-0.070149
0.6825,0.2597,-0.50289,0.74806,-0.8886,0.15803,-0.29009,-0.089889,-0.23616,0.33967
1.0764,0.72504,-0.77315,0.92352,0.2884,0.61569,-1.2435,-0.32574,0.17156,0.88787
0.24563,-0.47562,0.85137,0.60768,-0.268,-0.56148,-0.41725,0.77761,-0.6556,1.124
0.92711,0.47087,0.47928,-0.69479,-0.13739,-0.35674,1.3347,-0.1677,0.69108,0.7851
0.32281,1.7371,0.45344,-0.70193,0.99437,0.47577,1.4736,-0.16148,1.6509,2.1819
1.4523,0.11222,1.2561,-1.6807,1.1052,0.87245,-0.0196,0.19664,0.094932,-1.3416
1.4991,-0.12576,-1.0914,0.69193,1.2733,-0.55232,-0.29388,0.27952,0.36314,-1.1431
-0.58331,1.2409,0.59015,0.02872,-0.38168,0.8139,-0.0031163,-1.4594,-0.72838,-0.45666
0.020161,-0.603,1.1596,-0.18948,0.99086,0.63421,-0.34298,-0.48375,-0.31328,0.19622
0.60128,1.6616,1.4622,0.31152,-1.2653,0.40269,0.272,0.40897,2.0065,1.4004
1.2833,1.899,0.16178,-0.66335,-1.315,0.67085,-0.66621,0.91592,-0.21413,0.86665
0.14765,0.22312,-0.093237,-1.2448,1.224,-0.33176,0.26001,0.34956,0.24819,1.009
-0.51483,0.60868,0.74132,0.28943,0.41522,-1.22,-1.0571,-0.18042,-0.0098548,1.5718
-0.029904,-1.002,-0.76599,-0.064877,0.72271,1.4316,0.14225,0.42084,-1.3055,0.13122
-1.333,-0.082517,-2.2983,-1.9816,0.26496,-1.292,1.4128,0.81822,-0.77708,-1.0704
-0.5322,1.7399,0.42383,-1.3825,-0.78273,-1.899,-0.11989,0.52462,0.83456,0.65545
-0.85953,0.30093,-0.41002,0.48689,-0.84819,1.7323,1.1963,0.3917,-0.50927,0.53525
0.18231,-0.1465,-0.28284,-0.22544,-0.60451,1.6382,-0.18998,0.67431,0.17947,1.3148
-0.24413,1.8642,-0.17729,0.29779,1.6839,-0.17856,0.35521,-0.78902,0.90209,2.1448
1.1457,-0.42912,0.17302,0.14941,1.237,0.26304,-0.36273,-2.3122,0.16512,0.32167
0.19643,-0.061456,0.48614,2.106,-0.084613,-0.4576,-0.91888,1.085,-0.51139,0.47303
-1.1335,-0.021525,-1.0284,0.45227,1.4741,0.34231,0.1691,-0.11004,-1.3458,-1.5564
0.43926,1.5306,-0.32572,0.20349,-0.61002,0.40292,-1.6947,0.15799,0.45802,0.49469
-0.99521,0.71117,-0.89782,-0.69136,-1.2667,-2.3361,0.44568,-0.72107,1.444,0.17406
0.20732,-0.43152,0.084391,-0.3276,-0.93338,-2.2951,2.1687,-0.30288,-1.3083,-2.2297
2.4453,0.74853,-1.0698,1.5284,0.73312,0.24243,-0.90672,-0.22846,0.37033,0.34377
-0.43764,-0.49999,-1.1181,0.23395,-0.57758,-1.2905,-0.1249,0.33739,-1.3838,2.0405
0.20167,1.8699,-0.45477,-1.8563,0.078903,-0.2156,0.17027,0.028249,0.31554,1.4828
1.1458,-2.2452,0.011719,0.5347,0.44876,0.62455,-1.6959,0.87447,1.3686,0.35218
-1.0151,0.42,-0.9516,-0.17413,0.080447,0.86505,2.3999,-1.6233,-0.11473,-0.22887
1.2543,1.1113,-0.17057,-0.10385,1.5904,-0.11345,0.87226,-0.70913,0.73909,-0.38358
-0.40083,0.034144,-0.47622,-0.59541,0.05044,-0.89986,-0.47602,-0.58824,0.80119,2.5613
0.8327,-1.187,0.74112,-0.6492,1.6194,-0.12254,-1.1478,0.5038,-0.68923,-0.85142
-0.5338,0.9352,0.66183,-0.52463,1.3212,-0.88635,-0.57119,0.44763,0.08226,1.8538
1.7307,-0.5189,1.2439,0.43488,0.65125,-1.5624,0.50115,0.12657,-0.1371,1.1528
1.1932,0.74307,-1.6095,0.23463,1.7368,-0.48397,-1.866,0.19074,0.062642,1.2865
-0.68613,-0.25811,-1.4246,-0.57166,2.2242,0.74542,0.47807,-1.9764,-1.0571,-0.013897
1.8292,0.59722,1.9635,-0.32389,-1.4112,-0.54915,-1.8628,0.71927,2.3824,0.4136
-0.27944,-0.18619,-0.63241,-2.3239,0.64702,-0.23185,1.2904,-0.44924,0.16577,-0.32526
0.80661,0.89703,0.090289,-1.1479,-0.87745,-0.084945,0.27822,-0.54619,-0.72332,-0.61999
0.17788,-0.60502,0.62756,-0.66355,-1.5589,-1.1725,0.71596,2.0288,-1.4687,-0.58959
-0.0048725,2.3872,-0.083035,0.37113,2.0974,2.1815,-1.4996,-1.9123,-0.70619,1.4638
2.031,1.2803,-1.4892,0.71103,0.29196,-0.59008,0.60347,0.3063,1.7996,0.075242
-1.5386,0.77228,-0.071054,-0.22645,0.29569,-0.76005,1.0672,0.6111,-0.57549,-0.31225
-1.5174,-0.64584,-0.49182,-0.82743,1.945,0.63471,-1.5038,-1.4535,-2.2812,-0.23706
0.81188,0.77733,1.9513,0.11079,0.80083,0.24721,0.16207,-0.86617,0.20145,-2.0734
-2.1636,-0.32488,1.639,1.14,0.72778,-0.72104,-0.69245,0.41778,0.56546,-0.40376
0.82166,1.7513,0.33981,-0.24631,-0.085829,1.8781,-0.4199,2.0411,0.45266,-0.35755
1.307,0.74508,-0.60576,-0.07483,1.3504,-0.75331,1.3304,1.0965,1.2173,1.573
-1.4864,1.3917,0.10293,-0.058148,0.16493,-0.33495,0.06777,-0.40366,-1.5362,0.30177
-0.032526,-0.17673,0.23994,1.0371,-0.19634,1.1022,0.38261,-0.5936,-0.45686,0.58337
-0.59876,-0.47665,-1.081,0.85113,-0.90208,-0.26857,0.54558,0.13488,-0.059358,-0.29233
0.93268,0.26051,0.93155,-1.335,0.38255,-0.11443,0.40807,0.55628,-1.1336,0.36314
-0.63327,-0.43408,-0.17108,-0.77559,1.4512,0.53685,1.3668,-0.28723,-0.67231,-2.0641
0.80379,-0.71294,-1.4195,0.89118,-1.1542,-0.4991,-0.78907,-0.76182,-0.0090497,0.58906
-0.7643,1.3262,-0.99833,0.88921,0.58418,0.60171,0.76441,1.3116,1.7683,0.22316
1.0774,-1.0015,1.1176,-0.17723,-0.064947,0.72471,-1.1012,0.55562,-1.3508,1.8576
0.37281,0.23731,-0.081145,-0.65379,-1.1369,1.1193,-0.2609,1.2632,-0.67777,-0.19471
-1.1859,1.6449,1.4476,-0.88475,1.1384,2.1075,0.18335,-0.50354,0.54608,1.3269
-1.1511,-1.1373,-0.4596,1.1895,0.063406,0.95827,-1.6499,-0.11936,0.42149,-0.44417
0.056649,1.1632,0.084637,0.16373,0.10195,-0.53664,-0.56907,-0.71098,1.4279,0.48328
-1.978,-0.091947,-2.0927,0.084952,0.65189,1.7063,-0.67838,1.253,-1.5703,1.5897
0.91575,-0.93557,0.27013,-1.0634,-0.15907,-1.6946,-1.4109,-1.1857,-1.2651,1.0559
1.4765,-1.1843,-1.7179,1.0672,-1.1878,0.80368,-1.9604,-0.33725,-0.22063,0.31937
0.66135,0.60873,-1.0546,-1.1372,-0.89935,-0.1622,1.2724,0.13657,0.6888,-0.085166
-1.1475,2.9346,0.35943,1.5778,0.97859,0.38821,0.1359,-1.6697,-0.23927,-1.7791
0.24049,0.7429,1.6493,-1.904,0.070602,-1.0045,1.0759,-0.070543,1.3689,-0.22818
2.2377,-0.41214,-0.15803,1.0966,0.91224,-0.36259,1.02,-0.32541,-0.47837,1.1791
1.2577,2.0942,-0.0019198,-0.25184,0.33939,0.50767,-0.14627,1.1246,-0.28429,0.6315
0.5458,-0.70346,1.1992,1.5799,2.0318,3.0301,-0.095451,0.46837,0.1606,-1.0399
0.87411,-0.32748,0.16307,1.7546,-1.4458,-1.534,-0.085048,0.94665,1.3416,0.52679
1.3434,0.92006,-0.10025,0.58969,0.37806,0.80746,-2.5548,-0.52534,-1.4342,1.4843
0.19208,-2.1656,-0.15024,2.1269,-1.3727,0.35622,-1.8309,0.4619,-0.28241,-2.0327
-0.10652,-1.0413,-0.7102,0.83523,1.5306,-0.38174,0.25882,-0.74492,-0.37297,-0.99438
-0.26978,0.1722,0.45604,-0.15071,0.44292,-0.86827,-0.97713,0.14089,-0.94773,-0.089458
0.16153,0.42298,-0.25156,1.2544,-0.8549,1.386,0.88632,1.5102,-0.37703,-0.61199
-0.23228,-0.96677,0.11763,-0.78967,0.73287,1.3899,0.33516,1.5337,-0.068871,0.30513
-0.76412,0.21682,1.5562,-0.36193,0.076375,0.96768,-0.38928,1.6534,0.063411,1.3815
-0.92966,0.14303,-0.87213,0.90724,-1.2908,0.5361,0.081214,0.49431,-0.87967,-0.39671
0.60787,0.03907,-0.55506,0.91535,0.64459,0.49817,0.027078,0.50623,0.053621,0.25009
-0.56511,0.9014,0.43768,-1.1646,0.10446,-1.3865,-1.9144,0.49538,-0.82772,-0.95786
-0.94118,-0.34211,0.41812,0.35312,-1.3932,-0.51574,1.0653,-0.90855,-1.4283,-1.0375
-1.3713,0.36577,0.25093,-1.9495,-2.0243,-0.65122,0.35027,-2.5727,1.1881,0.026885
-1.3736,-0.55548,1.7823,0.56789,-0.90152,-1.2615,-0.70033,0.7778,-0.2338,3.1405
0.68661,-1.0917,-0.94121,-1.6511,0.86725,1.2234,-0.0066788,-1.1681,0.2412,-1.8208
-0.36405,0.39692,-0.23627,-0.428,-0.97771,-1.4021,0.52927,-0.043749,-0.53513,0.62224
0.61905,-3.9157,-0.5959,1.046,1.113,0.36359,0.045227,-0.36477,-2.2156,-0.43729
1.2154,-0.46844,-0.81947,0.057813,-0.54452,1.9673,0.51974,1.5392,0.89933,0.65782
-0.26683,-0.60271,-0.38306,0.037466,1.068,0.7021,-0.30522,0.31709,-1.8539,0.80304
0.72545,0.4119,1.8913,1.1393,-0.26494,-2.4045,0.52983,0.37355,0.62521,-1.2929
2.896,0.32532,-0.76012,-1.0137,1.6366,1.4515,-0.76128,1.153,-0.25941,-0.43504
-0.33537,1.0885,0.42851,-0.30767,1.4128,-0.7793,-0.90923,1.2412,0.26846,0.85344
0.44761,-0.53749,-1.2699,1.3164,-2.0701,-0.063441,-1.0718,-1.2526,0.61837,-0.36354
-0.30547,0.070678,-0.86801,-0.011729,0.26033,1.3595,-0.42284,-1.2274,-0.55317,1.3637
1.1169,-0.40028,0.89568,-1.5455,0.58323,0.33141,0.465,1.5883,-0.78335,0.10175
-0.40022,1.7385,-0.55531,-0.2705,-0.89625,-0.36088,0.59426,0.71432,0.14246,-0.65358
-0.41715,-0.13141,-0.32045,1.5071,0.071338,-0.29567,0.69256,-0.30411,-0.25739,0.080944
0.66298,-0.90426,-0.58559,-0.52063,1.2516,1.2459,0.68049,-0.24952,-1.1061,0.32541
-0.021753,1.6323,1.1221,1.413,-0.38999,-0.87997,-1.7572,0.11119,0.27042,0.35753
-0.68464,-1.7909,-1.7733,1.3071,1.8393,-0.27835,-0.11411,0.10034,1.8459,-1.904
-2.1668,-0.64694,0.22241,-1.4816,-0.14779,1.5458,-1.0762,0.12706,-0.45489,0.18449
-1.4079,-0.94156,-0.67058,1.6052,0.92584,0.41949,-0.50412,1.5103,0.69244,0.90961
-0.54066,-0.65256,0.48871,-0.29636,-2.2044,-0.65623,0.32821,-1.5213,0.89057,0.74215
0.78831,-0.59885,-1.6282,0.16742,0.035216,1.0137,-1.3257,0.31689,1.4953,-1.4468
0.69893,1.4257,1.7977,-0.58794,0.43886,0.58721,-0.16731,1.0746,-1.3973,-1.5545
0.54619,0.28286,-0.40932,-0.63118,-0.96461,0.15893,-0.19853,0.081975,0.83298,0.56481
1.0278,2.5974,2.0394,0.6195,-0.0027942,-1.8039,1.0039,0.25895,-0.11519,-0.11639
-0.19937,-0.51641,-0.67219,-0.15519,1.2356,-2.0861,0.32527,0.16007,0.39231,0.87228
0.38157,-0.077317,-0.94939,-1.7952,-0.18161,0.024632,-0.62823,-0.21657,0.98089,-0.30215
-0.061854,-0.042619,0.30122,0.077535,-0.035459,-1.8524,0.25797,-0.5773,0.95758,0.5909
0.44923,1.2198,-1.0025,-0.37954,1.0137,0.58311,-2.1995,0.65942,-0.33809,1.1055
-0.1855,0.2254,0.30254,1.1109,-0.66213,0.49232,-0.30013,1.0148,1.1468,0.4073
1.0328,-0.056391,0.44208,2.7578,0.064129,0.96247,0.61305,0.37983,-1.3063,0.80241
-1.5617,-0.15855,0.42357,0.5915,0.31539,0.084165,0.27628,-1.5301,-0.34683,1.0282
2.3619,1.3368,0.09937,0.48271,0.46807,1.3629,-2.5784,0.96117,1.8074,-0.55975
-0.27026,0.44066,-0.043894,0.0088401,0.14019,1.3098,0.59403,1.717,1.9805,-0.54416
-1.2321,-0.27645,-0.75633,0.83453,0.32354,0.11992,0.6047,2.432,-0.3616,1.8171
-1.145,0.11464,-0.66224,-0.3799,-0.47103,-0.15564,0.27169,0.11904,1.9291,-0.087833
-0.041269,2.2234,1.6192,0.23785,-0.14546,-0.48485,-0.98845,-0.89456,0.94761,0.7093
1.3018,1.5205,-2.1097,-2.6702,-0.55988,2.1893,0.56152,-1.1137,-0.18034,0.98271
-0.94331,-0.38183,-0.98319,0.36717,1.8004,-0.0058235,-1.2318,0.60794,-0.24551,0.46093
0.41902,-0.28231,0.30879,-0.33847,0.86671,-0.054354,-1.1058,1.7015,-1.0191,-0.23942
-0.82577,0.514,0.44761,-1.1859,-0.22754,1.1678,-0.61979,-0.69548,0.77821,0.82414
0.95467,-0.90272,-0.50282,-0.66604,-0.62423,0.58646,-0.25378,-0.22228,-0.090626,-0.54614
-0.55167,-0.24814,0.28432,0.34031,0.026071,1.8533,-0.42332,0.11276,-0.68376,-0.56002
-0.79751,-1.1032,-0.28005,-2.4063,2.2953,-1.2394,-0.44248,-0.63942,0.090564,-0.1339
2.1764,-1.8739,0.92674,-2.124,-0.18532,-1.892,-1.1214,-0.52453,-2.0593,-0.5412
0.27948,-0.42418,0.40314,1.5673,0.58379,0.59054,1.0695,-1.1585,0.2833,0.41055
1.3082,-0.11914,-0.50968,-0.52252,-0.38718,-0.98111,-0.23206,-2.7991,-0.74426,-1.7964
0.95749,0.52654,-2.2642,-0.51894,0.35296,-0.48308,1.0135,1.0115,2.3587,-1.0265
0.21027,-0.096762,0.41355,-1.8905,-0.37952,1.4673,-2.1591,1.3335,-0.71127,0.77556
1.3534,-1.7481,2.0572,0.38129,-1.0614,-0.69385,0.012471,0.094143,2.0132,0.53847
-0.11408,0.61423,0.49749,1.8501,0.086133,0.83464,-0.40202,-0.17064,0.45027,1.9634
0.54606,-0.74851,-0.29927,-1.7226,-0.26974,-0.65978,1.8141,-2.4678,0.7445,1.3054
-1.5538,-1.2459,1.6406,0.72684,0.58933,-1.4129,0.42909,1.3371,1.4734,1.9895
-1.222,1.324,0.13471,0.53831,1.5463,-1.3031,0.57762,-0.23221,0.93844,1.6314
0.76523,0.46967,1.7244,-1.1419,0.067742,-0.29797,0.61268,-1.3092,1.1836,0.45718
-0.3541,0.051863,0.27931,-0.04238,-1.4231,-0.56807,1.473,-1.1135,-2.126,0.34739
-0.41017,0.16618,0.67835,0.53081,-1.9142,1.1275,-0.21174,-1.0922,0.60884,-0.54938
0.38424,1.6955,1.6534,2.147,0.36671,0.025516,1.4894,-1.4575,-0.33939,-0.027374
-2.6291,-0.51871,0.77584,-0.73157,0.44992,2.5902,0.78919,1.6582,0.86808,-0.54561
-0.3603,-0.58339,2.4649,-0.67574,0.70474,-0.7227,0.14683,0.46216,-0.92812,-0.0020392
-1.0799,-1.6361,-1.2258,1.3917,0.59119,1.2259,-0.05826,0.64419,-1.0871,0.74038
0.47233,1.0926,-1.2601,-0.58432,-0.95745,-0.61772,0.83034,-0.26679,1.1739,0.52523
0.030548,0.53513,1.2118,-1.4399,-0.22831,1.1092,1.2116,0.16136,-0.46284,-0.64036
-1.532,0.46188,-0.48835,0.73239,-0.57662,1.2069,0.96387,-0.1784,-0.73863,-0.59884
-0.099348,-1.0143,0.053496,-0.077893,-0.13771,-0.26751,0.43083,0.066286,1.0475,0.47486
-0.22578,-0.376,0.97537,0.077589,-1.9083,0.19667,0.42395,-2.4141,-1.0553,-0.5286
0.52434,0.20958,0.29005,2.2873,1.4075,-0.32328,-0.72798,-0.30326,-0.42767,1.0692
-0.6257,0.54503,-0.074093,-0.74754,-0.79777,-0.26562,1.5483,2.6282,0.34894,-1.6843
-1.3495,-0.37822,0.43616,0.40803,-1.0143,-0.6956,-0.64178,0.17347,1.8515,-0.50941
-0.075576,-1.9104,-1.0047,-1.9261,-1.3555,-0.35979,0.30232,0.83367,-1.0001,-0.61538
0.5013,-0.95672,-0.047853,1.0195,-0.19773,2.3087,-0.53907,-0.84852,0.33802,-1.0865
0.3609,0.23048,1.2519,1.4097,-0.22261,1.838,-2.6194,-0.16753,-0.049636,-0.24398
0.6606,-0.18923,0.34213,0.045111,0.85482,1.0534,0.50283,-0.039087,-0.069874,0.92154
-0.93675,1.5592,2.6876,-0.4147,-1.6963,0.34077,-1.596,-0.20665,0.30174,1.1557
-0.85192,-1.8006,1.2112,0.72144,1.2296,1.4967,0.54806,0.25342,0.14623,0.48831
-0.66913,-1.4522,1.7476,-0.20455,-1.0328,-0.42951,0.31977,-0.061023,-1.0096,0.91161
0.61726,0.28713,0.22246,0.77881,0.036332,-1.723,-1.713,-0.93893,-1.3648,0.87346
0.28364,-1.3165,-1.2287,-1.1497,-1.0457,0.77301,0.24376,-0.13932,-0.71772,0.84763
0.35098,1.1048,-0.67039,-1.2601,-0.92164,-0.18223,1.3178,-0.34923,-0.2378,1.1366
1.0175,0.63968,1.5172,-1.6628,0.97856,-1.6522,-0.78402,0.17245,-0.57745,-0.64877
0.67766,-0.20491,-0.99959,0.08242,-1.6527,-0.33446,-1.0493,0.40196,0.57821,-0.23939
-0.17416,-1.3107,0.89277,-0.055104,-1.1765,-1.4569,-1.7551,1.4739,0.17842,3.2075
0.16161,0.12331,0.61449,0.17169,2.3334,1.5191,-0.51284,-0.19974,0.84681,0.32616
2.2281,0.70413,-0.98972,0.50835,0.055091,-0.8451,0.19512,0.064459,-0.95311,-0.72896
1.4417,0.35121,0.97333,0.6149,-2.0705,0.12529,1.086,-2.104,-0.048809,-0.334
-0.44854,-0.37301,-1.2089,-0.49933,1.1775,-0.88009,-0.75696,-0.2224,0.63694,-0.029458
-1.8646,-0.18361,0.18082,0.25115,-0.39243,-0.39148,0.1921,1.4822,0.065719,-0.44899
-0.39242,1.2657,-0.88384,0.070721,-0.66003,0.16677,-0.034774,1.2008,0.27365,-0.30144
0.13423,1.0143,0.27614,-0.22084,-0.56288,-1.1307,-0.029892,-0.70121,-1.3453,0.33104
-1.9976,0.55714,-0.11913,0.83047,-0.7024,0.56994,-1.2261,0.23675,-0.97225,1.2169
1.3029,-1.3382,-1.4768,0.60463,1.2594,0.33284,-0.40582,1.7383,1.1236,-0.82176
1.4193,-2.6092,1.0667,0.11782,0.88454,1.0458,-0.09368,1.1506,-0.2975,-0.36295
-0.011652,-0.89575,1.0931,-3.13,-0.15476,-1.7084,-0.21699,-1.0746,-0.28553,1.3578
-0.39217,-0.93664,0.42638,-0.82762,1.0457,-2.7682,-0.32663,1.6358,-0.8879,-0.67111
0.75141,-0.46065,-0.32818,-0.56553,0.054485,0.18586,0.87426,0.83036,0.18612,-0.69548
0.73108,-0.62083,-1.8915,1.1357,-0.96032,0.22892,-0.15204,-1.2727,-0.56573,-0.43638
-0.12809,0.61913,-0.86936,0.29532,1.0864,-0.39092,0.22748,-1.1659,-0.99715,-1.8172
-0.55633,-0.67972,0.30034,0.60576,-0.83679,0.89993,0.90926,-0.96576,1.0106,0.16555
0.25759,1.6689,0.12847,-0.27565,-0.49212,0.27308,-0.63287,-0.2031,-0.53945,0.4155
1.8615,-0.11991,-0.043022,1.7119,-0.21984,-0.66484,0.015985,0.4455,0.30946,0.005556
-1.455,0.057515,0.14844,1.3124,0.87385,1.3555,1.6337,0.57621,0.84801,0.35563
1.718,-1.9946,1.165,-0.34229,-1.1798,-0.84737,-1.5381,-0.68969,0.034544,0.45822
-1.8362,-0.86542,0.96012,0.7346,-2.1174,0.77422,0.18817,-1.0333,0.0059352,-0.41579
-0.83693,-2.4858,-1.6314,-0.11334,0.28124,0.81211,1.0337,-2.4175,-0.22389,0.43399
0.57447,-0.41641,0.003103,-1.2565,-0.3644,0.44702,0.20648,-0.80947,-0.1316,-0.89969
1.1095,0.69187,-2.0238,-0.81126,0.77815,0.60036,-0.021604,-0.55067,-1.3599,-0.31056
-0.86349,1.3831,2.0054,-0.69821,1.1197,0.33173,0.97917,0.46173,0.065315,-0.57554
-0.1838,-1.6296,1.5783,0.48131,-1.118,-1.1275,0.92168,-0.29926,1.0378,2.3587
-0.81618,-2.0877,1.2601,-0.32178,-0.17725,-1.6649,-0.92186,-0.99114,-0.75006,2.3831
-1.5412,0.3839,0.29831,-2.2832,0.98698,0.74406,-1.1363,1.1246,-0.86957,-0.28604
1.141,0.13952,0.7289,0.15203,-1.2789,1.2882,0.19696,1.8065,-0.66835,-1.6604
-0.48137,-0.98123,-0.35625,0.16116,-1.1733,1.512,-0.8266,0.17801,-0.057634,-0.37842
0.030579,0.61463,1.0076,0.18838,0.75846,-1.0307,-0.10018,-0.81259,0.56162,0.83266
2.113,-0.12744,-0.3732,-0.062186,1.3362,-1.2961,-2.4229,0.42891,0.3985,0.78268
0.34177,0.40029,-1.5702,1.5729,0.24973,-0.077488,1.1221,1.7658,0.18029,1.2852
-0.026203,-0.4176,0.90657,-0.92172,0.71842,0.86122,0.9436,0.74258,1.3044,1.2859
0.72028,-0.85877,1.6181,-0.7266,0.17768,-0.76273,0.51325,-0.87871,-1.3969,0.44015
0.24032,0.96381,0.57202,-0.81439,0.43776,-0.31689,-0.85857,0.11085,0.16951,-1.0265
-1.2064,1.1028,-2.6805,0.44488,0.13168,0.27966,0.53472,0.82682,-1.1561,1.1156
0.73428,1.4365,0.94657,-0.65599,-2.3461,-0.21262,0.50304,-0.35692,0.27902,0.0020526
0.0084014,-0.45166,2.2937,1.1141,0.90249,0.2439,1.3782,0.90657,-0.73362,0.79617
-0.088994,-0.49814,-2.066,1.0124,0.77246,1.1196,-0.43897,0.69687,-1.135,0.49852
0.76192,0.34274,1.567,-0.012114,1.0982,-1.9274,0.37496,-0.99619,0.76192,-1.4951
0.19552,-0.59508,1.0869,1.2953,0.87304,0.79066,1.6757,-1.2604,1.0564,0.248
-0.54796,0.39979,-0.97084,1.1889,0.39827,-1.8121,-0.1529,-2.8227,0.42559,0.26813
-1.2074,-0.73461,-0.61782,0.27641,-1.2934,-0.73247,1.262,0.5234,0.52182,0.2684
0.65119,-0.20396,-2.3225,0.33485,-2.0647,0.5862,-0.93656,1.7201,0.042421,-0.44635
0.78745,-1.4143,2.4696,1.6188,-1.1401,-1.6682,-0.55017,0.82781,0.42014,0.82515
0.20324,-1.9259,-1.1551,2.546,1.0496,0.82783,-0.90052,1.2313,-0.24815,-0.50906
0.091734,0.17289,0.02497,0.42239,0.39643,-0.053898,-0.25134,0.48451,0.28448,1.1155
-0.089742,-0.30649,-0.37166,-0.88361,-0.51293,0.96486,-1.452,2.1199,1.064,-0.50903
-0.11831,-0.79603,0.29064,-1.6791,0.73015,0.47829,-1.3929,0.076519,0.038192,-0.40223
-0.21005,-0.10268,0.071214,-0.27863,-1.7653,-2.1067,-1.445,-1.6941,0.50064,-0.13396
1.4336,-0.36259,-1.4054,-0.46979,-0.19902,-1.1952,1.9047,-1.0832,1.8737,-2.0107
1.1606,1.2966,-0.0078454,0.25165,-0.28066,-0.71071,0.80887,-0.95221,-0.19034,0.28686
-0.37285,-0.41466,0.00070176,-0.44871,-0.28674,1.5039,0.086219,-1.3648,-0.27858,0.19491
0.73972,1.2379,-0.37846,-0.82143,-1.8967,1.004,2.0835,-1.2193,0.87415,1.7318
-0.57978,-0.7588,0.29487,0.0012852,-0.012726,0.55941,-1.0388,1.7661,-1.5535,0.87014
-0.71681,-0.87462,-0.74311,-0.13118,-0.10526,0.14097,1.5058,0.63133,1.2533,-0.60428
-0.12226,-1.8679,-1.2031,-0.97886,0.23049,0.36369,-0.40989,-0.032382,0.24693,-2.1198
0.20727,0.4043,-0.34107,0.93052,-0.27518,1.9317,-1.2214,-0.76338,-2.7634,-0.83133
-0.56547,0.36751,-0.65735,0.087588,0.74705,-1.4412,0.42886,-1.5713,-0.37164,0.0023549
-1.4392,1.5989,-1.3002,-0.38672,0.074358,-0.27369,2.3451,1.7441,0.13128,0.56223
0.80034,2.3187,0.7141,-0.80393,-0.72187,-0.83082,0.38875,1.342,-0.6494,0.00045806
-0.44613,1.3493,-0.32849,-0.27288,-0.06245,0.13536,0.68221,-1.7209,-0.89862,0.94847
0.022958,0.33529,0.4923,-0.081808,1.6989,1.554,-1.6978,-1.8072,-0.45247,0.66696
0.58473,1.0259,-0.34964,-0.20829,0.76498,0.48648,0.31487,0.23695,1.1277,-0.88369
0.083385,0.10425,0.42026,-0.79112,1.2604,-0.097956,1.1259,-1.9319,-0.35271,0.20378
0.022659,-0.13309,0.62853,0.57089,1.5708,-0.53468,1.3064,-0.54725,1.686,-1.4532
0.35749,-0.58241,0.055891,-0.66184,0.70244,-0.30656,-2.4742,0.61501,-0.65299,-0.50567
0.54872,0.72292,-1.2281,-0.67957,1.3583,-1.0342,-1.9628,1.0797,1.3113,0.31194
-0.57649,0.32167,-0.30209,0.16087,0.59836,-1.5629,-0.69861,-1.241,1.2885,-0.15517
0.35201,-1.0928,-1.0195,0.25491,-2.2046,-0.71428,-0.69693,-0.50479,1.5288,-0.40103
0.60673,0.56079,0.48645,1.5393,-1.0621,-0.56121,-1.156,0.07949,-2.0155,-0.86319
0.35275,0.97072,-0.41464,-0.058616,0.50534,0.90982,-0.58925,-0.62442,0.17136,-1.1017
-1.5227,-0.002365,-0.72369,-0.098585,-0.44621,-1.0916,0.72933,-0.51202,-1.2476,1.3221
1.1474,0.12575,0.58739,0.0013236,0.74132,-0.0084547,-1.2405,-0.16754,-0.014673,0.36209
-1.0403,0.43183,0.92308,1.3359,0.83741,-1.6586,1.3898,-0.087399,-1.3839,0.13776
1.9453,-0.76328,-1.1651,-0.54849,-0.082114,-0.27541,0.42743,-0.53379,-1.3467,1.2645
-0.66142,-0.74689,-0.021066,0.96019,-1.403,1.1511,-0.21207,-0.63962,-1.3478,0.26836
-0.21956,1.4449,0.53024,0.97838,1.9177,-1.1515,0.94633,0.26205,-1.059,0.46351
1.0893,1.0106,-0.077212,-2.2004,1.1277,-1.1,-0.92054,-0.98739,0.99117,2.7048
-1.3581,1.2117,1.8556,-0.62908,-0.15788,1.1963,-0.25966,0.30826,0.40865,1.2921
0.46377,-0.65195,-0.26835,1.0012,1.4886,-0.41867,0.53428,-1.175,-0.79024,0.015187
0.73568,1.0535,0.60205,2.1019,-0.3422,1.0292,0.75265,0.8175,-0.49806,-0.067562
0.53794,0.9499,-1.2108,-0.26095,-0.11964,-0.14373,0.20852,-2.75,-1.3692,0.44384
-0.72712,0.87716,-0.69781,0.90866,-1.81,2.7922,-0.73944,0.97338,-0.18119,2.587
0.45516,-0.24038,0.43941,1.2446,-0.88047,0.86976,-2.3003,0.25219,1.5951,2.1634
-0.97955,0.11644,0.65613,0.88592,-0.91465,-0.15434,1.8515,-0.30397,0.5191,0.91659
0.2988,2.1087,0.29432,0.036021,-0.5198,0.72162,0.55726,0.37819,0.79668,2.0498
-0.55178,0.49449,2.1718,0.4852,-0.96466,-0.26677,0.022106,0.024207,-0.036865,0.70805
0.18929,-1.5276,-0.50577,-0.18494,-0.71304,-0.67624,1.1436,0.34903,-0.26557,-0.16263
-0.81578,-0.1708,-0.56543,-1.2957,-1.6032,1.0595,0.38645,-0.12182,0.50841,0.56726
0.41313,-1.962,1.0336,-1.2337,-0.84316,-0.1414,-0.044206,-0.90848,0.69202,0.81111
-0.49195,0.73211,-0.82094,-1.019,-0.78032,2.0798,-2.6867,0.54185,-1.4172,1.0425
-0.85188,-0.82618,2.2165,2.3229,-2.1804,-0.029358,1.6771,1.4492,-0.28022,0.79005
-2.2065,-0.10037,-0.55827,-0.077697,0.75416,-2.1284,3.2101,1.2392,0.44885,1.6303
0.47055,0.43436,-0.30571,1.0579,-0.70528,-0.43936,-1.3991,1.2225,-1.5521,0.23792
1.7385,0.30366,1.1288,0.57458,0.12444,0.48576,0.85079,0.5533,0.94529,-0.083733
-0.55537,-1.4322,-0.78403,-0.12607,0.33747,-0.39114,-1.0195,0.33124,-0.54959,-2.244
1.4389,-0.68345,0.93712,-0.11192,-1.3909,-1.4151,0.85172,-0.15499,-0.08634,-0.35595
-0.1847,-1.0134,0.79211,0.6336,-0.32505,0.022638,0.85316,0.96005,0.68665,-1.6841
-0.81223,-0.52208,-1.0745,0.11963,0.22904,0.86809,-0.41711,-1.2047,-0.23738,1.272
0.082638,1.959,0.83401,-0.27229,1.2673,-0.16495,0.028672,0.23822,0.44297,0.3901
-0.40827,0.28049,0.34176,-0.67584,-1.331,-0.26725,-1.7025,-0.9401,-1.6877,-0.69971
0.69441,-1.4759,-0.55587,-0.87958,0.22297,0.57188,-1.1134,-0.61962,0.05816,-1.1037
-0.85928,0.70016,-0.63066,1.3259,0.26633,-0.031673,0.29254,0.59385,-2.114,-0.77087
0.1294,-0.35165,0.019033,0.41325,1.1958,0.21437,0.41651,0.99832,-0.33765,0.50471
0.28777,0.89057,0.24337,0.14722,0.4539,-1.4886,-0.98246,1.0492,0.52751,-0.51434
0.12725,-0.37544,-0.82652,1.704,-0.1454,0.66155,-2.0086,0.035762,-0.94742,0.35337
0.28654,0.061383,0.31594,-1.0116,0.71864,0.049561,1.108,-0.0043982,-0.72678,0.98531
-0.42358,1.2506,-0.12317,0.58622,-0.27312,0.74819,-0.54852,0.3906,2.4467,-1.1088
-1.479,0.32726,-0.83945,0.72553,0.42699,-0.44165,-0.11212,0.81743,0.24252,1.894
0.33808,1.3586,-1.0177,-1.2023,-1.4081,0.61898,-0.21537,1.0633,-0.26749,-0.66078
-0.94563,-0.19497,-0.56337,0.73262,-0.44275,-0.54023,1.211,2.4085,1.8426,0.17235
1.1136,-0.13865,-0.80494,1.16,0.65633,-0.031737,-0.61444,1.9073,0.55542,-1.8592
-0.30801,0.42414,1.0725,-0.70267,1.2853,-1.6993,-0.61855,0.23786,2.0615,1.3557
0.86274,-0.40802,-1.1366,0.12914,0.27168,0.65997,-0.734,0.40525,-1.1504,1.6107
1.7243,0.36025,0.1332,-0.61535,-0.33431,-0.74098,0.18164,0.019289,1.251,0.1663
-0.33935,0.56972,0.52055,-0.69281,-0.011671,-0.34051,0.87096,0.34018,0.55383,-0.040083
-0.60178,-0.37637,-0.96886,0.057138,0.44709,-0.88555,-1.6142,0.47904,-0.42852,-0.24423
1.1117,-0.99143,0.36871,0.41497,-0.15064,-0.71193,-0.63678,0.80643,-0.063035,0.25915
0.3169,-0.43699,-0.4831,-0.058222,0.36106,-1.9628,-1.1753,1.3596,-0.89484,0.71844
0.037283,-0.29207,-0.88299,2.2169,-0.69174,-1.6271,1.2011,-0.53281,-0.19285,-0.53313
0.14222,0.64885,-1.4607,-0.27815,-0.19618,-0.97674,0.56523,-0.91754,2.0839,-0.92564
-0.73902,0.026107,-0.94961,1.5771,-0.42943,-0.52783,-0.23315,-0.59669,-1.2286,0.62434
1.0498,0.95454,1.7155,-1.5534,1.2312,-1.6358,-2.3741,0.29565,-0.081564,-0.54646
-0.45989,-0.75321,-1.571,1.2501,0.95184,-0.066443,1.1497,0.84452,-0.58866,2.323
1.1101,0.45161,-0.65308,-0.86748,-0.36023,-0.23137,-2.4375,0.79079,0.58717,-2.3947
-0.48615,0.82639,-1.1549,-0.47714,-1.3222,-0.73679,1.3034,0.41169,-0.75695,-0.21087
1.4559,0.56567,0.76134,0.43855,0.54951,-0.8777,-0.7463,-0.60789,-0.093937,1.0333
0.29713,-0.75946,-0.91807,0.77822,-0.52926,1.2483,-0.80764,0.32069,-1.068,-0.1232
-3.1027,0.53534,-0.44369,0.42283,-0.27429,-0.94355,-0.11161,-0.8023,-0.96158,-0.19728
-0.18259,-0.58533,0.72269,0.89368,0.78098,0.77404,0.096956,-1.1282,-0.16916,0.30981
1.26,0.0066138,0.93121,0.016431,0.049788,0.095034,0.63528,-1.3406,0.73315,-0.52835
-0.31887,-0.50014,-1.0928,-0.29394,0.070606,1.642,-0.0505,-0.39449,-0.55981,0.13018
-0.65064,0.95314,-0.19175,0.1233,0.47394,-0.6678,-1.296,-0.15777,-0.95619,-0.37393
0.44884,-1.7866,0.37828,-0.81834,1.0785,0.09039,-0.96144,-1.1739,1.2103,1.5743
1.464,0.19132,-0.01076,0.55573,0.89178,0.17757,0.76197,1.3074,0.38018,-0.21386
0.74193,-0.14812,1.8688,-0.39718,-0.027603,-2.3929,-0.018165,0.94808,1.0966,0.70369
0.11328,-1.0566,1.295,-1.2022,1.7601,0.21515,0.93239,-2.4289,1.0174,2.2861
0.51522,0.12479,1.3331,0.2516,-1.0031,1.811,-0.34905,0.83444,0.38069,-1.741
0.51833,-0.38704,-2.054,-0.41323,-0.45412,0.29697,1.2664,-0.44368,-1.3886,1.6949
-0.18015,1.0523,-0.35166,1.7822,0.50794,0.1567,0.55794,0.46414,-1.3667,-0.064516
0.3976,-1.9436,-0.23959,-0.42628,0.32973,1.5771,0.11888,-0.4778,-1.0478,1.2082
-0.012931,0.26453,-1.0867,0.64295,-0.76809,1.0042,1.1203,0.13194,-0.56697,1.268
0.70147,0.53793,-0.79035,1.2795,-0.65219,-1.7415,-0.95136,-0.513,-1.6172,1.6482
0.62109,-2.1197,0.72552,-2.0453,0.17462,0.76461,1.2192,-0.81742,-1.0192,-0.39738
-1.4275,0.82919,-1.3971,-0.83928,0.25261,-1.6069,-0.5219,-0.20246,2.9194,-0.52995
-0.54693,1.2805,1.1704,0.30634,-1.5739,1.8777,0.47782,0.64434,-0.031093,1.2613
-1.2305,0.7596,1.6633,0.99368,-0.97163,-0.076545,-0.33055,1.4216,-1.0916,1.1436
0.096068,1.682,0.013202,0.33217,0.98387,-0.37769,-0.38392,-0.056092,-0.3503,-0.27713
-2.2777,0.63979,1.7979,-1.5875,-0.88235,0.79403,-2.2875,-0.98468,-0.38152,-2.3653
-0.11804,-1.9999,1.607,0.44089,0.86835,-1.2301,0.84693,-0.095989,0.98204,2.4531
1.0582,-1.0609,0.078798,1.4635,0.60307,-0.44396,1.5044,0.31289,-0.86275,0.28702
0.43629,1.3595,-0.40013,-1.5446,0.73778,0.47754,-0.21301,0.21903,1.1644,0.16512
1.4115,-0.27208,0.85211,-1.8712,-0.031482,0.16917,2.1892,1.5866,0.76941,0.99476
-0.014612,-1.0933,-0.66443,-0.25418,1.3504,0.072433,-0.76122,-1.1168,-0.062693,-0.21068
-0.53779,-2.1198,-0.17632,1.9264,-1.2418,0.67703,-0.059974,0.58943,0.68467,-1.2907
-1.8348,-1.2062,1.2006,0.89843,-0.046562,-1.1506,0.32589,0.67994,-0.51886,0.11567
2.6355,-0.70364,-1.0106,1.3989,0.40232,-0.063484,0.40233,-0.81808,-0.59846,-0.49319
0.29077,0.58238,-0.69744,0.87722,0.87869,-0.1388,0.32776,1.6256,0.87521,-0.79512
1.0656,0.61922,0.8778,0.41287,0.5387,-0.62691,-0.3516,-1.0482,-0.48748,-0.38691
0.53523,1.6592,-1.8379,0.17756,-1.4244,0.67712,0.43374,0.83929,2.5815,-0.047574
-0.38734,1.011,0.9307,-0.17014,-0.088065,-0.72152,0.3981,-1.0678,0.13268,2.1263
-0.31964,-0.76313,-0.095282,-0.22502,-0.43844,0.74034,0.079741,-1.2864,2.1496,-0.19655
-2.5245,0.096235,-0.14789,-2.368,-1.707,-0.27842,-0.60843,0.43234,-0.97445,-0.86336
-1.0063,0.3822,-0.15388,-1.6871,-0.90482,2.9352,-0.78955,-0.46592,-2.5793,-1.7143
-0.42416,0.54281,-0.38772,0.93084,0.83004,-0.5119,-0.69474,-0.01366,-0.0094856,-0.23506
-0.66121,-1.2178,-0.055687,0.94443,-0.95439,0.74483,-2.2587,0.02128,-0.29974,1.9136
0.72757,-0.74446,-0.46262,-0.69141,0.13967,0.4447,-0.68046,0.51452,1.2072,-0.39331
0.45661,-0.36138,-0.78875,-0.48066,2.6682,1.6867,1.2709,0.25773,-0.84345,1.5055
-0.50617,-0.10869,1.0096,-0.43616,-0.65964,1.6156,-0.50257,1.4969,0.74611,0.12354
-1.1846,1.7712,-0.003346,0.37098,-1.6737,-0.8976,-0.13264,0.21086,0.047502,1.2583
0.78179,0.39042,0.45699,-1.0242,0.58057,0.14468,1.0315,0.65747,1.9472,0.74966
-0.080383,-0.99988,0.56503,-1.567,-2.1036,2.0035,-0.77849,0.25913,0.60706,1.181
0.33416,0.10979,-0.17297,-0.2759,0.59827,0.26888,0.11464,-0.54352,0.18738,-1.2932
0.34604,0.022813,-0.35889,-0.6691,1.0187,-1.5402,-0.9953,0.90982,-0.20291,-1.8131
-0.11949,-0.143,0.43098,0.51918,-1.1597,0.094068,1.0435,-3.3306,-1.194,-0.31282
0.7162,1.4266,-0.30319,-0.25227,-1.1846,1.9569,-0.69178,-0.29663,0.374,-0.73367
0.22794,1.9741,0.51862,1.7916,0.57981,-0.2246,2.2456,-0.57878,-0.71925,-0.48753
0.046656,0.14002,-1.0892,0.035263,-0.11794,-1.9366,-0.89212,0.41306,0.93831,1.5094
-1.0647,0.28817,0.029043,1.1446,0.88508,0.99459,1.7066,-0.77928,-0.35775,-1.8929
0.03986,-1.2173,0.11931,0.030248,-0.082467,-0.068832,-0.87019,0.48051,-0.97099,0.90615
0.91686,1.0285,1.3794,-0.31005,-1.7349,0.65795,1.5312,-1.0041,0.52041,-0.42602
-0.40876,-0.84817,1.7481,-1.5332,-1.3933,-1.8656,-1.6032,0.013638,-1.0122,1.1497
0.40108,0.25071,-0.22653,0.46191,-0.1639,-0.63391,-0.79832,-1.2791,-0.84861,-1.1338
0.63498,0.2775,-0.67197,-0.41726,-0.13898,-0.84146,0.78312,-0.41109,-1.7161,-1.4976
3.3306,-0.15229,-1.0454,0.14163,-0.70936,-0.41494,0.97993,-0.11025,-1.9492,-0.24707
-0.71846,0.48522,-0.57518,0.58647,1.1652,-1.4871,0.74495,0.41041,-0.45085,-0.25394
-0.20397,0.06981,0.0025774,1.1467,1.596,-1.8965,0.58699,1.959,-0.27015,0.23876
-0.42991,2.1733,-1.2464,-0.051852,-0.28566,-0.97189,1.7871,0.90915,-0.58202,0.2065
-1.533,1.5103,-0.47713,-1.7026,-1.1436,2.1302,0.99021,-0.97902,0.17002,-1.2929
0.1837,2.1762,0.55123,-1.3284,-1.0072,0.12504,0.48087,0.491,0.096039,-0.80563
0.32542,0.98366,1.4249,-0.58571,-0.061934,-0.20306,-0.54306,0.88385,-0.83443,-0.38894
-0.36246,0.11292,0.98193,0.030564,1.5185,1.64,-1.4222,-0.70539,1.3051,-0.12584
-0.044953,0.1968,-0.63487,-0.43898,0.53526,0.75128,-0.076833,1.127,-0.49019,1.8065
-0.10238,0.20281,-1.9991,0.77429,1.18,2.1351,1.0403,-0.030582,0.41355,-0.34843
-0.30221,0.91882,-0.39829,1.1923,-1.3292,-0.67117,-0.47997,-0.14262,-0.92513,0.67136
-0.85359,-0.31016,0.34929,0.37178,0.13397,0.32615,-1.3085,-0.35526,0.45635,-0.31975
-0.7193,0.32127,0.050118,-0.23294,-0.065223,-0.030653,-1.1012,0.80665,-0.87625,-1.1417
-0.91703,-0.80038,-0.60516,-1.0642,0.86614,0.84466,0.53878,-0.17306,0.44996,-0.35932
0.69891,1.0209,-0.56312,0.64296,0.76423,-0.27019,0.29729,1.3167,1.3822,-1.6724
-0.025878,-0.4933,0.44307,-1.394,1.1896,0.63281,-0.43048,-0.35625,-1.1819,0.19587
0.32805,-1.3283,1.3849,0.67981,-0.5145,-0.073683,-0.11469,-0.27832,-0.1037,0.56554
-0.70106,-0.27924,0.62674,0.44652,1.8788,0.92284,-0.35284,-0.014793,-1.2954,1.4402
-2.1663,-0.52781,-2.1905,-0.409,0.30826,-1.0177,-2.0384,-1.3554,0.85139,-0.68745
0.049773,-0.86209,-0.84119,0.098484,-0.14379,-0.61044,-0.68895,-0.4145,-1.0274,-1.6825
0.62612,-0.58284,-1.0779,-0.18069,1.5585,-0.084708,-1.5284,0.12805,0.38809,0.64203
1.1436,0.63614,-0.90773,-0.43921,-0.68542,-0.40892,-0.96128,-0.27246,-1.0335,0.19958
-1.8217,-0.0722,1.3858,0.22426,1.2941,0.22776,-0.99924,0.92196,0.68109,-0.099621
0.29689,-1.5771,0.36295,0.81156,-0.92618,-0.48493,-0.46973,-0.65015,0.88727,1.5899
0.15851,1.4488,0.02395,-0.11587,0.73302,0.17853,1.9481,0.71519,0.13557,-0.86795
0.04615,0.21948,-0.11937,-0.3481,0.31042,1.034,0.50839,-0.49677,-0.47645,-0.52439
-0.11061,0.765,-1.9,-0.14451,-0.83419,-0.035718,0.46091,-0.43189,1.5063,0.92793
1.9447,-1.1358,-0.29457,-0.337,-1.7046,-0.56927,-0.76279,0.7403,0.39971,-0.048839
-1.158,-0.15731,-0.6099,0.58203,0.37774,-0.53244,0.76642,0.10777,0.94815,1.0474
0.20139,1.151,-0.1635,0.77711,1.6348,0.035878,-1.3579,1.0055,-0.15586,1.0119
0.44179,-1.125,-0.7962,0.98286,0.78369,-0.034002,-0.91733,0.028031,0.097958,-2.2602
-1.9767,0.42803,0.66201,-0.9169,1.0283,-0.70068,-1.6542,0.97093,-1.4187,-0.70498
0.43881,1.628,-0.32678,1.0001,0.70829,-1.2935,-2.3492,-1.1477,-0.77655,-0.37191
1.458,-0.71078,0.2515,-0.32678,0.58669,0.80895,-2.7481,-0.85848,-1.8274,-0.063329
-0.28683,-2.0673,0.57842,1.3653,0.23453,0.079886,-0.32048,0.25924,-0.40233,-0.013129
-0.29127,-2.0207,0.032744,1.4076,-1.2198,-0.028803,0.85543,-0.13074,-0.61994,0.84843
-1.4562,-0.087281,0.030457,-1.6163,0.079658,-0.64898,-0.44918,-0.77096,-0.092395,-0.20558
0.30305,1.4009,0.91248,-0.28452,-2.4273,-0.66023,0.77878,-0.27022,0.5452,-0.31878
1.0366,-0.33354,0.92929,0.87768,0.03168,0.60416,-0.9454,-0.60801,0.58425,-0.37769
-1.2574,-0.21652,-1.2644,0.035203,0.39279,-0.68371,0.64022,0.92551,-0.39872,1.6798
-1.3514,-1.7045,-1.2719,0.35484,2.0852,1.8494,0.95448,0.36177,0.15726,0.23751
-0.60042,0.33168,1.3591,-1.443,-1.5511,0.26672,0.16051,-1.1066,-0.97738,-0.41352
0.096061,0.14144,-0.27738,0.21239,0.37155,1.3629,1.0591,0.88375,1.7505,0.46455
1.1207,0.68189,0.16769,1.0929,-1.219,0.0057289,1.3557,0.21468,2.0564,1.1904
0.56206,-0.70784,0.23008,0.65858,-1.2655,0.42928,1.3156,-0.60814,1.3095,1.4247
-0.082256,1.4744,-0.24294,0.6717,1.3375,-1.6073,0.076614,-0.45944,-1.2449,-0.77973
-0.84358,-0.15198,0.13118,-1.5803,0.66346,0.50769,0.34527,-1.2953,-1.7842,-0.33731
0.060899,-1.6801,-0.39189,0.44848,0.46529,-1.8955,2.1278,0.28171,-0.98192,0.065744
0.53887,-0.20794,1.0781,-0.3874,-0.74522,0.46828,0.045095,0.68606,0.43382,-0.35043
-0.72178,1.3954,0.57,0.56361,0.0019623,0.040646,0.86942,-0.22616,-1.3013,-0.98959
0.23,0.48481,-0.75818,-1.1123,-0.23633,-0.29196,-0.075236,-0.66013,-0.052723,0.24935
0.27013,-1.8214,0.66349,0.29853,1.112,-0.40816,0.9324,-0.76967,-0.58169,-1.2724
1.3266,1.7782,-1.3117,-0.87037,0.59406,-0.44495,-0.32605,0.43035,0.70751,1.3605
1.5561,0.56916,-1.166,-0.37001,-0.38017,-0.58838,2.1597,0.49607,0.68289,-0.68244
-1.8632,0.083248,-1.2018,1.9873,0.29551,-0.21521,0.44364,-0.71467,1.6142,-1.1318
1.0945,-0.026363,-0.20601,-1.2685,-0.44753,-0.8447,-0.26149,-0.11645,2.0368,-0.63142
-0.64948,-0.20138,0.49924,-0.011358,0.28489,-0.99472,-0.97456,-0.23614,-0.63635,1.1797
-1.3124,-0.2456,0.92534,-0.90004,-0.80432,1.2373,-0.75555,-0.12008,-0.069673,0.77641
-0.60638,-1.0126,-0.57411,1.6434,0.60423,-2.7217,1.0247,-0.88135,1.191,0.68952
-0.47735,1.1619,-0.80523,0.48774,-0.54266,0.24221,1.2668,-0.103,1.5587,1.3724
0.31242,-0.09513,0.17447,-1.8417,0.39312,0.032199,1.2469,1.0424,0.66481,1.7056
-0.21576,1.0037,0.64016,1.5867,-0.21728,0.32155,-0.37166,-1.5592,-0.53745,1.3809
-1.3521,0.62423,-1.1385,-1.0368,-1.4634,1.283,-0.51408,-0.15355,1.8302,-0.34305
-0.34827,0.11758,-0.41355,-1.1049,-0.5009,0.45232,0.75972,0.4641,-2.9338,-0.040224
-1.9073,0.43963,0.081379,0.6619,2.5789,-1.5312,0.47883,-0.53741,0.58795,-0.50681
1.5823,-0.89835,-0.44459,1.267,-0.65821,-0.35028,-0.5372,-1.3796,-0.053144,-1.7682
-0.64368,0.52464,-0.23638,0.14897,0.80843,-0.3591,-0.18325,0.93112,-1.3429,-0.75689
0.69539,1.6646,-0.52265,-1.3362,-1.4039,-0.18874,0.98748,0.084718,-0.054114,-0.34302
0.66729,1.2323,1.6367,-0.89771,-0.60082,1.0707,0.51107,0.69259,0.35918,0.28499
-0.65441,0.33845,-1.8185,-0.47257,-0.41937,0.72911,0.15685,-0.45887,-0.87658,-0.65583
-1.5272,0.48999,0.10242,-1.1533,-1.7666,-0.19676,0.24619,-0.71006,-0.66954,0.68941
-1.5316,-0.017886,1.7795,1.4866,-0.80096,-0.61139,-0.17693,-0.92736,0.50816,0.62937
0.80701,-0.98504,-0.35007,1.0258,0.010643,0.78052,-0.056109,0.15279,0.81916,1.1879
-0.11968,-0.70606,0.20536,-1.1707,-1.1992,0.5169,2.347,0.37176,-0.48542,0.80305
1.0629,-0.88369,-2.021,-0.50119,0.8047,1.5839,0.10574,-0.35699,-0.43073,1.7292
-0.46791,-0.46419,-1.6236,-2.7047,-0.1321,0.61825,-0.55798,-0.9654,-1.0514,0.060746
-2.9273,1.009,-1.474,-0.34518,0.31093,-0.79898,-0.44289,0.31065,-0.083235,1.2329
-1.0851,1.0691,1.5669,0.56802,-0.53076,1.0539,1.019,0.038855,0.30692,0.20684
0.79572,1.3855,0.77262,1.0773,1.7271,0.084129,0.43426,-0.62676,-0.80657,2.0482
0.20782,0.61121,-0.52292,-2.5405,1.2497,-0.26427,0.62598,2.6196,-0.95163,0.55758
1.8707,1.2149,0.26047,0.63849,-0.95029,2.2806,-0.10178,0.23708,-0.68898,1.0347
0.34652,-1.9265,1.903,-1.5749,-0.99433,-1.2532,1.4923,0.94019,0.41934,-0.54354
-1.7931,0.066858,-0.86535,-1.234,-1.2583,1.493,0.19141,-0.80683,-1.7299,-0.20795
2.4827,-2.629,0.47767,1.0898,1.4407,0.33653,0.051569,-0.56347,1.2227,2.3837
1.073,1.2094,0.81351,1.1736,0.24781,0.0171,0.57831,1.1643,-0.6349,-0.55337
-1.4599,-0.66204,-1.2256,-0.40019,-0.6482,-0.5501,0.86645,-0.12359,-0.4574,-0.1894
0.221,1.0324,-1.2256,0.78539,-0.36608,0.61968,-0.53034,-0.94965,-0.71672,-0.044268
-0.044517,0.88298,0.3452,0.23996,0.45609,-0.9216,-2.519,0.51513,0.71157,0.42387
-0.75776,-0.44723,0.60733,-0.75509,0.14251,-0.19325,0.81381,1.081,-1.1831,-1.2677
-1.8137,-0.85875,-1.4299,1.3727,-1.4189,0.35848,1.003,1.0068,-0.23759,-2.7032
-0.94692,-0.30817,1.0742,-0.73199,-0.24145,0.48207,-0.6333,-1.4249,0.37582,0.65055
0.27456,-0.20916,-0.42457,0.069835,0.68165,-0.19173,1.6478,-0.74314,0.051059,-0.4043
-0.55591,0.13523,-1.838,0.4888,0.581,-0.37958,-0.68509,1.0031,0.57883,1.4507
-0.85714,-0.26758,0.22593,0.5573,-0.91904,-1.0195,0.32111,0.16585,0.30748,-2.4102
0.04914,0.4447,1.2936,0.018169,-1.1167,-0.62562,0.028562,0.20728,0.35902,0.82561
2.6058,-1.0856,-0.26495,-0.051643,-0.81253,0.32749,0.37746,0.086888,-2.3785,0.26562
0.24564,-0.1222,1.4056,-0.70636,-0.17188,0.95936,0.71665,-1.2079,-0.051697,0.85887
0.76933,-0.35552,0.75072,-1.252,-0.16127,-0.070543,-0.25838,-1.2197,-1.4575,-0.63086
-0.54138,-0.1727,-1.3572,0.59455,-0.31559,-0.58985,-0.89785,0.057193,0.26112,-1.0905
-1.5574,-0.66392,-0.84653,-0.34522,-0.62196,0.88408,-0.39702,-1.2612,-0.85951,-0.902
-1.1271,-0.52882,-0.045426,-1.306,-2.7221,0.083419,-1.2078,-1.182,0.48776,0.35103
0.54229,0.17176,1.1949,0.94113,-0.86614,-0.017184,0.69077,-0.87921,-0.077605,-0.86053
0.048174,0.32868,0.51035,-1.1103,0.26421,-0.03644,0.34999,-0.88711,0.46285,0.054505
-0.047135,0.67891,-1.3976,1.3548,-0.4463,-0.57435,-0.25104,-1.3629,-0.93873,1.8015
0.86092,-0.17825,1.3797,0.085408,-0.46497,0.94623,-1.8142,1.4636,0.64783,0.32237
2.0811,0.65455,0.1927,-1.3816,-0.5717,-0.22435,-2.3006,-1.2778,-1.8446,2.1857
0.96293,0.41367,0.86664,0.69547,0.84544,1.2101,0.21781,0.34178,1.3624,-0.37145
-0.3348,-0.42538,-0.5857,-0.33219,-0.97356,0.028719,0.88399,-1.3184,0.40004,-0.92355
0.30113,-0.47685,-1.0125,-1.1657,-0.86416,0.9227,1.4684,-0.72876,-0.21071,-0.72283
0.94112,0.69766,-0.97418,-2.1854,-0.7952,-0.15486,0.46466,0.57226,1.1745,0.23253
0.070398,-2.299,1.087,1.2931,0.76945,-1.5678,-0.5887,-0.24134,1.1643,-0.77822
1.4734,1.1738,-2.029,0.67131,1.0824,-0.42929,-0.62588,0.81946,-1.628,-0.54545
1.236,0.65539,0.023518,-1.1094,-0.33978,-2.2526,0.64636,0.062176,-1.7696,-0.40292
0.59916,-1.1907,-0.58067,-0.88886,-0.3845,1.0707,-1.2508,-0.67939,-0.55632,-0.55343
-1.5564,2.0385,-0.4492,0.40539,1.7236,1.3114,0.9645,-0.030575,-1.6676,-0.93777
-1.1961,-0.069498,-0.57402,-1.992,-0.13067,-1.2926,0.21218,0.45414,-0.64824,-1.3814
-1.0089,1.1149,-0.27858,1.5164,1.8131,-0.31985,0.38564,0.8898,0.85276,-2.1366
1.0476,2.9185,0.24272,3.1131,1.112,0.082884,-0.15969,-0.36859,-0.44349,0.51077
-0.025926,-0.70972,-0.71709,0.52936,0.48299,-0.42469,-1.444,-0.58875,0.4949,0.56718
1.9011,0.15098,-0.94006,0.72475,0.8487,1.9184,-0.55529,-0.93023,0.33564,-0.68757
-0.12038,-3.006,-1.489,-0.95744,0.49039,-0.16727,1.0099,0.62415,-0.75931,0.45121
-0.010539,-1.0621,-1.075,1.2843,1.485,0.73403,-0.098309,-0.90902,-1.0643,-0.66588
-0.22409,-0.56954,1.3418,1.7838,0.75457,-1.0947,0.50941,0.13028,1.5018,0.81745
1.2839,0.96219,-0.45036,0.2739,0.11184,0.4832,0.95092,-0.85064,0.46386,-1.002
1.0538,-0.53029,-1.5862,1.0009,-0.044263,0.073857,-1.8371,-0.4212,-0.9878,1.3166
0.18659,0.17376,-0.88586,2.1483,-0.58772,0.97539,-0.24849,-2.328,-0.11269,-0.739
-0.50026,-0.24437,0.3058,-0.52441,-0.041452,0.70526,-0.30785,-0.70911,0.53943,-0.53384
-0.37539,0.71117,-0.11258,-0.15203,-0.063795,1.3419,0.91696,-1.2173,0.054791,0.94481
-0.36302,2.6785,0.067005,0.27734,0.36243,-0.42443,0.091088,-0.91711,-0.77145,0.31891
0.68123,-0.10264,-0.35246,0.28715,-1.0474,0.70991,1.0405,-0.056525,-0.46339,-1.2759
1.0139,-0.90685,1.33,-0.066068,-2.2349,-0.70978,0.94784,-0.60156,-0.97401,0.98493
1.645,-0.53901,-0.71309,-0.087101,2.8083,-0.68839,1.4275,-0.85184,1.5972,0.26921
1.0382,-0.53443,-0.80004,-0.6036,-0.48878,-0.18045,0.59881,0.076511,0.52174,-0.27582
-1.0779,-0.62123,-1.8551,-1.6605,1.4343,0.98164,0.13639,-0.74743,0.82053,-1.1906
1.006,2.1259,-0.15532,-0.37859,0.48061,1.4589,0.80085,-1.5628,-0.46695,0.45487
0.12645,0.01886,-0.33607,-0.90111,0.10659,-0.92596,-0.30805,0.19415,-0.75515,-0.61218
-0.70917,0.10471,0.54041,-1.2102,1.2322,0.1712,-0.14292,0.45116,1.962,-0.69683
-0.20085,-0.85503,-0.55652,-0.43908,0.34434,-0.82064,-0.39248,0.1571,0.5837,-0.67547
-0.14434,-0.54856,-1.1626,2.1632,-0.11872,1.7492,-0.95992,0.51878,1.568,0.47525
0.0019629,0.75857,-1.9733,0.99301,-1.9053,-0.6681,0.60975,-0.81426,0.16286,0.41974
0.14172,0.086164,2.8518,-2.7625,-0.26426,-0.65812,1.6635,-0.85271,0.079766,0.19786
-0.1355,0.81594,0.38171,-0.497,-1.7313,2.0538,-1.5411,0.95498,-1.0333,1.1425
-0.44465,0.087386,2.0481,-0.95614,0.2868,0.93214,-0.45392,-1.058,0.35637,-1.2116
1.2325,-0.5614,0.41073,0.21276,1.4559,2.5564,0.59198,0.31145,-1.849,0.45468
1.4471,1.534,-1.4646,-0.98724,1.0219,1.3948,1.1186,-3.0065,-1.3961,-1.5919
0.54511,0.13891,0.99545,-0.3195,0.92323,0.72334,1.4305,-0.7084,0.37629,0.69252
0.069841,2.6722,-0.42064,0.030802,-0.62478,-0.41684,-0.10035,-0.4834,-1.3058,0.23101
1.4222,1.1034,1.2159,-1.0067,-0.26049,-1.4715,1.0542,0.18575,1.325,0.63126
-0.3688,-1.4554,1.0298,0.076818,-1.2814,-0.56745,0.13915,0.82879,-0.6485,-1.2491
-0.30137,-1.1315,0.66728,1.3747,-0.2609,-0.8765,0.42633,0.12922,-0.37327,1.5532
0.056775,-0.96219,0.3521,-0.92548,0.53833,1.1676,-0.34791,1.1708,-0.35425,-0.32509
0.99611,-0.3831,-0.20411,0.56752,-2.1381,-1.5315,1.22,-1.0296,-0.71514,0.15276
-0.10187,0.0051543,1.836,-0.030558,-1.2014,-1.874,-0.040106,0.38674,-1.1648,1.2473
0.54923,0.7326,-0.13278,1.5933,-0.84287,-0.93696,-1.0018,0.26765,1.9922,-0.10391
-0.10013,1.4854,-1.2222,0.18681,-1.3626,-2.6132,-0.25835,1.2893,2.3101,-1.091
0.22301,0.19794,-1.264,-0.59738,0.74873,-0.1413,-1.3368,0.36665,-1.8188,-0.91231
-1.978,0.078722,0.14489,1.6001,0.47875,0.25856,0.78846,-0.41442,0.66491,-1.0038
1.3967,-0.81401,-0.82005,0.61466,-1.5737,-0.69726,0.33253,-0.98566,0.82353,0.80956
1.0066,0.14266,-1.6113,-0.2155,1.7154,-0.11975,-1.6458,-0.28127,-0.75635,0.1037
-1.0602,0.27849,-0.33766,1.4082,-2.2545,0.21318,-0.72669,1.0416,-0.3317,-0.55104
-2.4749,0.42041,0.64053,1.7181,-2.3837,1.1361,-0.081111,-0.88112,-0.30898,-1.1346
1.6568,1.419,0.96427,-0.51378,-0.27431,0.73586,-1.8543,0.6634,1.1151,-0.806
0.059075,-1.1471,-0.079511,-0.79939,0.25094,0.77201,1.1186,2.2337,-0.25184,-0.2193
0.93387,0.5535,-0.72993,0.37841,-0.28061,-0.2662,-2.8519,2.1049,-0.45761,-0.78347
0.59292,-1.3944,-0.49697,-1.1765,-0.25195,0.227,-1.218,-0.090508,-0.1488,0.93383
0.41365,1.258,-1.4826,-0.60613,0.26217,-0.59165,-2.1185,1.9745,2.1743,-0.99225
1.1736,2.6407,0.21984,-1.9753,-0.52706,-0.58237,0.6884,0.6676,1.0766,-1.7999
0.476,0.96843,-0.77135,0.026249,0.60973,-1.0234,0.32,1.345,1.1316,0.1728
-1.705,-1.28,-0.63713,0.59191,1.2062,-0.57969,-1.1444,0.67203,-1.1226,1.321
0.67967,0.14731,-0.47542,-0.31817,1.2474,-0.12603,-1.4511,-0.40807,0.29036,0.2791
-0.34034,-0.40346,-0.27375,-1.8254,1.8442,-0.52851,-0.62907,0.10458,0.10911,2.0182
0.19393,-1.3493,0.37144,-0.67142,-0.78109,-2.2964,1.8721,0.14691,0.28467,-1.4091
0.21959,-0.92548,-0.052165,0.091836,0.84593,0.4786,0.18379,-0.69696,-1.0752,-1.6098
0.34322,-1.9608,1.2192,1.818,1.2867,-0.31128,0.12333,-1.4005,0.24709,0.36376
-0.55771,-0.64702,-0.38928,-0.66608,0.16586,1.8995,-0.74316,-1.1308,-0.0075933,1.3617
-0.57144,1.0969,0.54722,0.4738,-0.031609,1.941,0.19096,0.1731,-1.071,0.87894
-1.0742,0.37842,-1.1252,0.15586,1.0848,2.0103,0.52092,0.92079,-0.23844,0.53085
1.097,-2.4764,-1.2027,1.0636,-0.79767,-0.98312,-1.631,1.2936,0.48913,-1.8793
0.09393,1.16,-1.9131,-0.056202,0.96929,-0.72827,1.1685,0.80551,0.24613,0.37484
0.45322,0.89694,-0.53545,-1.4404,3.3955,0.083864,-0.94305,-0.50265,0.1099,-1.5818
1.0348,-1.2177,-0.056862,-0.48853,-1.4464,3.1893,0.023497,0.88416,-0.1482,0.34624
-1.156,-0.71376,-0.25694,1.0955,0.86753,0.60899,-0.039471,-2.5081,-0.46539,-0.16597
-1.1348,0.3614,0.35312,1.9071,-0.65369,0.10919,1.4367,-0.47676,1.3228,0.91829
-0.17627,-1.3505,0.27538,-1.6608,-0.057032,0.44902,1.2305,0.87508,0.60921,0.1077
0.69062,-1.0767,-1.0684,0.0083995,2.2879,-0.050838,-1.2767,2.041,0.85546,-0.077461
-0.86893,-1.0372,1.6104,-0.46735,-1.7851,1.0688,-0.864,0.23933,0.59114,0.22289
-0.75154,0.50799,1.0739,1.5084,0.70048,0.003892,0.77986,0.2282,-1.3449,0.7057
0.53418,0.056475,0.70689,0.55137,1.2439,-0.19008,-0.003436,-0.15476,-0.74289,-0.20529
0.31429,-0.6418,-0.3775,-1.1826,-1.8488,-0.12364,0.79113,-0.64808,0.61699,-2.2852
0.55712,-1.177,1.4453,0.55581,-0.016031,0.98133,1.275,0.3925,-0.5126,-2.2901
0.69253,-0.34646,0.67794,0.34782,-0.84383,-0.16395,-0.94565,1.0545,-0.86952,-0.1246
1.0445,-0.94556,1.1615,-0.12001,0.6846,-0.1889,0.65726,0.10416,0.56975,0.60287
-1.7367,1.389,-0.74835,1.4186,1.0515,0.98789,-0.67274,0.70836,-0.90146,-0.88078
0.14468,-1.9665,1.2115,-2.1542,0.74709,-0.17983,-1.4379,0.19456,-0.23418,1.9315
0.36828,-0.6286,-0.19313,0.49188,-0.70553,0.78101,-0.28723,1.2911,0.64091,-1.3798
-1.7014,-1.3578,-0.71568,-1.6562,-1.5077,0.8195,0.077995,-0.41893,1.8817,-0.53417
0.09321,1.3028,-1.0104,-0.43678,-0.64992,0.20458,0.67992,0.80451,-0.53506,0.47698
1.0674,0.70245,-0.72276,-0.21282,1.0363,0.049213,-0.72167,0.028678,-0.2893,0.89501
-1.5208,-0.84514,-1.6082,0.36353,0.57121,-0.038872,1.0744,0.67744,-1.329,-1.2945
0.042261,-0.4232,-0.60789,-0.16504,1.5399,-0.56694,1.175,-0.011096,0.28415,0.80873
-0.57606,0.4585,-0.95978,-0.1652,-0.18113,1.4673,0.88923,0.054482,0.72025,-0.13611
0.70695,0.24491,0.8971,0.59746,-0.77176,0.9366,0.76547,0.45674,0.66981,-0.93094
-1.1223,-2.734,1.5238,-1.5427,-0.56493,0.042485,-1.6553,0.17012,0.56974,0.74162
-1.1305,-1.9946,-0.52934,1.1583,-0.84529,1.9419,-2.8089,-0.76422,0.81128,0.60551
1.2947,-0.51113,-0.13779,-1.2063,0.060394,1.4182,0.77938,0.57683,3.2461,-1.1485
0.48223,1.1783,-0.93336,0.69053,0.044999,-0.25482,-0.01391,-0.13671,0.059992,-0.52643
1.37,0.4392,1.0372,0.89719,0.69023,-1.5632,1.3396,-0.88034,-0.39297,1.1094
0.86708,-1.0371,-1.3662,-0.15079,-0.48035,-0.76466,-0.35406,-0.7964,0.57232,0.31646
0.61541,0.58982,1.3724,0.8362,0.694,-1.3327,1.6773,0.48106,-0.37786,1.7579
0.12011,-0.69195,0.64626,-0.8045,0.13075,-0.5385,-1.2536,0.047373,0.72843,0.23044
-1.3218,-1.1803,-1.9088,-0.77316,-0.04291,0.42938,0.30564,-0.18843,1.1446,0.50069
-0.0068089,0.090996,-0.54934,1.0093,-0.75851,-0.45262,-0.33432,-0.70616,-0.15398,0.97609
0.20622,-0.43297,-0.40775,-0.44836,0.61463,-0.63606,0.20271,1.0501,-1.5709,2.2021
0.50664,-0.17414,0.5251,0.46777,2.081,0.22704,0.41174,-0.35841,1.0851,-0.12008
-0.9124,-0.97903,1.2393,1.6062,-0.52505,1.2356,0.23091,0.97756,0.34347,1.0402
0.09132,0.010875,-0.068324,1.5042,0.041635,0.091833,-1.0503,-0.39114,-0.92789,1.5904
1.7182,-0.72788,-0.57285,-0.017549,-0.64619,-0.96953,0.84045,-0.31364,1.4731,-0.70491
-0.55142,-1.0833,-2.5937,1.7663,-0.18125,2.072,-0.13789,-0.91029,1.0342,1.3134
0.10611,0.9568,-0.6121,0.0764,-0.16283,-2.7198,-2.2136,-1.0024,-0.99416,0.79897
0.1776,-0.011139,1.1157,0.4206,-0.74173,-0.071808,0.69491,-1.1594,1.0846,-0.047468
-0.91753,-1.2676,-0.73801,-0.1219,-0.85193,0.40448,-0.84802,1.2097,1.5611,-0.93067
0.36213,1.345,0.58787,0.1486,0.86191,-0.92753,1.893,-0.11318,1.6304,-0.4349
0.21159,-0.78594,0.37988,0.70344,0.44144,-0.19951,0.24628,0.30682,-0.3859,-2.0301
-2.3771,0.0935,-1.5372,0.38843,1.6494,1.9373,-1.7484,-0.65451,0.54737,-0.27073
2.2158,-1.1226,-0.23917,0.28928,-0.44618,-2.2244,0.16626,0.11828,0.66358,0.15807
1.3753,1.9587,0.84292,-0.93349,-0.11093,-0.63972,-0.36623,0.32567,0.55896,-0.37026
1.2109,1.9588,0.48179,-1.6116,2.0373,-0.67203,0.71907,-0.94163,-0.59422,-0.23396
0.85756,-0.01901,0.6383,-0.78715,-0.5786,0.91775,-0.40695,1.5226,1.3984,0.3635
-0.34227,-0.71946,0.050448,0.67844,-0.15078,1.5477,-1.1674,-0.67518,-0.45628,0.072343
-1.1991,0.98611,-0.9331,-0.69142,-0.20268,1.7149,0.6012,0.61951,0.61856,0.85938
-0.46981,0.3532,0.47245,-0.43405,2.0329,-1.1674,0.27392,-1.8915,-1.3043,0.34784
0.50256,-0.079005,0.18522,-0.80646,0.72354,0.070536,1.132,0.67538,1.594,-1.4965
1.9107,1.6124,-0.28247,-0.35239,0.9159,0.33046,-0.38351,-1.0449,1.4576,-0.25576
-1.002,1.213,-1.5402,-1.6595,0.15322,-0.83947,0.59765,0.56942,0.26957,2.0754
1.8676,0.17425,0.023783,0.64709,0.80915,-0.22997,-0.0019827,-1.746,1.0563,2.3623
-1.0523,0.60781,-0.85524,1.0642,-0.99591,-0.87949,1.9484,-0.30567,0.13638,0.31805
0.80365,-0.016285,1.6187,-2.5072,1.0697,0.72992,0.25497,0.36745,-0.73346,-0.39631
-0.072668,0.3891,0.45723,2.0249,-1.5352,-1.2345,0.39386,0.40853,1.2279,0.076226
-1.952,0.80725,1.808,-0.91314,2.3527,0.60859,1.6061,2.0215,0.64737,-0.34847
2.4997,1.156,0.1063,1.1163,0.52896,-0.59663,-0.25139,-0.96709,0.75281,0.90691
-1.2066,-0.87239,-0.28476,-2.043,-0.3305,-0.63675,-1.4452,0.48778,2.0356,0.8162
-0.70742,0.11722,-0.58658,1.8198,1.1175,0.78415,-2.3096,0.17991,-1.0413,0.090489
-0.45093,0.67601,-0.576,-1.6306,-2.1819,0.10998,0.2564,-0.55145,1.066,1.1095
-0.37542,-1.3068,-0.3962,0.27179,-1.8308,0.048755,-0.68786,-0.85672,-1.0291,2.3629
0.21287,-0.10916,1.3984,1.1051,-0.80811,-0.072334,0.5978,-0.14279,-1.5176,-0.69243
0.32928,-0.65287,-1.1535,-0.61217,-0.16861,0.55837,-1.8609,-1.1279,-0.8859,-1.4153
2.0921,-0.29236,0.72079,1.144,-0.67229,-0.27139,0.3559,2.1582,1.9366,-0.92991
1.4218,0.26538,-0.10911,1.4182,2.3168,0.82017,-0.16281,1.3369,1.1047,-1.294
0.96322,-0.72189,1.4927,0.60209,0.19176,-0.79289,-0.74561,1.2857,0.50768,0.63614
-0.6574,0.81581,-1.3642,0.61429,-0.93613,-1.4605,-1.1024,1.5403,-1.0925,-0.53889
1.0743,0.15688,0.31004,0.34406,0.70078,2.2861,-0.30506,-1.4882,0.14069,0.46265
-0.19887,1.5491,-1.0258,0.70328,-0.89963,0.02184,0.76565,-0.89934,-1.7007,0.56495
-0.28872,-0.074722,-0.53053,0.8811,-0.38871,2.3559,-1.2086,-0.18137,-0.53519,-1.4497
0.54588,-0.27431,-0.032176,2.5314,-0.01874,-0.34477,0.70701,-0.58593,0.15417,-0.26817
-1.1954,0.22623,-0.49638,-0.20337,-0.457,0.34612,0.81803,1.1702,0.51583,1.4894
-2.4051,0.56322,0.36469,0.80667,-0.33338,-1.7672,0.010545,-0.07982,0.049618,-0.70001
-0.41355,1.1282,0.015898,0.68737,0.35335,0.44768,2.1611,0.86924,0.38716,1.4336
-0.84336,-1.0845,0.32412,-0.34544,-0.72019,1.1136,-0.2641,0.96196,0.48198,0.68634
0.85335,0.55016,-1.4548,-1.5148,0.6153,-0.99213,0.93342,0.96831,-1.5945,-0.098402
-0.26255,-1.3394,-0.35291,0.76102,-0.42349,-0.58885,0.22571,-0.83367,-0.66126,-0.086716
1.4396,0.69938,-0.52306,0.11614,1.198,-0.64993,0.52694,-1.8413,-1.0601,2.0006
-0.52478,-1.158,-0.034149,-0.68032,0.47838,-1.2759,0.23352,0.92423,-0.79772,0.37908
0.6263,-0.011538,-0.065643,-1.6294,-1.663,-1.7138,-0.13892,-0.31174,-1.0303,0.26778
0.49037,1.5422,0.81058,0.56004,-0.25511,-0.41892,1.4739,-1.0389,0.31177,-1.6967
0.39213,0.15891,0.12088,-2.1059,-0.61054,-1.2756,1.0401,0.71006,0.75163,0.23143
-0.96929,-0.67381,1.213,1.2137,-0.35658,1.6149,-1.4557,-0.84395,-0.51511,0.66309
0.060152,-0.57087,1.1566,-1.9764,-0.81043,-1.6879,0.017385,1.2837,0.57284,-0.071993
-0.12658,0.068351,-1.4155,-0.83487,-0.55205,1.375,-0.02,-0.040407,-0.031988,0.74346
-0.57716,0.52682,-1.1616,-0.64201,-1.5231,-1.3469,0.084873,0.60409,1.4602,0.59552
-0.30518,-0.74418,-0.81653,1.4765,2.0906,-1.3694,1.4939,0.74649,0.27224,-0.056395
-0.48328,0.43501,0.17468,-2.4069,0.81054,-1.3068,0.56393,0.25646,-0.1611,-0.98184
-0.31029,-0.70829,-1.2087,-1.7134,0.46577,-0.38623,-0.59279,1.7357,0.38259,-0.43892
-0.86155,0.029699,0.23478,1.4521,0.099683,-0.60842,-0.36271,-0.61016,1.8363,-0.02588
-1.22,0.26898,0.38997,-1.2056,0.58093,0.10009,0.8307,1.5581,-1.1472,-0.45437
