-0.6455,-0.30509,-0.14774,-0.71366,0.050981,-0.018576,-1.5602,-2.3997,0.22801,-0.32395
-0.28914,-0.059961,-0.42066,-0.99241,-1.1815,-1.0653,0.71988,-0.60443,-0.52552,1.9252
1.0004,0.82337,1.6521,0.89217,-0.017856,1.1605,-0.25209,-0.7108,-0.35409,0.25951
-0.58806,-0.32136,-0.27747,-1.0265,-0.48791,-0.37729,-1.4892,0.33102,0.79631,0.40651
1.5575,-2.1046,0.70646,-0.16503,-1.539,-0.42804,0.79976,0.35422,0.15569,1.4919
-1.3614,0.60135,-0.5434,0.34359,0.19413,0.99507,-0.62073,-0.027688,0.45303,1.2491
1.9001,-1.1098,1.2083,-0.08519,-1.6495,-0.81892,0.61791,-1.6184,0.3128,-0.7297
0.17786,0.39243,-1.9098,0.63823,0.41125,-0.24542,-0.66028,-0.76427,0.32629,1.1953
-2.1666,-0.54969,-0.51082,0.50981,0.40036,0.26234,-1.0433,1.0787,0.79934,-1.1894
0.70689,1.0551,0.0034817,0.062532,0.36133,0.81959,-0.14829,-0.71496,0.78038,0.060698
-2.2253,-1.4897,-1.9927,-1.0378,-0.47823,0.34415,1.0134,-0.89768,-0.64819,0.82934
0.3412,-0.67051,3.0918,1.0862,-1.3703,0.077891,0.024777,-1.1519,-0.74171,1.756
2.2512,0.36972,-0.22017,0.15412,0.032859,0.55006,0.60658,-1.165,-1.269,-1.8966
-0.16614,0.66414,2.2167,1.8254,-0.042907,-0.12087,-0.50109,-0.56396,-1.4334,2.7708
0.48702,-0.066864,0.65277,0.19921,0.39272,0.0071691,-0.31707,-0.5991,-0.81296,1.5136
0.67297,-0.49892,-0.10454,0.70339,1.0515,-0.73192,-1.2735,-0.14391,1.9554,1.3692
-0.37496,-1.1594,-1.48,1.3105,0.86011,-0.97142,1.2608,0.29471,0.5884,-0.2062
0.82049,0.14863,-0.53105,-1.2697,1.0403,-0.35698,0.22728,0.15628,-0.56941,2.6682
-0.37487,-1.273,0.23992,1.2292,0.11752,-0.14647,0.76517,0.45684,1.6967,-0.15398
0.87849,2.286,-2.0283,-1.0743,0.96307,2.368,-0.38654,-2.1855,-2.0157,1.1173
-0.99801,-0.2448,-0.56903,2.2268,1.3853,-0.90271,-1.2506,0.82209,-1.6673,0.51996
0.070461,0.55379,0.58413,-1.0187,-1.0883,-0.33585,-1.1654,-0.87541,-0.62844,0.67849
-0.29054,0.58741,0.78427,-0.90811,1.3396,-1.1537,1.0475,-0.29888,-0.33527,-0.4111
-0.77834,0.83417,-0.12323,-0.55338,0.16744,0.46957,-1.4064,-0.034576,-0.71841,-0.42593
0.088556,-0.47388,-1.2164,-0.98705,0.52844,0.097684,2.3835,1.1886,0.1579,0.92355
-1.4737,1.7237,-1.3353,-0.48172,0.17973,-0.4834,1.9039,0.13391,-0.67308,-1.2074
-1.6398,0.24355,0.050547,-0.043154,0.58977,-0.71386,-1.4932,0.65608,0.79955,1.7475
-1.4533,0.21077,0.15376,-0.94092,-1.1481,0.80243,2.9993,0.6697,0.50495,-0.72849
-0.80338,0.25759,1.787,1.5038,0.22171,-0.56106,0.03963,0.055919,-0.81534,0.59934
0.84258,1.1408,0.45362,-1.9158,-1.3222,-0.94305,1.0006,1.5609,0.83082,-1.3361
0.049842,1.2017,0.037652,0.23869,-1.0812,-1.1978,1.4992,-0.09978,-0.5395,-0.45764
1.248,-0.15253,0.10661,0.78547,1.0372,1.0392,-1.3799,1.2245,-1.227,-0.25996
0.9871,-2.001,-0.25307,-2.1474,-1.3929,-0.82165,-0.49345,-1.6813,-0.90547,-0.1245
-0.48112,-0.89161,-0.62868,0.27285,-0.80787,0.69345,0.94098,-0.10574,0.036246,1.8721
-1.3608,-1.7432,0.94003,-0.92836,-3.168,0.35078,0.19739,1.941,-0.97195,-2.9303
0.027717,-1.4271,-0.18037,0.49088,0.56648,-0.37499,-0.88314,0.48033,0.59937,0.44047
-0.34781,0.40946,0.25608,-0.10118,0.023878,1.0457,1.2129,0.31,0.56691,-0.38365
1.2241,-0.8917,0.33354,0.40616,0.087146,0.97782,-1.5235,1.3635,-0.56474,-1.0899
-0.73365,1.3522,-0.87675,-0.3218,0.23555,-1.3775,1.3518,0.63505,-1.4961,0.36941
1.5796,0.62826,-1.0185,-0.69908,0.31996,1.3461,1.3467,-0.37801,0.43004,0.13848
0.25426,-0.65973,-0.54668,2.1506,-0.22096,-1.0059,0.15404,0.93535,-0.39401,1.0844
0.46439,-0.039731,-2.1746,0.51398,1.4173,-0.36481,-0.58657,-0.76006,0.67405,-0.80913
-0.71503,0.9387,0.59149,-2.7748,-2.0164,0.89857,0.023811,1.2245,-1.1573,1.3184
-1.0158,0.25819,0.79323,-0.30027,0.8613,1.8364,0.30976,1.4168,-0.40665,-0.54352
-0.17603,-0.70277,1.3337,-0.087409,0.31609,0.76869,-0.72633,-0.45514,1.0242,-1.0157
0.021295,1.6585,-1.5945,-1.4141,1.0463,-0.040687,0.05201,-0.067343,-0.13213,-0.076655
-1.4609,0.23788,1.1685,-0.015464,-0.89904,1.3261,-0.74454,2.3015,0.42003,-0.51628
0.11045,1.7778,-1.4823,-0.67759,0.28078,-0.44311,-0.44696,1.0607,-0.98444,0.45071
-0.76866,1.2009,-0.64959,1.3223,-1.753,0.26018,0.0072215,-0.44027,1.1916,-1.7773
0.42135,0.1973,-0.22063,0.23339,-0.99019,-0.78652,-2.4129,1.6001,-0.53653,0.20966
0.97626,-0.27082,-1.6995,0.19649,-1.1629,-0.40242,-0.20543,-0.58407,0.31303,2.1291
-1.8909,-0.94908,0.52655,-0.18174,-0.79859,-0.8868,-1.0245,-1.8163,-0.9098,0.74036
-0.72562,1.4237,0.0036072,-0.43675,0.7992,-0.8662,-0.5852,0.051601,-0.10741,-0.86037
-0.27107,1.3761,-0.088836,-0.14601,0.76728,0.36445,0.65371,-0.52335,-1.2326,-0.63392
-2.2516,0.036713,-1.4914,-1.95,0.0090008,0.86156,1.3249,-0.15737,0.23881,1.4485
-2.5941,-0.55716,0.49132,-0.33841,-2.1272,0.95856,0.63015,0.065206,1.4269,-0.20157
-1.6935,0.13547,-0.41825,0.808,0.85853,1.3968,-0.55829,-2.3666,-0.51625,-2.4176
0.8954,-0.73445,1.4607,-1.2679,-0.54418,-0.1053,-1.3872,-0.34496,2.1119,0.15155
1.6186,-0.38533,1.3858,1.2576,-1.0777,-0.52151,-0.87094,-0.13381,-1.9913,-1.1546
-0.63789,-0.29893,-0.1283,0.49943,-0.27002,-1.2797,0.064369,1.992,0.89275,0.29773
-0.45155,0.12302,0.18598,-0.27028,-1.1886,1.1362,1.3946,-0.67687,0.13148,1.1231
0.17773,-0.060022,1.1873,0.21711,-0.76096,1.6718,-0.90891,0.37706,-1.2883,-1.2731
0.81447,1.0732,1.3241,0.30029,0.031701,0.98725,1.3529,0.87639,-0.9292,2.1483
0.87984,-0.859,0.10262,1.3523,1.3752,-0.1486,-0.85969,-0.34649,0.068485,0.20092
2.506,1.1846,2.3321,-1.1097,-0.78582,1.1925,0.3048,-0.42171,-0.94924,-1.1697
0.47279,1.1324,0.83421,-0.53851,-1.596,-2.8337,-0.64858,-0.13934,0.54074,0.07409
-1.168,0.57579,1.3029,-0.06519,-2.1492,-1.1621,0.86978,1.0698,-0.66859,0.84489
2.3186,0.30736,-0.46178,-0.69121,-2.4783,0.0028703,-0.32515,-0.13312,-0.14777,1.4141
-0.99786,-1.2655,-1.4327,0.33224,0.18543,0.38622,0.33871,-1.124,-0.037917,-1.9085
-0.70499,0.76641,1.0801,0.11911,-1.6707,-1.6395,-0.16055,1.0841,-0.54599,-1.0075
0.90716,0.062731,0.61257,2.3348,0.9245,-0.84839,-0.020001,0.91099,1.882,0.55632
0.17554,-0.41803,0.7158,-0.035446,-0.876,1.1958,-2.4129,0.045535,-2.9784,0.023591
0.068244,0.63967,-0.82239,-0.096197,0.28868,-0.76787,-0.10423,0.30785,-0.79108,0.5241
0.0059163,0.69182,-0.61129,0.28393,-2.9087,0.1841,2.0781,-0.75848,0.68984,1.7721
-1.3396,2.093,1.1018,0.74254,0.45186,0.24594,-0.36649,-0.81666,-0.22185,0.38757
-1.2855,0.20229,-0.41041,1.1907,0.99744,-0.04443,0.72557,0.81895,1.3155,-0.89184
-1.6765,-1.5883,1.5446,-0.82151,-0.81701,0.5975,-0.44527,-0.36104,-1.1129,-2.3453
0.75587,-1.5608,-0.78443,0.81855,-1.7155,1.2703,1.3639,-1.0244,0.83279,-0.82233
-0.89577,-1.2545,1.9471,0.29026,0.72069,0.2732,-1.4275,0.27381,2.3077,0.19497
-1.7346,-1.2741,-1.7344,-0.84463,-0.62851,-2.1953,-0.30527,-0.35426,0.44291,-0.88501
0.47655,-0.54884,-2.4377,1.0459,-0.87771,-0.077578,0.57444,1.8546,0.93161,-1.6563
-0.25397,0.94771,0.20974,0.48676,-0.35855,-1.1576,0.45316,-0.45751,0.52238,0.79084
-1.3032,-0.60609,1.8233,2.0292,-0.94087,0.16752,-1.7172,-0.3046,0.31088,-1.2058
0.29026,-0.73622,1.0276,1.061,0.77828,-0.51101,-0.081881,-0.45739,1.4393,1.1932
0.43966,-1.6201,1.1158,-0.69703,-1.0058,0.16952,0.88426,0.083456,0.98807,0.70148
0.50339,0.42924,-0.22187,0.59826,0.0039445,-1.3397,0.65903,0.79759,1.3486,0.39403
-0.61006,0.10877,0.19504,-0.11009,-0.80954,1.3303,0.82517,-0.84995,0.18189,0.35701
-0.35394,-0.34753,0.29143,-0.91194,-0.1435,-0.82889,-0.13275,-0.14089,-0.07431,0.17337
-0.4321,-0.010057,-1.2352,0.86101,0.75678,1.147,0.92365,0.98657,-0.25097,-2.4835
0.16448,-0.48173,1.6208,0.13486,0.44253,0.69035,-0.40806,-0.57394,-0.41406,0.5624
0.5105,0.60343,-0.37962,1.5962,-1.1223,0.1584,-1.5357,0.79511,1.5505,1.1981
1.6428,2.1275,0.46599,-1.0223,0.18418,0.18264,0.60839,-1.675,-0.25023,-0.80778
-0.61513,0.43344,-0.34795,-0.9402,1.4526,-0.56534,0.22411,0.66502,-0.36115,0.080677
-0.62867,1.1493,1.8561,0.37722,-0.75116,0.83843,-0.26118,-0.07534,0.60008,1.1985
-0.17656,0.50852,1.5291,-0.12478,0.60198,-1.8736,-0.10909,-0.36396,-0.96611,0.56731
1.1613,0.098358,0.71952,-0.9937,-1.882,-1.6324,1.8368,1.1916,-0.5231,-1.0237
-0.39847,2.2297,-0.39332,1.3509,1.9798,-1.2699,1.1223,-0.069661,-0.50255,-0.65058
0.92836,-1.6879,-1.2781,0.17095,0.68494,0.61924,-1.6169,-0.93533,0.73532,0.51763
-0.73563,-0.49884,0.30136,0.21534,1.1552,0.83596,0.18358,-0.33991,-0.24654,-0.23365
-0.85599,1.3666,1.1338,-1.3835,1.7563,0.28438,-1.2999,-1.7656,-0.17504,0.0026103
1.8131,-0.25105,-0.13508,-0.45642,-0.3285,-0.11407,1.4086,-0.37485,-2.4219,0.099612
0.86035,0.53653,-1.4575,0.23291,-0.71643,-0.46748,-0.70914,-0.088893,1.292,0.38669
0.56782,-0.43426,2.02,2.281,0.47,-0.0030273,-0.23498,-0.80234,1.1969,-1.2656
0.0066418,1.4466,-1.2524,-1.3219,-0.024341,-1.269,0.86459,-0.49854,-0.67058,-0.69782
-0.59979,0.89246,1.5938,-0.86404,0.76588,0.23737,1.4256,-0.37275,0.18381,-0.53255
1.1752,-0.53372,0.76419,-0.12798,-1.0107,-1.0044,1.3582,2.3481,1.1142,-0.51884
1.1313,-0.2749,0.258,-0.098576,-1.5398,0.43631,-0.030461,0.66532,0.1538,-0.87345
-1.7619,-0.61912,0.1146,0.14217,-2.4021,2.5463,-0.77592,-0.33962,1.3461,-0.9469
-1.1518,0.67382,0.4077,-1.6249,0.53165,-0.93452,-0.75017,1.1007,-1.5759,0.56419
-0.36829,-2.3676,-0.41751,2.0009,0.54222,-0.093189,-0.47253,-1.1621,-0.50898,0.55209
1.4841,0.88637,0.52607,-1.0108,2.1294,0.33599,-1.1025,1.612,0.68164,0.1035
0.3911,-1.6625,0.54338,1.4905,1.2924,0.88141,3.1046,0.10086,1.0688,-0.52194
1.3077,-2.1081,0.91585,-0.079715,-0.72386,-0.83993,0.56054,0.012015,1.8592,0.42405
-0.57718,-0.27674,-1.0719,2.1451,-0.088747,-1.8072,-1.1362,1.25,0.98209,-0.56384
0.4771,1.3015,0.23781,-1.7546,-0.57492,-0.18213,0.084519,-0.44174,0.054881,-1.2745
-0.62152,1.6711,-0.13154,-0.85599,-0.89722,-1.869,0.54672,-0.35486,0.23158,0.27967
-1.8751,1.3712,1.9211,-1.0733,-0.71699,-0.16134,-0.45969,0.089857,1.0757,1.515
0.30779,-1.4222,-1.7642,-0.2562,-0.93442,-0.55749,0.18367,1.933,0.74975,-0.32649
0.039045,0.92846,0.65669,-0.057489,0.10413,0.77925,0.084305,0.44826,0.047447,-1.0389
-0.76171,-0.54257,-0.57446,1.3127,-3.0864,-0.67095,-2.1924,-0.37966,0.41458,1.9698
-0.54991,-2.5161,-1.0529,0.18931,0.16472,-0.37197,-1.235,-0.43249,-0.272,-0.029978
-0.77944,1.1353,1.3115,-0.058164,-1.9685,0.40335,-0.3959,0.10203,-1.8567,-0.76763
0.52046,-1.1064,0.94984,0.050302,0.16509,-0.10021,-0.48975,1.2836,1.3952,1.2839
-1.0408,-1.2573,0.88184,-1.7423,0.77094,0.037386,0.76524,-2.0515,-1.5109,-0.076718
0.59186,-1.7165,2.2029,-0.10672,0.18726,-0.83237,-0.68195,0.39439,-1.4672,0.17659
-0.29161,-0.32567,0.67961,1.7008,0.90695,-1.9763,-0.052346,0.28869,1.0815,0.21047
-0.23618,1.3157,-1.2071,0.5173,-0.44496,1.8105,1.0046,-0.11401,1.2202,0.94711
-0.87678,-1.4485,-0.022223,2.9656,-0.16568,-1.8152,0.80708,-1.4776,0.073993,0.42031
-0.83682,1.8532,-1.0232,0.8107,1.3714,-0.3921,0.43455,1.698,0.78885,0.24481
-0.67295,-0.5456,0.33119,-0.92011,-0.32407,-0.15442,-0.60164,0.043212,0.11479,-1.2822
-0.9197,-0.21129,-0.091221,-1.0129,-0.29192,0.59553,-0.16519,0.10391,0.88917,1.1641
-0.70642,0.50029,0.55422,2.0915,-0.99879,-0.12538,-0.41882,-0.49272,-0.96521,0.11808
-0.64205,1.6044,0.78656,1.2213,-0.064156,-0.59445,-0.77129,-2.2719,-0.15987,0.54163
-1.5197,-0.8491,1.6211,-1.5127,-0.74926,-0.60223,-0.0024503,-1.04,0.26031,-0.32391
-1.7454,1.8487,-0.55082,-2.6086,1.4758,-1.0646,0.55202,-0.04496,0.44571,0.69722
-3.1289,0.5329,0.6709,-1.0792,0.2346,-0.81732,-0.68322,1.1843,-0.9,-0.19562
0.54569,-1.3909,-1.1207,1.496,-0.073408,0.13828,-0.59886,-1.7387,0.6872,-0.37278
-0.97473,-1.4927,1.0521,-0.23751,-1.5268,0.78892,0.24092,1.4509,1.3037,0.82654
0.22101,-0.74585,0.97085,-0.50541,0.63566,-0.77722,-1.5182,2.1004,0.20096,-0.83231
-0.39422,-0.59112,-0.75626,0.34028,1.0274,0.095348,-1.5343,1.4709,0.41082,1.6923
0.83784,1.9281,0.0028105,-1.0928,0.068444,1.8183,-0.23375,0.16487,-0.10075,0.759
0.3794,-1.5054,1.8937,1.405,0.4301,-3.0209,0.36067,0.46864,-0.19318,0.82028
1.4796,2.9966,-1.44,-0.26878,-1.3045,0.27143,1.0031,0.6703,0.032296,-2.5222
0.23817,-2.7622,0.31595,0.1869,0.75758,0.3191,-1.4993,-0.72384,-0.78137,-0.3359
0.53898,-0.27659,-0.99394,-0.77301,-0.93612,-0.94448,-0.71717,-2.6268,-0.64123,-0.49445
-0.37873,-0.38261,-0.86652,0.56903,1.5931,1.4262,-0.092932,-0.1182,-0.39574,1.0122
-0.91468,0.26862,0.85989,1.1594,1.6804,-1.5115,-0.29798,-1.0318,0.16693,0.21517
-1.7242,0.43023,0.53383,-0.096291,0.027225,0.94601,0.42723,1.9681,-0.28879,0.911
-1.3713,-0.89134,1.0353,-1.6077,-0.8095,0.71562,-0.64723,0.38663,0.30955,-0.19596
1.7607,0.4159,1.3966,-1.0322,-0.061938,-0.94715,1.8607,-1.256,0.19618,-0.29124
-1.2982,-1.7199,-1.2828,0.27549,0.95958,0.95176,0.51137,1.4402,-0.14835,0.51904
0.51202,-0.85598,-0.7914,-0.31394,-0.73375,-0.02461,1.3398,0.49916,0.55176,-0.56778
0.068258,1.5157,-0.96514,1.3014,-0.78821,-1.8815,0.46674,-0.26091,0.06043,-2.0512
0.68942,0.93442,0.1639,-1.2822,0.3051,-1.3106,0.027781,0.2519,0.76963,-1.0123
-0.22378,-1.0388,1.5017,0.76569,0.5916,-0.56001,0.87341,0.2432,0.37038,-1.0891
-0.27373,1.5259,0.12085,0.27612,0.1015,-1.8782,-1.0388,1.3547,0.46669,0.68009
0.63005,-0.18209,-0.35776,0.92131,-1.9856,-1.465,0.37183,0.78303,1.1936,0.25358
-0.31673,0.042471,0.13933,-1.6399,-2.0618,-0.088543,-0.33278,0.35803,2.15,0.30044
0.24165,0.4759,-1.3499,-0.88534,-0.46108,-0.08617,0.6916,1.2637,1.549,-1.0166
1.4169,0.17222,-0.79596,0.96786,-0.48956,-0.29215,0.50402,-0.54545,-0.77859,1.2881
0.61909,2.3154,0.062275,-0.84255,-0.58441,1.4906,1.8177,-1.457,1.0881,0.2408
-0.59475,0.068374,-1.0988,1.3453,-0.84781,0.17371,0.48574,1.3684,1.4406,-0.14858
-0.27621,0.13776,-1.2338,0.091812,-1.2048,1.1273,-0.68551,-0.78663,0.022811,-0.64932
1.4166,-0.2884,2.2103,0.95105,-0.18899,-0.37259,-0.73379,0.35576,-0.40723,-0.11941
-1.7844,-1.4335,0.63834,1.6596,1.1038,-1.3166,-2.3878,-0.13487,-0.7692,-1.0477
0.31826,0.3876,-0.94008,0.43988,0.16224,0.1074,-0.37285,-0.45691,-1.1803,0.45224
1.5468,0.55599,-0.93254,-0.9936,-0.053655,-2.1784,0.12613,0.23445,1.5854,-0.34113
0.011385,0.54781,-0.39193,-0.97869,-1.0504,-2.6362,-0.59652,0.96669,-1.8532,-0.2273
0.19878,0.62089,-0.8444,1.0967,-0.91573,-1.0702,-0.14174,2.2169,0.57787,1.0077
0.96611,1.0039,-1.1768,0.47782,-2.461,0.22941,-1.4702,0.34134,0.17003,0.34578
2.3077,-0.77369,1.6517,-0.65289,0.58377,0.75993,1.2653,-0.87097,1.6078,1.0806
0.95517,0.55914,0.64784,0.22448,-0.64594,0.41018,0.27963,-0.72009,1.6026,0.030403
-0.56578,0.60459,0.14793,-1.2438,-0.12586,0.97587,0.37917,0.21328,0.73416,-0.18357
0.0056436,-0.44357,0.23136,0.69191,0.78558,-0.80019,-2.559,1.4015,0.35054,-0.92332
-0.68594,-0.027364,-0.97668,-1.4751,-0.5984,-0.32667,1.1087,0.38282,-0.45345,0.15574
0.010842,-0.81363,-0.66448,-1.5196,-1.2777,-0.1331,-0.083808,-1.9041,-2.4219,-1.0871
-2.4391,0.38936,0.15227,2.4261,0.66867,0.28687,2.0536,1.6145,0.33811,0.69756
-1.0063,-0.34116,-0.89434,1.1259,-0.23198,-0.87822,0.93925,-1.1969,-0.0246,-0.87505
0.5598,1.9172,1.0657,2.1154,0.044133,0.3626,0.3411,0.68084,-0.90237,-0.068634
0.47803,0.46611,-1.4258,-0.10606,0.070788,0.21259,0.32917,0.12633,-0.78173,-0.29722
-1.3309,-0.30538,0.66344,-0.030454,-0.32023,-0.84437,-1.3775,2.0235,0.36449,0.73616
0.51212,-0.72639,-0.58466,1.3374,-1.5115,-0.55201,0.78942,-1.2261,-0.36558,0.17416
0.20078,-2.6649,1.2614,-0.44029,0.12783,1.9255,-0.39766,0.61753,0.31506,-0.36458
1.045,0.22413,0.48024,-1.3109,-1.9122,-0.33436,1.27,-0.83284,-0.35502,-0.22076
0.19995,-0.7842,-0.7634,-1.1695,1.5822,-0.24924,-0.49983,-0.67709,-1.4525,-1.517
-0.94259,0.23235,-0.10954,-0.093845,1.1046,0.07125,-0.14547,-0.45535,1.0192,1.3153
-0.89674,-1.5047,0.10989,1.0074,-1.1742,0.3786,0.054318,-1.5695,-0.58231,-0.73957
-1.2374,0.78271,0.83099,-0.2782,-0.91422,-0.52474,-1.304,-0.68311,-0.3869,0.6745
0.23859,-0.66711,-0.70697,-0.22976,0.4398,0.40722,-0.30688,0.012563,-1.2801,0.99382
0.84566,0.40604,0.61464,0.65071,0.6185,0.67882,0.29448,-0.54926,0.032794,0.47914
-0.42539,-0.76529,-0.34533,-1.947,0.079112,0.94252,0.40674,0.77198,-1.5428,0.24096
-0.3236,-0.070013,0.73935,0.9504,-1.2583,1.2897,-0.23097,0.83794,-0.36878,-0.2446
-0.54866,1.2104,0.957,1.5676,0.22124,-0.32877,-0.49247,0.73897,-1.1083,1.9013
-2.2004,0.068395,1.9143,0.26349,0.18076,-1.0108,-0.53113,0.45459,-0.33073,-1.0942
-1.2631,0.32348,-0.8817,-0.51956,0.26776,-0.88746,-0.48801,0.26264,0.95131,-0.47163
-0.41638,1.2511,-0.60479,2.2581,0.52128,-0.46023,-0.89411,1.0198,-0.16546,-0.39079
0.32686,-0.44393,1.961,1.4999,-0.017197,0.91421,1.1615,-0.2569,-0.60898,0.031399
-0.84407,0.4597,-0.74499,0.70357,-1.8271,0.57683,-0.78999,-1.3119,-0.43337,1.4214
-1.2142,1.0667,-0.00011927,-0.0076588,0.057131,2.3547,-0.080035,-0.49782,-0.048352,-1.2854
-1.1062,1.1405,-0.21442,0.14006,-0.68479,-0.032767,-1.4794,-0.062936,-0.22582,1.6225
0.7967,0.63354,1.1047,-0.79004,1.4517,-1.9422,-0.36846,-2.9588,-0.46501,0.42467
0.27735,2.6787,0.48272,0.03196,-2.4472,-1.4392,0.35766,-0.34705,-0.2005,-0.99188
0.14355,-1.2727,-2.5033,-1.4203,-0.32616,-1.5952,-1.8064,0.35506,0.14509,1.5099
0.7804,-0.84281,1.2925,-0.75715,0.28154,-1.4327,-1.7694,1.4965,0.86131,0.53442
0.85744,0.29339,-1.4404,-1.4835,-2.5534,-0.53377,0.082603,0.15739,1.8054,-0.18187
-0.62564,-0.45345,0.13461,-0.071957,-0.50599,-1.4906,-0.18525,-0.071937,-0.044915,-0.28433
-1.7229,0.49171,0.33322,-0.0048029,0.25238,-1.947,-0.52128,-1.5355,-1.2231,-1.5031
-1.4578,-1.3748,0.49542,1.6187,-0.73734,0.083278,0.80541,0.19611,0.72037,-0.46367
0.90082,0.079565,1.456,-0.40874,0.26347,0.6955,-0.66507,1.2205,0.010083,1.1652
0.47081,0.85505,-1.7298,-2.008,-0.051208,0.49878,-1.574,-0.84035,0.91193,-0.21011
-1.3936,-1.0101,0.59964,0.5079,2.0845,-0.71657,0.65495,-0.021377,-0.89787,0.073924
-0.41467,-0.34146,0.68728,0.47317,-1.4275,0.0068422,0.32273,-0.43963,-1.9228,-0.64158
-0.06405,-2.0212,1.7253,0.83355,0.5213,1.9025,-0.27748,-0.73663,0.31166,-0.22647
0.11802,-0.83369,-0.5306,-1.6516,-1.3066,0.66557,-1.8207,-2.0501,0.80117,-1.4497
-0.061154,0.30525,-0.86046,-1.5466,1.1818,-0.093803,0.79605,-0.48939,1.1139,-1.3077
-0.83102,1.2926,-0.64178,0.9059,-1.1059,0.65178,0.28718,2.8608,1.6657,0.82878
1.1035,1.2545,-0.34472,0.79104,0.48883,-0.26233,-2.2437,-0.65098,-0.21086,-0.6827
-0.49988,0.25686,1.0742,1.5219,-0.99677,-0.022056,1.4538,-0.086411,-0.55291,-0.15922
-0.94944,-0.60387,-0.11197,-1.8933,1.031,0.97099,0.55221,-0.93597,2.367,-0.19028
-1.9613,-1.4327,-0.49786,0.69673,-0.27041,0.37732,-0.55477,0.13692,0.87655,0.32561
-1.2757,0.79095,-0.048485,-1.7079,1.2807,0.042992,-0.5309,0.37371,-0.48312,0.8293
2.7566,0.37812,-0.73321,-0.1296,-0.59292,-0.78025,-0.62723,-1.5796,-1.1735,-0.90457
-0.59724,-0.56166,-0.068476,-0.23764,-1.3128,-0.61192,0.43026,0.10674,-0.23773,-0.6822
1.4835,-0.2452,0.92381,-0.25867,-0.20215,-0.19652,-1.2718,0.89542,-0.17086,-0.81061
-0.52072,0.071739,-0.73582,1.5954,0.42389,-0.68668,1.0134,-0.66197,-0.93404,-0.052911
1.022,-0.76548,-0.95972,0.63345,-1.2081,-1.7339,0.050351,0.96076,0.99432,-0.49882
-0.59434,-0.68025,0.69166,0.18333,-3.3563,-0.35105,1.389,0.58344,1.2252,0.75356
-0.71102,-0.28382,-0.34471,0.54797,0.16787,2.6346,0.57781,-0.8266,1.44,0.51665
0.35457,-0.56681,0.32582,-0.7309,0.79099,0.87279,-0.16505,0.31357,-1.3151,-0.28012
0.15956,1.3874,1.4444,-2.5151,0.63583,-0.4699,-1.7384,-0.90767,-0.32881,-1.4826
0.69437,0.23373,0.28356,-0.75573,0.42654,-0.35768,0.68192,-1.3578,0.24384,-0.57946
-0.5046,0.57747,-1.5529,-1.2848,-0.08399,-1.8158,1.884,0.32659,-0.41066,0.91724
0.55838,2.1559,-1.9926,1.0322,0.87541,0.9674,0.25674,1.1348,0.10455,0.25903
-0.6998,-0.36972,-1.0558,-0.59167,-2.3073,0.37936,2.1672,-0.11996,-1.4063,0.028825
0.82463,-0.29447,0.22186,-1.5812,-1.7569,0.88192,-2.3397,-0.12437,-1.4078,-0.22188
0.66336,-1.3163,-0.84277,-1.7621,-1.3632,1.9828,-0.7336,1.1732,0.66037,0.98454
0.29681,0.46937,-1.0111,0.24081,-1.6145,0.36189,-0.65709,0.096552,-0.68188,-0.90451
-1.0572,-0.48647,-0.0019022,-0.48123,0.10352,-0.52169,0.49968,0.41392,-1.2322,-0.9117
-1.65,-0.7523,0.15016,0.43331,0.69982,0.81101,0.71579,-1.2863,0.97953,0.10618
-0.60023,0.65314,1.8638,-0.97277,-1.8372,-2.2818,0.14452,-0.37114,1.0238,0.87062
0.12419,-1.3797,0.15571,0.40055,0.69487,-0.70173,1.1416,-0.18768,-0.39911,-0.17375
-1.5368,-2.5799,-0.30142,0.98939,2.4533,-1.1598,-0.70128,0.6264,0.10096,1.5241
0.51327,1.6766,-0.12149,-0.58379,0.46671,-0.66991,-0.028354,0.80312,2.4514,0.12886
1.6126,1.3341,-2.3038,1.7995,-0.78046,0.84663,-1.3149,2.2125,-0.71844,0.60469
-0.47038,0.67311,-0.23506,-1.655,0.79149,0.82428,0.72134,-0.64376,-0.073066,0.23387
-0.14515,-1.8401,-0.74961,1.6213,0.68177,0.44793,-0.54712,0.17432,0.10566,-0.097129
-1.029,-0.40525,-0.073753,1.0982,0.6933,0.50832,-2.3388,-0.37032,-0.53083,-1.5705
-0.058525,2.2869,0.82725,0.35161,2.7851,2.0495,0.28345,-0.88004,0.34289,0.41324
-0.8819,0.81867,0.28519,1.2424,1.8443,-1.5043,-0.483,0.8874,-1.0247,0.37449
1.0338,-0.72007,-1.9976,-0.27715,-1.6297,-0.23771,1.4089,-1.8237,-0.59109,1.0722
0.77009,-0.55926,-1.358,-1.7587,0.80836,0.3608,0.69046,-0.31622,0.28271,-0.88896
0.23303,-0.36178,-2.8844,0.52214,1.7402,-0.3324,0.43337,1.0225,-2.2728,-0.92137
-0.28218,-0.30491,-0.53637,-1.161,-0.97572,0.37895,0.35894,1.006,0.48735,0.66062
1.6306,-0.98352,-1.5506,-0.68779,-0.4256,-2.1909,-0.33945,0.27747,-0.20755,-0.017066
-2.158,1.999,-0.57854,0.24653,0.95694,2.1123,-0.49923,0.74668,-1.5386,0.71317
0.35223,0.97589,-0.9845,0.019771,0.5599,2.8287,-1.685,-0.96261,-0.74276,-1.3869
0.67157,0.38325,-0.75116,0.51689,1.4081,0.55102,1.2356,1.7662,-1.1889,-0.98191
0.045499,1.5311,0.98006,1.1804,1.8357,-0.85217,-0.72457,0.061194,0.49905,-1.86
1.3225,-0.94529,1.5546,1.5787,-0.43948,-0.46082,-1.1855,-0.16623,0.53165,0.42379
-0.78295,0.047985,1.8402,-0.2656,0.33176,0.55861,-0.014679,-0.69704,0.74285,-0.73881
0.060761,0.10207,2.1279,-1.015,-0.4255,0.59385,2.4666,0.15156,0.074248,-1.1624
1.3649,-1.1706,-1.042,0.68665,0.40622,-0.2044,-0.7983,0.72677,0.26522,-0.98202
-0.89554,0.67396,-0.31819,0.091333,1.9906,-0.076476,0.49548,-0.65999,1.1683,-0.40622
1.2601,-0.19761,2.2742,-0.86783,1.3771,0.14548,-0.20191,-0.35812,-0.96594,1.0344
-1.7669,1.2731,0.37574,0.41938,0.8128,0.50318,0.54498,-0.67838,1.0737,2.6801
-0.22884,0.69673,-2.004,-0.86823,-0.84642,-0.77419,1.5336,-0.033491,-0.37425,-1.2708
1.4282,-0.57406,-0.021115,-0.42735,-0.48422,-0.36029,1.4388,1.3746,0.58613,0.13057
0.55064,1.4318,-0.83218,0.42273,-0.38619,-0.52542,-1.2312,-0.36649,-0.84775,-2.1948
-0.0052009,1.1603,1.716,2.1858,1.2062,1.0664,-0.35093,0.3618,-1.2875,-0.17114
0.25777,0.90335,1.5379,-0.53567,0.023164,-0.30807,0.30106,-0.86295,0.42329,0.31426
-0.90645,0.87738,0.48906,2.934,0.77402,0.94753,0.88113,-0.3429,-0.40288,-0.74511
-1.4967,-0.38369,-1.3191,-1.423,-0.53145,0.40895,-0.49929,-1.7728,-0.416,1.3559
-2.0868,-1.4693,1.0445,1.0472,-0.97472,-1.4653,-1.2069,-0.13796,0.13544,0.96903
0.60514,0.66661,0.68249,-2.5496,1.3466,-0.62294,1.5555,1.3156,0.90482,-0.24238
-1.9213,0.88053,-0.64174,2.1632,-1.0395,-0.632,0.15874,-0.076112,-1.8084,0.61261
0.39433,1.0101,-0.68724,1.3523,0.47819,1.2151,0.29226,0.18241,-0.23805,-0.3786
-1.811,-1.0483,0.85627,1.8753,0.12447,-1.0069,-0.8274,0.0092299,-2.1093,2.1107
0.50257,-0.58416,-1.2855,-0.46502,1.2038,-2.0934,0.30076,0.31643,2.2108,-0.58848
0.27513,0.80506,-1.6109,1.089,-0.30945,0.18042,0.074333,3.0044,-0.66433,-0.3665
0.16587,0.73384,-1.2382,0.30681,1.4282,-1.1265,0.10532,-0.10893,-0.027105,-0.66256
-0.38138,0.85438,-0.29306,-0.67091,-1.9445,0.21331,0.65564,-0.89481,1.385,0.31681
1.2564,-0.87247,0.50061,1.0772,-0.80977,-1.0991,1.7867,0.94863,-0.98256,0.66532
0.84388,0.83247,-2.0313,-0.43231,-0.46245,-0.77691,-0.53525,0.18128,1.3866,-0.79747
-1.2359,0.39473,-0.0035864,-0.64596,-0.89146,-0.095353,0.36085,0.5529,0.12707,1.5692
-0.52103,0.72388,-1.2586,-0.18633,-1.0613,-0.50183,-0.59458,1.6727,0.076707,0.21024
0.41519,-2.4641,0.57015,0.20018,0.13408,-0.9568,1.3274,-0.30463,0.49991,0.28301
-0.37915,-0.90748,0.21015,-1.4109,0.78775,0.27376,-1.2169,0.70886,-0.73252,-1.7639
1.0747,1.5408,0.21486,-1.1108,1.1617,0.37502,-1.2841,1.172,1.5902,-1.2963
-1.2593,1.116,0.93515,1.085,-1.9432,-0.81243,0.84065,1.1157,-0.73579,-0.0095619
0.5245,-1.6835,0.041552,-1.1571,0.45766,0.5336,-0.20173,-0.61033,-0.47387,0.023172
0.72449,-0.73835,-1.0484,-0.54424,1.1616,-0.2058,0.3595,-1.9864,1.5315,-0.43954
0.34524,-2.3598,0.60753,-0.63743,1.3807,0.3859,-1.7077,1.6886,-1.4723,0.49768
0.24724,0.19351,1.4722,1.2767,-0.054792,-0.30931,-0.81532,1.2142,-0.3311,-0.93442
-1.3567,-0.11965,-0.52668,0.56667,0.014051,-0.193,1.677,-0.96957,0.80138,0.019297
1.6639,-0.69584,-1.6174,-0.59838,1.0446,0.47929,0.34169,1.4053,-2.0762,0.4543
-0.13998,-0.88701,-0.48637,-0.49534,1.518,-0.006485,0.83749,-0.1645,-0.76191,-0.51913
-1.2662,-0.86117,2.5301,-1.0908,-2.2126,0.18808,0.16658,0.54852,-0.016059,1.0679
-0.98969,-1.7679,-0.31665,-0.32552,1.1854,0.35859,-0.38682,0.047415,-0.14212,0.36578
-1.4457,-1.4218,-1.0277,-0.41421,0.9991,-0.39127,0.010276,1.6838,-0.87089,0.67354
-0.93484,0.48337,-0.68128,1.2734,0.37788,0.4979,-0.12099,0.49531,1.7933,0.986
0.61114,0.21967,-0.78153,-0.80411,-0.73243,2.2712,0.092007,0.50664,-0.24061,0.33728
-0.33026,1.1141,-0.98437,-1.2711,2.8129,-0.64404,0.21082,-0.53862,0.14212,-1.1472
0.19053,0.52212,0.35757,-0.70822,-0.27478,-1.9938,1.1367,0.022679,0.40068,-2.5028
0.80824,-0.13356,0.77888,-2.5343,1.5221,-0.30127,-1.7991,-0.67525,0.82995,0.59192
-0.6672,-0.32202,-1.259,0.29368,2.3391,-0.82008,-0.1105,-1.3289,0.90057,-2.0404
0.7573,-1.3633,-1.0957,1.2291,-0.23972,-0.035643,0.74267,1.4114,0.24219,-1.1862
-0.1858,-0.63366,1.4435,-0.73408,2.0112,0.23443,1.161,-0.53927,1.0843,-1.2694
-0.29645,-0.17367,0.85757,-2.1201,1.9309,-1.1975,-0.21102,1.757,0.4615,-1.5474
0.33022,-0.35927,-0.18733,-0.18345,-0.19014,-0.80306,0.59919,0.054633,-0.46679,-1.0014
-0.17393,-1.8209,-0.85783,0.83624,1.2188,-1.5975,0.29875,-1.5625,-0.3345,-0.41194
-0.57897,-0.84555,-0.17033,-0.97035,-1.5342,0.25609,1.1494,0.34329,-0.78151,-0.67556
1.7002,-1.0962,0.28093,-0.30755,0.97676,0.58907,1.6197,-0.079362,1.9742,1.4077
0.048454,0.33536,0.61205,-1.3497,-0.12012,-0.39498,0.11146,0.75294,-0.022705,-0.82071
0.021769,-0.077722,-1.2771,-0.75877,-0.90881,0.92632,-0.65949,-1.3014,-0.21848,1.3828
-0.40405,-0.54955,1.4842,0.19214,-0.47412,-0.19171,-0.22463,-1.1886,-0.40517,-0.54603
-1.4692,-1.047,-0.62224,-0.1943,1.1712,-1.0612,-0.7108,0.11785,0.32688,0.74358
1.2516,-1.0157,1.5182,-0.25573,-0.46218,0.088934,0.75889,-1.2317,0.35003,1.1942
-0.96266,-2.2647,0.54523,0.16117,-0.79885,-1.5826,0.97014,0.22401,2.0185,0.19868
0.11357,1.3663,0.0055085,-0.50702,-0.45608,1.5304,-0.52549,-1.3992,-0.5068,-0.67499
0.056525,-0.97501,-0.37053,0.20347,0.76696,0.20832,0.013278,-0.37817,-0.36862,-0.49814
1.1479,-2.483,-0.60301,-0.58183,-1.2399,-0.20017,0.98157,0.49657,0.74746,-0.39629
-0.25308,-0.38318,-1.9233,0.2287,0.35126,-0.040691,-0.11415,-0.58414,-0.82395,-1.1501
-0.81837,0.56718,-1.2002,-1.1755,-0.055796,-2.3216,-0.44008,0.28768,0.35889,0.72167
-0.56551,-0.88174,0.85685,2.2704,-0.3498,-0.16777,0.07676,0.80815,-0.48291,-0.40969
0.13719,-0.27633,1.2082,-1.2498,-2.0199,1.2432,-0.42242,0.86722,0.62002,-0.24333
-0.19066,0.094796,-0.053239,1.1155,-0.11146,-0.27578,-1.3254,0.57092,2.708,-3.0103
-1.4716,0.082015,-0.56987,-0.74564,-0.68284,0.76448,0.78215,-0.8249,-0.44483,0.15382
1.0339,1.1306,0.49006,-1.7275,-1.6905,-0.56021,-0.1536,-0.12037,0.22903,-0.66049
-0.47897,-1.5021,0.90713,-1.0089,0.020326,-0.095942,0.61655,-0.39017,0.7824,0.98451
2.5222,1.2437,-1.379,-0.28282,-2.5981,0.52033,-0.026804,-0.11297,0.30729,0.40595
-0.014944,1.4554,0.85412,-0.10233,0.82047,-0.60969,-0.47459,0.44668,-1.4738,0.10536
-0.25445,0.54475,0.13073,-0.99008,0.049688,0.82804,0.0082388,-0.078915,-1.425,-0.19683
0.085699,-0.91913,0.034837,-1.3525,-1.1288,-0.51122,-0.14509,0.45179,0.22369,-0.036778
0.22127,-1.2153,0.060373,1.9327,0.82901,-0.98721,0.60417,-1.1842,-0.86801,0.8065
0.54759,-0.48446,-0.28326,0.24505,-0.74407,-1.0418,-1.2005,-0.68692,-0.21244,-1.3083
2.6269,-0.43074,-0.20988,0.68876,-0.5472,-1.057,0.2529,-1.7563,-0.11445,0.35691
-1.943,0.28985,0.83089,-1.458,0.18711,0.50544,0.39324,1.1715,2.1061,0.65891
-1.0123,0.93434,0.32056,-0.83397,-1.1515,-2.444,0.38584,-0.93497,2.6852,1.981
-0.68404,0.96055,1.2123,-0.88682,-1.1673,2.1668,-0.35693,-0.2775,-0.69557,0.87151
0.308,1.0137,0.12789,1.3055,-1.1991,-1.1944,1.4587,-0.14773,-2.175,-1.0284
-0.37565,-0.047575,-1.3949,-0.56664,1.2167,-0.53696,0.64704,-0.4109,1.2862,-0.048894
0.56242,-0.14831,0.61164,1.7679,-0.75433,-3.0268,-0.306,0.74843,-2.2667,-0.94154
-1.3904,0.15506,-0.5407,-0.97996,0.84057,2.5355,-0.7642,-0.13486,-0.99453,-0.91181
1.1549,0.44972,-1.1962,0.359,0.37917,-0.91003,0.87553,-0.96524,0.24871,-0.016657
0.26492,-1.0042,-0.37126,0.85087,-1.072,1.0008,0.15,-1.2784,-1.6781,1.2584
0.32984,0.67403,1.1064,2.1923,0.72948,0.88508,-0.83289,-0.0021076,1.2979,-0.051172
-1.23,-0.053017,-1.3334,-0.80877,-0.40112,-2.49,2.2054,-0.8074,-1.2571,-0.25889
-0.59542,-1.7768,0.60655,0.26323,0.53642,0.070498,1.7562,0.35681,0.092177,-0.29088
0.1642,-0.61152,-0.40836,-0.59842,0.64473,0.30546,1.1409,-1.8584,0.36015,1.9336
-0.76548,0.076255,-0.35464,0.33364,-0.011489,0.037375,1.3117,0.62644,-2.5831,-0.59487
0.81568,0.43998,-0.79784,-0.74376,-0.7182,0.42766,-2.0441,0.69183,-1.2981,0.71208
-0.63537,0.61905,-0.40259,0.28347,1.6491,-1.1397,1.3378,0.44044,-1.399,2.631
-0.78865,0.3564,1.0806,-0.82899,-0.11712,-1.2247,1.4882,-0.81981,-0.25631,-1.1071
0.46724,0.76586,-0.39322,-0.37702,-0.27587,-0.8101,1.5506,0.87763,-0.31044,2.2502
-0.89566,0.22639,-0.12161,0.54515,-0.71902,0.60385,2.5897,1.0102,-1.1159,0.118
0.96976,-0.41255,-1.25,-0.63214,-0.44451,0.17525,1.3689,0.52652,-0.26256,-1.391
-1.5138,1.06,-1.0323,-1.183,0.072358,-1.3507,-1.1714,0.53803,-1.8674,0.44663
-0.73266,0.05029,-0.21423,0.5458,-1.7568,0.19474,-0.49074,2.0352,-0.51534,0.6833
2.0344,-0.080012,0.50196,0.23436,-1.6018,-0.36637,2.3746,1.9718,0.45916,0.43128
-0.84931,-1.1609,0.040852,-2.4742,-0.12283,-0.85518,-2.4835,0.58627,0.90006,-0.2389
-0.46653,0.80403,-0.68992,0.82819,-0.67681,0.80015,-1.2109,-0.5768,-0.41837,-0.98151
0.2778,-0.76577,-0.21713,0.49655,0.30197,-0.76441,-0.8145,-0.1154,1.3039,0.022069
0.35613,0.86266,0.86183,0.89619,-2.4802,-0.80681,0.78478,-0.3396,-0.54089,-0.64817
2.9286,-1.2847,-0.21067,0.19281,-0.064394,0.28031,-0.5359,0.051528,0.66144,2.2732
1.3997,0.23065,1.4915,-0.59191,-0.62862,0.52684,0.7234,0.46344,0.037225,0.046012
-0.507,-0.40088,-0.90556,-0.46782,-0.049708,-0.47055,-0.12685,-0.020516,-0.3201,0.59275
0.66435,-0.08973,-1.4471,0.30444,0.15045,-0.81208,1.5554,1.1027,0.63076,-1.4246
1.4214,-1.3986,0.28476,-0.8898,-0.25459,-0.12383,1.2752,-0.81264,0.10718,1.8222
-0.049257,-0.55983,-0.40233,0.93824,0.3833,-0.44193,-1.4454,-0.95142,0.8817,0.39668
-2.428,0.9587,-0.089743,0.9631,-0.36038,-0.90262,1.8804,0.22619,1.6868,0.52354
-0.30706,2.3056,0.098707,0.082507,0.65135,-0.3292,1.2188,0.90834,-1.9403,1.4526
-1.2991,0.69446,1.5941,0.46279,0.61144,0.86849,0.99219,-1.5901,1.6251,-1.646
0.58473,-1.8526,-1.0614,1.2532,0.87537,-1.8855,0.24771,-0.041626,-0.039301,0.0066142
-0.10841,-0.46779,0.26002,-0.80074,2.0248,-1.5672,0.099226,-0.41636,0.11982,0.94301
1.049,0.4173,1.0317,-0.399,-0.28174,-0.5545,-1.1472,0.0057143,-0.79632,-0.48684
-1.0147,-0.68928,-0.76521,-0.10776,1.8066,-1.543,1.3157,-0.306,-0.52056,-0.97439
1.1535,2.061,-0.040091,-0.99192,0.021768,0.38298,0.44658,0.30911,0.60043,-1.2271
-1.1622,-0.060546,1.1955,-0.88183,0.088757,-0.77928,-0.46923,-0.32465,-0.59716,-0.042888
1.513,1.2851,-0.98991,1.75,0.9564,-0.2799,1.1143,1.1236,-0.27952,0.97533
0.17967,0.28567,0.37604,1.8105,-0.92911,-0.71415,0.16201,1.1893,0.10049,0.93982
1.1931,0.073082,-0.45151,0.38848,-1.5506,-0.21042,0.63466,-0.69897,-2.3266,-0.30934
-1.4273,1.8339,0.29758,-1.1112,-0.10057,-0.49824,-1.5455,2.7958,1.0614,-0.20724
0.86346,-1.2034,0.71991,-1.5682,-1.0662,1.0782,0.86282,0.16886,0.59001,-0.7538
-0.59427,-0.49732,2.0236,1.4513,-0.37212,0.8777,-0.053137,1.0297,-1.115,-0.22435
-1.5387,-1.5705,-1.5513,1.5089,-1.7792,-1.1411,-1.8904,-1.1347,-2.7018,0.50823
1.262,0.27697,0.23842,0.25789,-1.118,-1.6009,2.3395,-1.587,0.64839,2.2578
0.4108,0.43039,-0.23003,2.2348,0.33059,-0.62376,0.1152,0.037453,-1.0457,0.36744
-0.158,0.53341,-0.28041,0.42051,-1.2174,0.52463,-0.038562,-1.4405,-0.35665,1.7777
0.22819,1.0629,-0.38818,1.049,0.43226,0.08472,-1.3517,0.49375,-0.41844,-0.83743
-0.48415,-1.2886,-1.2929,0.62611,-0.92774,1.1043,-0.044964,-1.3629,-1.9896,0.69504
-1.3616,1.4298,0.011595,-1.0669,0.46785,-0.75743,1.2111,-0.13729,-0.16968,-0.45063
-2.1119,-1.847,0.52505,-1.2764,-0.5975,-1.2307,1.2378,0.67049,-0.30749,0.13172
-1.7163,0.54191,-0.16907,-0.66397,-0.64489,0.48837,0.29272,-0.65552,0.60542,0.58485
-0.4695,-1.9337,2.5777,-0.5094,-0.72497,-0.1794,1.1155,0.45878,-0.39612,0.74571
0.67213,0.80891,-1.6286,-1.5552,0.14035,1.3732,-1.6979,-0.767,-0.43987,-0.94653
-0.10497,0.24663,0.087046,-0.35323,-0.045756,0.01211,0.29528,-0.52638,-0.36299,-0.2611
0.13431,1.2038,1.4539,-1.5114,-0.58814,0.19656,1.405,0.81388,-0.82126,-0.69144
-0.45454,0.67834,-1.2624,-0.2925,-0.95018,-2.0099,-1.442,0.38871,0.22419,2.2514
0.31267,1.2887,-1.5661,-0.65932,-0.29128,0.51584,-0.66656,0.96852,-0.14016,1.4792
0.81417,-0.59465,0.13862,0.17485,0.91009,1.3535,0.20189,-1.6575,-0.71908,-0.13698
-0.7452,-1.589,-0.63537,-2.027,0.072103,1.1038,1.1054,0.83762,2.1198,0.378
-1.2674,-2.0053,-0.77732,-1.8466,0.65269,1.2372,0.81912,-0.36013,0.19557,-0.70478
0.54362,2.0289,-1.3104,-0.34726,-0.10115,-1.3731,-1.2589,2.0547,-0.43649,0.0044216
-0.64422,1.1334,0.50885,-0.28783,0.74182,-0.19814,0.62657,1.0931,0.24867,0.023798
-2.2143,0.76308,-1.4319,-3.2026,-0.23892,0.28952,0.026116,1.0011,1.4123,0.82177
0.24642,0.52625,-0.17936,-0.89865,0.56565,0.66476,-0.76222,0.84001,-1.2553,-0.085868
0.59808,-0.97968,-1.4485,-0.35325,-0.4136,-2.0076,0.18151,-0.73188,-1.9565,0.51989
0.70322,0.137,-0.12324,0.65464,1.5907,1.5209,0.92262,0.011019,0.67514,0.57899
0.37073,-0.26664,-0.93572,-0.28017,-0.24562,-1.0456,-0.48071,0.17279,-0.68305,-1.1214
-0.079308,0.45515,1.2338,0.73039,0.066572,-0.30516,0.32237,0.22811,0.98312,-1.4319
0.12339,-0.56555,-0.13091,-0.52099,-0.86486,1.5195,-0.69499,1.8273,-1.6629,0.38957
1.9354,2.4716,0.91186,-0.51235,0.54772,-1.3651,0.46125,0.42217,-0.65882,1.4475
0.046264,-1.2457,-0.86172,0.36218,0.64846,0.52144,-0.25595,0.2571,0.69096,0.2314
-0.35154,0.78382,0.75777,0.27211,0.88165,0.29078,0.95903,-0.82264,-0.72338,-1.2648
1.3918,0.65748,1.7454,-0.22032,-0.65476,-1.306,-0.72544,0.0060316,-0.64014,0.91882
1.1572,-0.28112,-1.9796,0.61002,0.29892,0.12716,-0.72431,-0.43219,-0.4459,-0.22155
1.7081,3.0614,-0.33503,1.5263,-0.1127,0.14055,-0.16382,0.21762,0.95199,-0.71189
0.96542,-0.43657,0.050233,0.55039,-0.48878,0.70528,-1.074,0.066911,-0.58147,2.6552
0.5586,-0.12857,-1.08,-0.39191,-0.80973,-0.23466,-0.21017,-0.48992,-0.77596,-0.19515
1.3902,2.1854,2.092,-1.1867,1.0445,0.25861,-0.44906,-1.5883,-0.36318,0.95674
-0.1658,1.6943,-0.15819,-1.3113,-1.5758,-0.95798,0.062545,1.1741,0.0025224,0.48244
-0.29064,-1.4898,1.8467,0.35832,-1.0868,0.34969,1.5743,-0.2417,-0.25913,-0.37235
-0.80561,1.1161,-0.99385,-0.23477,0.48059,-0.82383,-2.2158,1.2499,0.74392,0.81278
1.7342,0.42533,-0.23653,0.94089,0.47419,1.1258,-0.46931,1.7586,-0.38019,-0.23448
2.3485,0.54311,-0.53391,0.03532,1.1693,1.6439,-0.36653,-1.7877,0.021963,1.2311
1.0173,-0.55919,-2.3941,-0.37891,2.1456,-0.6721,-0.72879,-1.4152,-0.45055,-0.51378
-0.58959,-1.3181,-0.79713,-1.2203,0.30293,-1.5348,-0.014291,-0.62145,0.95701,-0.34904
-1.2031,-1.368,-0.41278,0.94728,0.19161,-0.009008,-0.14651,-0.073167,0.96498,-2.5346
-0.90177,-1.1754,0.09107,2.122,-0.24164,-0.11353,1.061,1.7189,1.242,0.42285
0.057302,-0.60676,-1.5491,1.7378,-0.12187,-1.6023,-0.87977,0.83787,-0.53718,1.736
-1.2863,-1.1797,0.099802,-0.58025,-0.7121,-0.2122,-0.89355,0.25805,-0.38842,0.44648
-1.551,1.0079,0.66459,-0.50383,0.43978,1.5999,0.59237,-1.2369,2.035,-1.0732
-1.5076,0.2468,0.33321,-1.2095,-0.52765,-0.77663,1.0851,-0.81983,-0.79041,-0.023027
0.4498,0.22473,0.011163,-0.19702,-0.4908,0.16241,-1.2914,0.36574,-1.4285,0.50209
-2.04,-1.2185,0.39302,-1.6465,0.44861,1.9767,-1.2284,-1.0997,-0.47445,-1.4542
0.49192,0.7296,0.59494,-1.3698,-0.52227,0.0089716,-0.22064,-1.2514,0.78534,0.50954
0.42321,-2.5111,-0.42625,0.64865,0.89768,-0.61362,1.2142,-0.47436,-1.5289,-1.7502
-1.0559,-0.64325,0.19081,0.95433,-2.0682,0.21032,-0.31727,1.4345,0.10472,1.2446
-0.94601,0.59551,1.1698,-0.045765,-1.6189,-0.83928,1.5364,1.1679,-0.6098,-0.63907
-0.57889,2.0023,-1.3619,0.42337,-0.85536,-1.4118,-1.3167,2.153,1.1692,0.6625
-0.63767,-0.41464,0.96547,1.2069,0.44293,-0.052153,-1.3877,1.0104,-0.69324,0.32261
0.847,0.86857,0.39442,-0.006641,-0.59344,0.63137,1.6919,1.5432,-1.5627,0.47616
-0.14347,2.2466,1.9338,0.19401,-1.5139,0.33455,0.036918,-0.28572,0.88399,1.1216
-0.85153,-0.62536,0.50913,1.074,-2.0074,0.29289,-0.76828,-0.57036,1.9229,0.89823
0.50432,-0.70179,0.38395,0.66757,-0.01739,0.14317,-0.49717,-0.67643,-0.49462,0.069525
0.98011,2.314,-0.5987,0.20579,-1.424,0.4456,-0.53767,0.0016869,-0.83956,0.03431
-1.7258,0.11788,1.8136,-0.10064,0.57882,-1.8134,1.2736,0.68552,1.3847,0.5845
1.204,1.1407,-0.62358,-0.45093,1.1373,-0.41815,0.18547,-0.71699,-1.4632,0.81893
-1.0298,0.30782,-0.6102,-1.8147,-0.38809,-0.0494,-0.26135,-0.86955,1.141,-0.51621
-1.9448,0.74951,-0.2993,0.62968,1.2168,-1.1935,1.5825,-3.176,-1.143,0.90894
0.07485,0.65765,0.043205,0.94873,1.6303,0.49542,1.244,-0.23225,2.4947,1.4383
1.1309,0.43701,-1.1002,0.33598,-0.87107,2.4457,0.46573,0.54288,-1.5536,1.6298
1.2239,-2.7911,0.14505,0.096402,-0.069523,-1.7023,-0.47638,1.037,0.18134,-0.55741
-0.39314,-0.53173,-0.37655,-0.76843,-1.1013,-0.83082,-0.28613,-2.2215,-0.23127,1.6275
0.68963,-0.45365,1.7696,-0.85814,-0.17172,-0.19517,-0.49384,0.21838,-0.48303,1.4709
-0.12403,-0.88176,-0.37516,0.19589,-0.05894,-0.69978,-0.37614,0.42342,-0.26705,0.30113
-0.19196,-0.77932,-0.33752,-1.353,-1.6925,0.45666,-0.71623,-2.0763,0.93848,0.40911
1.1505,-0.50959,1.1405,-0.94316,-1.5457,-0.70049,0.34661,0.38691,-0.52257,1.3152
0.23871,-1.205,-0.37327,1.1539,2.2697,0.69727,0.4189,-1.1266,0.74993,-1.3894
0.96168,0.044462,0.82054,0.58134,0.61999,-0.40654,0.9516,1.2925,1.3251,-0.74239
0.48983,-0.7923,0.022377,0.5289,-1.4218,0.48798,-0.14118,-0.74281,0.090559,-0.68745
-0.6448,-0.76177,-1.3282,-0.093014,0.5871,-1.2262,0.29269,-0.35221,0.19174,-0.50428
0.55091,-1.6331,-0.49464,-1.1791,0.31151,0.89468,0.15691,-0.79941,-0.68749,2.3114
-0.1543,0.87813,-0.028226,-1.8974,-0.85175,-2.1333,0.78671,-0.24011,0.33656,0.054943
-1.2251,-1.8477,0.43573,-0.98406,-0.78989,1.1529,-0.65661,1.5297,-1.0682,-0.13259
0.20444,0.79659,1.8806,-1.9603,0.6409,0.12382,0.85033,0.4417,1.0624,-1.8294
-0.0074153,-0.0031321,0.28242,0.27821,-1.0896,-2.1317,-0.03226,0.11134,-1.0166,-0.074009
-0.5242,0.63459,0.98812,-1.3813,0.93571,0.93175,0.88612,1.9511,-0.8096,-0.39666
0.11823,-0.65162,-0.83275,0.73365,1.7872,-2.6988,-0.49642,-1.4547,0.71909,0.033459
-0.84748,0.53695,-1.0124,-1.4721,-0.3455,1.1786,-0.54833,0.10233,-0.055384,-0.13156
1.9026,0.93974,-0.54919,-0.089548,0.75373,0.98165,0.39481,-0.73291,-0.194,-2.0188
-1.5953,0.22489,0.10388,-0.79863,0.096522,-0.397,-0.043661,0.15929,0.28524,-0.17261
-1.5404,0.16333,0.31188,0.66647,-0.58825,-0.97976,-1.0321,0.85841,0.11376,-0.984
1.0513,0.029722,-1.1587,0.88006,1.3205,2.3558,-0.75428,0.50902,-1.1951,-1.4355
-0.76744,-0.13318,-0.52335,-0.8247,0.040265,-0.66716,0.28781,1.285,1.5822,-0.59692
-0.63954,0.16305,2.2033,-0.18162,0.94788,0.49627,-0.18496,1.0978,-1.4793,-1.3803
-0.63805,-0.35916,0.53945,1.2226,-0.14523,-0.17285,0.37334,0.21266,0.62205,-0.27789
0.89713,-1.7318,0.91138,-0.39468,-0.11352,-0.6327,0.28229,0.19064,0.6267,0.3082
0.11865,1.0666,-1.3414,0.85035,-0.44672,-3.2907,-0.40566,-0.14074,-0.10776,-0.58753
0.49703,-0.64102,-0.073978,0.3221,-0.48348,-0.72895,0.42561,0.38707,-0.32081,0.27092
-1.86,-0.099075,-1.5599,-1.5545,-1.1742,-0.37464,0.26995,0.31709,-0.63594,-1.2606
-1.782,-0.16464,-0.080637,-0.31149,-2.0494,-0.24448,-0.46941,-1.027,-2.7876,-0.59446
0.21871,0.63597,0.18864,-0.84813,-0.46714,-1.6916,-1.274,0.38558,1.537,-0.45361
-1.8805,1.5023,1.4343,0.96636,-0.17579,-0.22699,-1.5306,-0.17342,0.4784,-0.44624
1.9003,-2.1854,-0.30204,-0.36447,-0.88397,0.90535,0.19037,-2.0655,0.84585,-1.7822
0.32031,0.28847,0.85661,1.2207,0.49859,1.01,0.77446,0.45586,-0.88791,-0.88596
1.3065,-0.40601,-0.88375,-0.71026,0.78919,-0.34394,-0.17709,-0.98113,1.9935,0.88556
-1.7723,-1.3708,-1.4916,0.32579,-1.5757,1.7524,1.6423,-0.86052,1.2792,-0.29306
0.53215,-0.35922,1.3451,-0.061779,-0.53311,0.26772,1.2655,-0.11758,1.2558,0.72676
0.49023,-0.16103,0.55122,-1.8939,1.8504,0.54808,-0.49613,-0.79172,-0.03071,-0.61518
1.1451,2.2311,0.96705,0.32017,-0.76792,0.92927,-2.1093,-1.5344,-0.15593,1.8535
-0.34802,-1.4649,0.3043,-1.5132,-0.437,-1.7758,1.4085,0.083635,0.77804,0.62618
-1.3681,1.932,-1.4855,0.69513,0.076074,-1.2425,0.23553,0.798,-0.39424,-2.4227
-0.71794,0.02773,0.65658,0.15658,-1.3316,0.74917,-1.5466,-0.82319,-0.077703,0.50702
-0.52625,0.83183,0.015526,1.7726,-0.93367,-0.29424,-0.47797,-0.24467,-0.76047,-1.4109
-0.32371,-0.42999,0.2407,-1.5448,-0.01157,0.36764,0.54222,0.3055,-0.89623,0.029816
-0.21315,-1.0535,0.10995,-0.17402,-0.50386,1.8827,-0.33626,0.13503,-0.75076,0.12393
0.25404,0.65836,-1.159,-1.3283,0.26248,-1.3339,0.066403,-0.73381,0.25213,0.11435
2.1026,0.78505,0.80576,1.4268,-0.45111,-0.30413,0.48394,1.6001,0.9595,-0.50815
-0.8364,0.91948,-0.65925,-0.26085,-0.09176,-0.32696,0.13297,1.0387,0.57031,-0.65889
-0.66768,-0.23811,-0.12343,-0.6328,-1.945,0.5917,1.8505,2.0282,0.50206,-0.088686
1.7536,0.99151,-1.1571,0.15244,0.92558,-1.7943,-0.67049,-0.20642,-1.2337,-1.8244
2.467,-0.19912,-0.77238,-0.47029,-1.9673,0.022252,-0.27396,1.7039,0.65176,0.37029
-0.73287,1.3179,-2.5837,1.2915,0.27751,0.72787,-1.7262,0.078664,0.25158,1.0792
-1.914,0.14481,0.43108,-0.59823,-0.75775,-0.27778,0.37685,-0.15093,1.4886,-0.18106
0.49582,-0.24896,-0.30709,-0.075821,-0.21447,-0.78747,-0.19855,1.6109,-0.4491,0.049948
-0.70424,-1.6915,0.42161,0.32898,1.1685,2.5398,0.17279,-0.6309,2.2818,-0.19477
-0.077287,2.2956,-1.1107,0.20393,0.35268,0.59049,0.11341,1.2232,1.9041,-0.76638
-0.099864,0.71958,-0.53259,-0.68141,-0.23239,1.2828,-1.6752,-0.98786,0.29619,-2.1765
0.32243,-0.41469,-0.945,-0.011453,-1.8382,-0.17256,-0.32459,-1.8244,-0.39049,0.90621
-1.3084,0.20348,-0.63071,0.37922,-1.4326,0.052856,-0.16797,0.37552,1.0756,-0.17547
0.23714,-0.31729,-0.050442,-1.2556,-0.95201,0.35941,-1.145,-0.20188,0.37187,-0.48669
-0.41742,-0.62675,0.14147,-1.0184,0.75587,-1.3303,-1.0303,0.041577,-1.3139,-1.7354
-1.4898,-0.82141,0.1873,-0.079142,-1.4194,0.96575,0.16986,0.66492,0.02273,-0.77005
-0.14192,-1.558,1.5026,0.84791,-0.37552,-0.35605,0.38577,-0.2992,1.3253,-0.94659
-1.046,1.3734,1.1367,-0.24508,1.6481,1.7863,-1.4192,1.3974,-0.63355,-0.27806
2.8641,0.86681,0.02337,1.5698,0.61235,0.1006,-0.27157,-0.11207,1.3347,1.3416
0.050205,-0.1952,0.0084813,2.1348,0.11507,1.1712,-0.75932,0.27824,0.54941,1.2333
-0.098581,-0.38359,0.28883,-1.2271,0.25539,1.2169,1.2167,0.78987,2.0207,0.38241
-0.23012,1.005,0.17037,1.8482,-1.1447,-0.19259,-0.49928,-0.36908,-0.52061,1.0378
-0.11775,-1.8481,0.99057,-1.219,0.85147,0.080971,-0.1802,0.86943,0.89892,-0.49858
1.2171,-2.8559,1.3729,-0.25823,-0.42193,-0.63888,0.27336,0.71336,0.12038,0.80715
-1.3866,-0.85918,0.34911,-1.5701,-0.5176,-1.2177,-0.28165,0.80412,-2.221,0.24877
-0.76783,-0.96258,0.60723,1.2148,-0.97959,-0.11477,-0.10951,-1.1595,0.16986,-0.0051333
1.013,1.4048,-0.21349,0.79307,-0.88624,-1.8405,-0.26284,-1.4772,0.4481,0.16786
0.47009,-0.85343,-2.1183,1.3392,0.81315,0.48712,0.83947,-1.086,0.5357,0.7159
-0.19306,-1.7141,0.11189,-0.060481,0.42798,-1.4378,-0.91435,-0.072623,0.33046,-1.4409
1.3535,-1.528,-1.9677,-1.4672,0.76083,0.24122,0.67569,-0.32997,-0.011518,0.45176
-0.099898,-0.49363,-0.45175,-1.0585,-0.66998,-0.43271,-0.25171,-2.2649,0.007309,0.25233
0.94912,0.69787,2.0276,-0.1342,-0.0092731,0.5847,1.7549,-1.44,0.25141,0.84253
-0.0031515,-2.574,1.0928,-0.40004,-0.96856,0.10526,0.21718,1.1188,-0.28217,0.86732
1.7901,-0.52377,-1.3186,1.5971,0.19641,-0.48191,-0.46981,-1.1615,0.66662,0.059176
0.82889,-0.76846,-0.43262,0.17637,-1.2004,1.4502,-1.3394,0.96897,-0.37051,-0.098227
0.65164,1.1656,-0.14972,-0.93673,0.18326,0.14004,0.54622,-0.078697,0.085341,1.0094
-0.85586,2.0704,-1.0956,-0.0011336,-0.6156,-0.30882,-0.77308,-1.6405,0.7395,-1.4615
-0.44038,0.54164,0.041641,-1.4371,-1.1459,-0.729,0.18121,0.69264,-0.85286,0.78604
0.38479,0.73867,0.19693,-1.2246,-2.1567,-0.045252,-1.2276,0.71815,0.1154,-2.2353
0.2891,-0.63878,-0.62108,-0.4547,2.0708,0.84314,0.26458,0.0099021,-2.4842,0.64068
-1.4266,-1.0276,-0.33913,0.28302,-0.53054,-1.5937,0.54896,1.0419,-0.42115,1.7527
0.27681,-0.087275,0.47108,-0.088556,-0.047905,1.7234,-1.2616,-0.1966,-0.61167,-0.19346
0.35364,0.75369,0.68796,1.0143,1.2038,-0.16121,-0.00017057,-0.55911,-0.04608,2.8214
-1.7664,2.2138,0.082247,1.0036,0.94064,0.3729,-1.7781,-0.62356,-0.64127,-0.04209
-1.1512,0.26844,-0.38202,-1.0421,1.005,-0.43034,0.54376,0.83446,-0.31548,-1.3542
1.4613,-0.97927,0.86653,0.1991,0.058177,-1.1286,0.21083,0.54781,-0.48792,1.0128
-0.54421,-0.97445,-0.21578,-0.68788,0.61769,0.45821,1.0388,1.7786,-0.112,-0.16993
-1.1315,-1.1232,0.083009,0.77956,0.49639,-1.1546,-0.50721,1.2133,1.9732,-0.21791
-0.36035,0.64335,0.65205,-1.9188,0.073255,-0.31292,-1.972,-0.50377,-0.39722,1.1347
1.2484,0.38177,0.57758,-0.18762,-0.0043255,0.13203,0.28668,-0.51362,0.95262,0.48823
0.42881,0.14783,0.72383,-1.2455,-0.63737,-0.28892,-0.65329,-0.83278,-1.058,-0.034686
-2.2504,0.48134,-0.26954,1.0578,2.4441,-1.0344,0.13642,0.29057,1.1817,-0.29196
-0.55121,-0.09354,1.7224,1.1171,0.60182,-0.58634,0.045236,-1.0399,-1.18,-1.6718
-1.5912,-0.53822,-0.063254,-1.1534,-0.39778,0.37214,-0.11639,-0.53539,0.83912,1.2545
-0.61115,0.43829,-0.13212,0.26612,-0.72838,-0.82001,0.027363,0.051595,-0.81986,0.72027
-1.9,0.58705,-0.045902,0.41445,0.30903,-2.0848,0.50193,-0.0022027,-0.31816,-0.087755
0.66875,-1.0287,-1.0282,-0.57112,-1.3321,-1.7348,-1.1026,-1.2468,-0.078454,0.035406
1.0281,-2.327,-0.28792,-0.11763,0.41596,-0.34954,-0.29766,0.73282,0.069273,0.10314
0.84534,-0.65607,0.50457,-1.1526,-1.9332,-0.35876,0.26416,0.22403,-1.5019,1.9862
0.99973,-1.1575,0.9677,-0.1155,-1.2565,-0.72221,0.029548,0.17452,0.50014,1.4726
1.2444,-0.90063,-1.5477,1.2967,-0.41433,1.0823,-0.85284,-0.21748,1.0398,-0.91689
-0.81468,0.97658,-0.12702,-1.1368,1.4784,1.7234,0.56793,1.1099,-0.6426,0.93388
-0.509,-0.75865,-1.3651,1.74,-0.13437,1.2568,0.32448,0.91452,-0.63177,1.2001
-1.386,-0.11085,-2.334,-0.50802,0.27423,0.97669,-0.19304,1.343,0.67149,0.31519
-1.9661,2.8721,1.3166,1.0022,-0.74596,-0.39176,-0.13276,-0.89699,0.37977,0.79868
-0.93537,0.023042,0.95701,-1.4734,0.5994,-0.56607,0.79873,-0.77265,-0.27893,-0.90699
-1.3131,-0.99489,-0.11745,-0.44659,1.5278,-0.14824,-0.64651,-0.16717,-0.16252,1.2316
0.053438,0.21888,1.7767,-0.19901,1.3447,-0.091146,-0.49334,1.0054,1.7801,-0.34181
-0.37491,-1.4421,-0.0051897,-0.16624,0.39562,1.2516,-1.3656,-1.4113,-0.77983,0.17197
0.4361,-0.76149,0.49527,-2.1629,0.24342,-0.32851,-0.39518,0.32391,0.14417,0.78094
-0.93373,-0.54609,0.58265,0.061815,-0.14868,-1.5892,-0.67093,-0.32115,0.13016,-1.0143
0.3398,0.011821,-0.3975,1.9925,0.94465,1.4305,0.43425,-0.22354,0.5788,1.6598
0.19538,1.2072,-1.7272,0.71429,-0.48463,-0.65925,-0.88147,0.35155,1.4229,2.0319
-1.6398,0.15687,0.62773,1.6515,-1.9289,-1.0536,-1.3446,-0.63698,-0.59082,0.55498
-1.959,-0.19507,-0.071566,-0.17045,-0.45386,-0.055266,0.60027,1.8586,-0.61535,2.8659
-2.3337,0.22814,-1.32,-0.90224,0.98497,-0.90635,0.60205,-1.3061,-1.2361,-1.6324
-0.65503,-1.2009,-0.64054,-0.44489,0.78931,0.12176,1.3245,0.36802,-1.3544,-0.39381
0.083719,0.41075,0.35455,-0.90124,-0.61701,0.27941,1.4731,0.69976,-1.1366,0.87098
0.51141,-0.62849,-1.1948,-0.60569,0.42838,0.96592,0.49846,0.85362,-0.56879,-0.46978
-0.99467,0.49104,-0.79403,-2.1359,0.93595,-0.072128,-0.27459,-0.2609,-0.16611,-2.1068
-0.42482,-0.35585,0.1752,0.72151,0.27704,-1.4895,-0.24243,-0.4469,0.9463,0.10278
-2.2709,-0.90824,0.20444,2.2418,-0.95656,-0.59178,-0.03555,0.95135,-1.4561,-1.1484
1.7824,-1.7232,-0.68689,-0.23147,-0.86792,0.78243,-0.94357,-1.5082,0.70365,0.57789
-0.78721,0.16035,-0.1447,-0.23256,-0.10803,1.2001,-0.41628,0.59236,0.84516,-0.4225
0.37492,0.46412,0.61977,0.91653,-0.27657,0.21826,-0.21413,-1.6771,-0.091411,-1.055
-1.6031,-0.58017,-1.35,-0.10262,1.455,0.04612,-1.0852,1.284,-0.55968,-0.18163
-0.49255,-1.3652,0.19822,0.20803,2.1822,-0.38592,-0.99944,0.8052,0.99214,0.41785
0.95967,-1.1671,0.18886,-1.0622,-0.25275,0.481,0.92381,-0.33715,-0.74542,0.15319
-1.2119,1.0307,-0.60489,-0.38967,-0.60778,0.28349,-0.93379,-0.87995,0.63511,0.99924
0.49875,-0.73958,-0.36896,-0.79404,-1.0355,-0.37372,-0.11869,-0.93828,-0.25036,-0.081611
-1.1812,0.28318,-0.29097,-1.4751,0.22141,0.11819,0.83409,-0.95185,-0.2839,-0.62969
0.64725,-0.015963,-0.27625,1.455,-0.059184,-0.7255,-0.80654,1.2602,-0.46981,1.0333
0.49359,0.99664,-0.60233,0.90593,-0.91811,1.4776,-1.1037,0.34787,-1.3124,0.70126
-0.12356,-0.55168,0.46293,-2.2179,-1.483,0.72208,1.3125,0.53541,0.16233,-1.0318
1.7941,0.01972,0.68094,-0.20029,-0.43036,0.28532,1.848,0.31014,0.92232,-1.2568
-1.6068,1.7339,-0.81655,-1.2523,-2.0323,-0.7291,-1.9401,0.096837,0.78662,0.45293
0.53606,0.73827,0.65561,-0.084595,0.50692,-0.31371,-1.4835,0.085181,-0.098478,0.53074
1.7807,2.1906,-1.5793,-0.028192,0.49502,-0.083856,-0.73784,-0.59841,1.1155,-0.55159
0.31077,0.23452,-0.24084,1.6296,0.00018369,-1.2475,-0.77641,0.031172,-2.311,0.042856
0.70806,0.69114,0.31944,-0.88565,0.3429,0.14509,0.57856,-1.0191,-0.3682,-0.13105
-0.18574,1.1084,-1.0689,0.37224,0.60587,-0.44077,-1.502,-2.0142,-0.38102,0.64052
0.88158,0.97799,0.96718,0.81537,-2.0707,0.91393,-0.86034,0.072121,2.0784,0.35958
-1.7964,-0.93381,-0.6717,0.12826,-0.50533,0.17142,0.47982,1.2038,0.21348,0.75262
-1.1317,-2.0562,-1.3847,-0.5869,-1.5594,0.36132,0.12516,0.10673,-1.2819,0.15333
-1.0901,0.58314,1.5095,0.40297,1.3487,1.6493,-1.1467,-0.93405,0.5048,1.3215
-1.1453,-0.85082,0.65054,1.1605,-0.2994,0.76115,0.93986,-0.36016,0.52083,-0.10268
2.3934,2.1313,0.89576,-0.95145,-0.86547,0.86569,0.52357,-0.94229,-0.7943,1.2889
1.7305,0.544,3.6164,0.20984,0.47725,-1.0992,-1.1101,0.96302,1.0978,0.81863
-0.61966,0.70508,-1.5001,1.2421,0.47989,-0.87047,-0.5536,0.57648,0.14335,-0.18968
0.44178,0.728,0.64411,-1.4298,0.85087,-1.3592,2.7192,-1.5283,0.7648,-0.028139
-1.6537,1.155,0.035028,-0.31216,0.70847,0.19527,-0.40848,-0.86075,-0.0067655,-0.91289
-0.70597,-0.30054,1.2815,0.47482,0.6086,0.15837,0.16828,1.394,1.4844,-0.16898
-0.29231,-0.065825,1.3843,0.20253,-0.4522,-0.34555,0.67721,1.2206,0.45862,2.1376
0.30543,0.22263,1.2559,-0.58232,-0.31709,1.5147,0.49845,0.7663,-0.10444,-0.72589
1.2039,1.0593,0.37679,-0.9052,-1.4049,0.37903,-0.48402,1.4207,-0.35085,-0.22337
0.61719,0.49325,-1.1777,-0.50013,-0.05698,0.25647,1.0633,-0.96901,0.35834,1.3113
-0.019791,-0.52149,-0.80427,1.7143,-0.29779,-0.055234,0.33009,0.55279,0.4751,0.33378
1.2425,0.95491,0.38179,-0.13126,1.0938,1.6551,-1.3318,-1.5249,-1.3123,1.6291
-0.18406,0.27897,1.0251,-1.4557,-0.39857,-0.10218,-0.721,-1.7705,0.58523,0.1065
0.65495,-1.0025,1.7924,0.18349,-0.99205,0.80614,-0.44956,-0.032212,0.046526,0.41854
2.0343,0.03129,-2.1063,1.5548,-1.166,1.4773,-0.32803,-0.54687,0.79336,1.2265
-1.17,-1.1322,-1.1467,0.68636,0.86043,-1.0273,-0.22945,-0.26951,0.018048,0.44787
-0.28067,-0.74301,-0.11028,0.28844,0.060544,-0.61613,-0.2106,-0.42263,0.88713,0.55515
-0.97949,0.59571,1.4129,-0.3119,1.1384,0.32791,-0.25798,0.57731,0.72193,-1.758
-1.5686,-1.9079,-1.0329,-0.85809,0.11887,-1.3724,1.4941,-0.18968,1.1393,-0.17926
0.99012,-1.43,0.81406,1.6321,0.5498,0.95374,1.7139,-0.068431,-0.33861,1.1771
-0.46148,1.4017,-0.129,-0.242,0.58859,-0.21514,-0.17675,1.6072,1.9221,-1.7466
-1.7017,0.42375,1.8231,-0.55984,-1.5328,-0.15532,-1.2207,-2.1685,-1.0477,1.1123
-1.0241,0.64629,0.51974,0.23201,0.17477,-0.38409,-0.64139,-0.27124,1.4079,-0.035317
0.9855,1.0467,-0.3339,-0.13619,0.28463,-0.82091,0.7474,-0.10675,1.197,-1.0958
0.64679,1.2548,-0.18137,-0.76295,0.2565,-0.36817,-0.19924,-1.8684,0.14125,-1.2446
0.11265,0.30182,0.92643,1.0692,-0.11913,0.4267,-0.16802,0.77364,-0.67055,-1.2176
-1.5852,0.84825,0.93496,0.24118,-0.12696,0.16668,-0.12332,0.28388,0.84669,-0.36904
-0.52041,-0.75383,0.27892,0.9467,-1.5024,-0.67317,0.90274,2.1964,-2.1975,-0.21774
-0.96231,-0.29669,1.7741,-1.1856,-0.22748,1.5779,0.091244,0.18753,1.3162,0.83299
1.3387,-0.32874,-0.59736,0.18179,-0.21199,0.17076,-0.25222,1.0162,0.53171,1.0881
-0.66243,-0.68273,1.9879,1.0327,1.2291,1.244,-0.27749,1.1119,-1.3285,-0.25381
0.85117,-0.52474,-0.85674,-0.50824,-0.54047,0.24623,-0.071214,1.3369,0.49263,-1.3789
1.6954,0.44957,-0.42916,1.459,-0.73499,0.098536,0.74441,0.095933,1.1884,0.2102
1.3373,-0.23081,1.5535,-0.57022,-0.72573,-0.53935,-1.748,-0.18362,-2.2498,1.3625
0.62179,0.15461,0.014247,-0.72072,0.3314,2.1301,-1.2642,-0.38809,0.37448,0.73141
-1.2896,-0.39553,-0.52131,-0.60291,-1.3263,0.49313,-0.51888,0.12137,-0.54219,0.97852
2.3241,0.062905,0.18764,-0.47279,1.9878,-0.0059914,0.25996,-0.89908,0.298,0.72631
-1.3216,0.95832,-0.70657,0.0093749,-0.57555,0.0032252,-0.22453,-0.54982,0.47437,-1.1669
-0.68623,-1.7214,1.1105,-0.38546,0.54064,0.22647,-1.2475,0.601,-0.61304,-0.13799
-0.016345,1.3637,-1.0435,2.6971,1.7589,0.58171,1.3347,-1.69,-0.33279,0.094978
0.74667,0.57169,-1.1835,-0.7546,-0.31406,1.2708,-0.40763,-1.1686,-0.37236,0.91952
0.27344,1.4246,0.098889,0.35103,0.81239,0.38715,1.0919,1.4967,-1.0683,-0.14207
-0.80307,1.0604,0.409,0.7585,0.59496,0.6438,0.37044,1.656,1.1877,-1.5548
-0.99467,-1.2477,-0.051642,-1.1097,0.35277,1.5636,0.70556,0.88496,-2.4472,-2.59
-1.5018,-0.12901,0.28246,-1.4037,-0.25949,-1.7086,0.25401,-2.1788,-1.0346,0.79414
-0.38123,-0.46932,-0.52091,-2.7842,0.78333,-0.077279,-0.80534,2.1174,-0.42583,1.5826
-0.28794,-1.4377,0.19431,-0.43367,0.5256,0.46931,-1.2962,0.25004,1.1648,-0.50346
-0.14043,1.5966,-0.69475,0.51608,-2.2359,0.3258,-0.17654,0.12806,-0.13205,1.145
-0.38113,-0.34987,2.4063,1.5675,-0.58396,0.63918,1.9032,0.29342,0.069522,1.1207
0.50337,-0.23991,-0.24488,-0.62414,2.1718,0.82136,0.18145,0.25161,0.15275,-0.34051
-0.1405,0.92554,-0.78267,0.036128,0.48429,0.30801,0.4463,0.35968,-0.80698,0.22992
-0.58665,-0.13457,0.28323,-1.0479,-0.87386,2.1725,-0.028339,-1.0957,0.24531,0.98675
-0.27689,-0.12684,0.61677,-0.26444,-0.67454,0.42614,-0.66119,-0.85689,0.82684,0.50988
1.6396,0.46082,0.99329,0.49694,0.73733,-1.0562,-0.38534,-0.8094,0.23949,-0.91241
0.065049,0.66058,0.51217,-0.96827,-0.31846,-1.1501,1.2237,0.53386,-1.9711,-0.79317
1.0613,0.81571,2.1633,-0.97649,0.46245,-0.046949,-0.1873,-0.6491,-0.22644,-0.20808
-0.38021,0.5899,-0.30693,-2.1152,0.44325,1.7749,0.87798,-0.65834,-0.44403,-0.57675
-0.70133,0.8357,1.9832,-0.14622,0.079929,0.056212,0.11285,0.07826,0.72153,1.4619
1.3932,-0.39905,1.3453,1.2161,-0.86292,-1.8124,-0.19529,-1.1148,-0.6838,-0.51758
0.61194,-1.7574,0.7907,-1.7221,-0.12338,-0.52677,-0.25541,-0.04123,0.22914,2.6216
-0.60336,1.9725,-0.84541,0.80385,1.1103,2.4162,1.7284,1.2241,-0.50172,-0.25828
1.3758,-0.59356,-0.47165,0.88577,0.6283,-0.31661,0.54095,-0.75263,-1.4211,0.072032
-0.23637,1.5787,0.037253,-0.022997,0.17067,-0.43873,-0.13704,0.89539,0.14268,0.81337
-0.066369,1.5457,0.92092,-0.10837,1.5828,0.94569,1.8995,0.96018,0.87976,-1.8909
-0.050407,0.90443,0.18489,0.12183,1.9144,1.5955,-0.54646,0.20412,0.50824,0.62719
-0.15513,0.68254,0.4719,-0.5282,1.9607,-0.77565,-1.3477,0.91382,-0.28941,0.022396
0.28354,0.2004,-0.37781,0.2699,-1.8299,0.29293,0.26252,-0.40554,-0.58065,-0.3907
-1.4308,-0.18038,0.25968,2.2145,1.2859,-2.099,-1.4646,-0.86098,-2.1895,2.0364
0.54909,-0.43303,-0.88446,-0.031341,0.80299,0.48394,0.34428,0.096589,0.45571,-0.023563
-2.4569,-0.63595,-0.35669,0.41193,-0.82294,-0.5969,-0.62862,-0.49326,-0.51264,-1.2801
-0.017073,-0.58583,1.2982,-0.32262,-1.1848,1.8411,-0.50338,1.308,-1.4195,-0.47306
-1.1238,1.6999,0.47183,0.68141,-0.81992,-0.8402,-0.20721,-0.51897,0.047645,1.8016
0.45716,-2.0578,-1.8582,2.431,-0.08769,-0.35465,-1.8441,-0.47966,0.12241,1.0172
-1.01,-0.20609,0.57565,0.80592,0.37663,0.15534,0.43521,0.885,1.7843,0.6614
0.868,-0.3984,-0.57893,-1.204,0.77161,-0.10213,1.1118,-0.93952,-1.4898,1.2118
-0.70262,0.9148,-0.13886,0.13159,1.7285,-0.64109,-0.6223,0.50497,0.62582,0.88045
-0.94273,0.26254,1.339,-0.71433,-0.97096,0.95123,0.12468,1.5699,0.23301,0.38432
0.27236,-0.96299,1.1745,-0.33633,0.77013,-1.0385,0.75189,-0.2345,0.59257,0.10844
-0.36432,1.2926,-1.1049,1.7678,1.5069,0.35512,-0.68016,-0.97488,0.74564,0.3525
-0.5264,1.5878,1.207,-1.2519,0.30966,1.873,1.601,-1.2518,1.4583,-0.16996
-0.55485,0.2856,-2.5107,1.5263,-0.66533,-0.34967,0.92455,-1.5463,-1.8741,1.1855
0.84722,0.11839,0.25142,0.38626,0.43423,-1.2117,0.63324,0.62379,-1.2563,0.15396
-0.49267,0.37968,0.57607,-0.39872,0.57671,0.012159,-1.2719,0.94086,-0.54382,1.2368
-0.11313,-0.45243,-1.4843,0.36736,-0.51948,-2.0474,-0.17747,1.5369,-1.4271,-1.2529
-0.59594,1.3918,1.7735,1.0704,-0.26929,-0.74578,0.24024,0.2994,-1.8683,0.87408
-0.17657,-1.8565,0.49328,0.83463,1.4407,-1.162,-0.40486,0.29862,0.3486,-1.3295
-0.78824,1.4779,-1.4155,-0.33541,-0.55447,1.7377,1.6912,0.9314,1.379,-0.82167
0.51581,-0.7772,-1.4604,0.35628,-0.52526,-0.084065,0.052913,-0.86977,0.31234,1.5156
0.26464,-0.82168,-0.30475,0.41006,-0.9044,-0.67526,1.4126,-1.5485,-2.1203,-1.7483
0.84729,0.16156,1.9078,-0.90537,-0.88903,1.1247,-1.3323,-0.44898,-0.8917,2.1325
0.25338,0.34156,0.027328,-1.002,0.38846,0.57444,-1.1829,0.028739,-0.031398,-0.46428
0.32695,0.54898,-0.94912,1.4012,-0.18552,-1.0599,0.19825,-0.26003,-1.5676,-0.0018941
0.19069,0.6066,-1.0949,-0.56884,0.16947,-0.92135,1.0125,0.27959,1.4573,-0.9708
1.5474,-1.3422,-0.99856,-0.85268,1.2661,-0.39747,-2.7352,-0.53576,0.389,0.46633
-0.12695,0.70262,-0.79485,0.043304,1.9287,-0.21779,-0.63263,0.30611,0.20977,-0.48573
-0.35968,0.68379,0.8922,-0.40795,1.0753,1.0409,-0.2982,0.54393,-0.2434,-0.61764
0.27997,0.70586,0.51173,0.56739,0.60073,0.07318,0.31653,1.0573,0.7629,-0.11096
-0.40052,0.17876,-0.90805,1.195,1.7258,-0.8387,0.83937,0.4286,0.3755,1.0427
-1.3241,0.29868,-0.53944,2.3808,0.66345,0.63149,-0.29351,-0.81179,-0.60376,-0.34834
-0.5953,-0.84515,0.41444,-0.43751,2.1577,-1.8512,0.86515,0.76429,-0.26642,0.74335
-0.5575,-0.01112,-0.14795,0.11509,-0.073582,-0.74589,0.035421,2.6886,2.0947,1.9749
0.46938,0.80033,-1.3228,0.32509,0.50877,-0.27408,0.40162,0.092627,-0.95436,-0.36334
0.53232,-1.4943,-0.27506,1.8822,0.79098,-1.1083,0.85061,1.5661,0.65331,-0.090871
-0.20823,-0.39343,-0.20941,-0.63418,-0.19595,0.026975,0.4795,-1.3368,1.8344,-0.65218
0.23294,-1.3263,-0.010631,-1.0161,-0.67473,0.11631,-0.4163,-0.94756,-0.39271,-0.0026217
-0.89096,1.3381,1.1118,-0.23305,1.0168,1.2645,-0.35473,0.63348,0.71639,1.5155
-0.09814,0.45669,2.2833,0.35372,0.41811,-0.38023,0.7287,0.12146,2.5023,-0.76561
-0.3055,1.2979,0.80108,0.46779,-0.29724,-0.88039,-0.29894,-0.080902,-1.1601,-0.00030097
0.69249,-0.37182,0.73417,-0.45651,-0.76107,0.69928,1.4835,-0.34373,-0.72254,-0.52684
0.86393,0.55776,1.0632,0.79339,0.25101,-0.049389,-3.2521,-0.26808,1.5299,0.59244
-0.54894,0.6032,-1.4155,-0.58535,-1.6828,0.91344,-1.547,-0.69884,1.416,0.612
-1.9301,1.0291,0.8734,-2.0507,-0.017278,-0.56555,-0.2876,0.061244,-0.221,-0.35858
0.060742,0.2472,-0.25085,-0.91138,-1.5529,-1.6741,0.30224,-0.085193,-0.27546,-0.33859
1.1689,0.52854,0.16169,0.22986,-2.0958,1.3413,0.96844,-0.80573,-1.566,0.33457
1.1145,-1.6358,-1.5563,-0.80775,1.0473,-1.7323,1.351,-0.036208,0.80579,-1.4019
0.62719,1.2277,1.6307,-0.79696,0.31168,-0.012805,0.2741,-0.67906,1.6891,0.48229
0.99231,-0.49483,-0.037994,-0.15129,-1.2457,-2.4627,0.52005,-0.4277,0.2574,-0.42662
-0.93122,-0.68146,-0.38589,-1.3168,0.54549,-0.0080344,1.5424,0.15921,-0.81568,-0.50429
-1.2569,-1.6648,0.061424,-0.75728,-0.15559,0.32856,-0.9944,-0.53916,-0.14623,0.51378
0.4592,0.098398,1.1083,-0.29532,0.0628,-1.468,-1.345,1.3173,-0.72689,-0.53059
-0.15412,0.078018,0.77901,2.9821,0.75412,-0.26928,-1.38,0.34048,-0.02004,-0.37866
-1.1858,0.35082,1.1816,0.44314,-0.84419,-0.43093,-0.29951,-0.34505,0.064696,-0.17481
0.70586,0.64065,1.1849,-0.15124,0.12338,-1.7807,1.0854,0.62904,0.57251,1.2713
1.3802,-0.30163,0.1916,-1.0022,0.25832,0.33256,-0.13377,-1.7367,-1.6982,-0.5371
0.26077,1.074,-0.16722,1.1404,-0.88591,-0.42742,0.20519,-0.69634,1.3095,-0.51898
0.28013,-0.45305,0.90111,-0.22593,-0.35259,-1.2031,-2.2154,-0.11439,-0.12405,-1.2048
0.12415,-1.2097,-0.32479,-0.59741,1.0022,-0.71994,-0.48863,0.32964,-0.64991,0.8764
-0.70751,-0.41232,-0.33415,-0.51569,-0.15579,-1.2897,-1.3251,-1.5026,0.20877,0.95798
0.020443,-0.69357,0.71734,0.074857,-0.21558,-0.3895,0.58733,0.74635,-0.75468,0.38243
0.85536,0.15935,0.63293,1.2566,1.0514,-1.9984,0.21921,0.61414,-0.56138,-0.26097
-1.1428,0.42891,0.37254,1.7313,0.1438,0.12652,-0.0056818,0.36768,-0.4427,0.113
0.9537,-1.128,-0.26656,0.45066,-0.84879,0.17881,0.092746,-0.235,-1.477,1.9171
1.2561,0.29441,-0.74057,2.1668,0.10103,0.07674,-1.2924,0.90504,-0.47146,-0.49295
-0.086297,-0.51216,-0.17364,-1.3225,1.3483,0.075712,1.0249,-0.88718,0.98096,-0.2199
-0.1149,0.90633,0.77703,-0.64845,-0.31191,0.28838,1.4377,1.3381,1.5483,2.1104
1.3709,-0.73118,-2.7316,1.0991,-0.3727,0.14661,0.80558,0.24294,-0.001072,-0.51881
0.47386,-0.086664,-1.5507,0.85131,-0.42876,0.54201,-0.50509,-1.4071,0.65095,1.5421
0.44453,-0.50753,1.3176,0.45524,0.79526,0.69312,1.0703,-0.07191,-0.025453,1.0668
-0.14975,-0.25846,-0.43865,-0.63684,-1.7832,1.0534,-0.46198,0.64361,-1.6014,-0.6181
-0.81616,0.52514,-0.75902,0.20838,1.2251,-0.1611,0.45201,1.6535,-0.096906,0.36266
-0.45133,-0.73651,1.0284,0.44389,0.97309,-1.0698,0.65538,2.0994,1.3761,-1.2419
0.41762,-1.3832,-1.5458,1.8531,0.10428,2.1636,-0.29463,-0.037591,0.27806,-1.4942
-0.91764,-0.98208,-0.72451,2.0719,-0.22215,0.83263,-0.6884,-0.1071,0.44235,0.96788
-0.030747,-1.3477,0.22901,-0.4012,-0.0025015,-1.2724,-1.1049,-0.6384,-0.8318,0.16491
-0.73604,0.47486,-0.52098,-0.25596,-0.88538,-0.6887,1.8307,-1.1866,-1.5614,0.60053
-1.341,0.20386,0.3819,0.083465,2.0973,0.091591,2.3012,-0.076724,-0.026902,-0.6486
1.63,0.73671,0.46298,0.018181,-0.58414,-1.3606,1.9151,0.47203,-0.22566,-0.50011
0.86953,-0.78201,-0.54479,-2.7364,0.013544,1.2619,-0.32201,-0.60057,-1.4895,-0.14201
-0.20625,0.34577,-2.1046,-1.2889,-0.08578,0.84778,-0.71467,-0.11919,-1.613,-0.0062744
1.1472,-0.57831,-0.57107,-0.49289,-0.869,0.33387,0.43928,-0.79556,-0.58327,-1.0669
0.083075,0.60858,-1.7503,-2.0501,0.056924,-0.36725,-0.55398,-0.11185,0.35996,0.71279
0.4722,0.56822,-0.72491,0.33848,-0.83435,0.024184,-0.15103,-0.7342,0.31549,0.74628
0.42932,0.19451,-1.3203,-0.37674,0.37798,-0.77744,0.42868,-0.2368,1.0158,0.58584
0.30213,1.9217,0.10069,0.18666,1.9634,0.7173,-0.7526,0.014802,-1.0133,-0.34099
0.013142,-1.0636,0.47421,-0.41859,-0.89067,0.039808,-0.42718,1.3866,-0.12855,-0.046139
-0.010974,-0.21401,-0.1698,1.1564,-1.8503,-0.67498,0.64225,-1.0577,-1.4477,0.30041
-0.72334,0.0064198,-0.035402,0.24957,-1.043,-0.49988,1.3062,0.59578,-0.26812,0.4731
1.1784,0.1874,0.73662,0.45157,-1.1363,0.28987,0.25996,-0.023191,-1.6938,-0.54748
-0.29806,0.74477,-0.62089,-1.8118,-0.50585,0.9279,-1.1402,-2.5497,1.4109,1.4134
-0.041782,1.4333,1.1383,-0.0067347,0.095,0.48882,-0.60783,0.55247,-0.39479,1.5603
-1.0734,-0.6664,-0.44364,-0.4522,0.70585,-0.11927,-1.8571,1.3029,-0.27883,0.29497
0.031312,0.16392,0.40855,0.17458,-0.84914,-0.87645,-0.29137,1.1362,0.77411,-0.47014
1.5002,-2.0148,-0.085152,-1.079,0.81655,0.15007,-0.93316,1.2624,-0.62994,-0.081814
-1.1125,-1.6501,-0.61481,-1.7658,-1.3377,0.54189,-0.045988,-1.864,-0.19534,0.33415
0.72118,0.13395,-0.084772,0.143,0.38942,0.96715,1.6519,0.12124,-0.28285,0.22312
-1.4647,-0.02194,0.4624,-0.26055,-2.1338,0.13524,0.39757,-0.77714,0.12313,1.1495
0.53605,-0.62737,-0.4133,0.41223,-0.47463,-1.8575,-2.1055,-0.74243,-0.18168,1.7164
1.538,-1.572,-1.0816,2.1607,0.0065318,0.030814,-1.3231,-2.7888,2.0618,0.83672
0.12408,-0.3803,0.072387,-0.43869,-1.1648,0.020668,-1.5528,-0.74933,-0.18604,-0.53985
-1.1551,1.0969,-0.088046,-0.49649,-1.0412,-1.5411,-0.83982,0.4984,0.22968,-0.93333
1.7189,0.35898,-0.51219,0.78433,-1.9616,0.71059,1.4635,1.0596,0.615,0.80233
-1.05,-0.83589,-0.8504,0.7547,-0.54615,1.382,-0.71415,1.208,-0.22906,-1.5205
-0.67297,-0.040978,0.01605,0.76815,-1.6412,-1.1053,-1.6226,-1.0423,1.3637,1.6366
0.43811,1.081,0.50157,-0.080523,-0.62736,-0.28912,0.16951,0.83094,-0.5121,-0.29047
0.37506,0.68658,2.8123,0.076334,-0.63095,-0.73258,0.5851,0.44367,-2.2314,-0.098663
-0.076741,-2.2851,1.0903,3.147,1.0065,0.11882,-0.26539,-2.2317,0.11462,-0.01096
0.25309,0.23562,2.1506,-0.99233,2.1134,-0.23604,0.38385,0.77535,-0.35806,-0.99571
0.43742,0.79266,-0.21392,-1.2133,-0.34004,1.2061,-2.4433,-1.1477,-0.098029,0.41379
-0.16887,-0.16104,0.17857,1.152,0.50762,-0.13696,-0.30846,0.50987,1.8516,0.029162
0.2657,-1.1452,0.5596,-0.37473,-1.1909,-0.45028,-0.63637,0.43425,0.77364,-0.43061
-0.3705,0.15552,-0.81797,-0.12783,-1.6842,0.76999,0.00079443,-0.84461,0.080153,1.7697
-0.52017,0.44006,-1.2864,0.20735,0.44555,-0.31339,2.0016,-0.63519,1.4206,0.82607
-0.51095,-0.47187,-1.3916,-0.12533,-2.7245,0.097775,-0.61633,-0.36762,-0.39148,1.8192
0.078948,-0.31669,-1.2592,-0.47658,0.4826,-1.8847,1.0599,-0.75801,0.24529,-0.71514
-1.01,-0.010802,-0.49314,-1.5674,0.18542,0.86525,-0.11199,-0.87337,-0.08807,1.0282
-0.69853,0.44226,-0.56249,-2.5607,0.54692,-1.2257,0.42135,-0.025948,2.2301,-0.4744
-0.1205,0.35631,0.57537,-1.0246,0.12132,-0.29579,-0.42339,-0.55415,0.58351,-0.10908
0.35763,0.6375,-0.11519,-0.93308,-1.5754,-1.3198,-2.0688,1.3842,0.15449,1.499
-0.20455,-0.29653,-1.2055,0.0054166,0.53611,1.7504,0.32331,-0.28389,-1.3702,0.18489
-0.002453,-0.86746,-1.368,-0.36512,-0.95617,-0.17514,1.8158,0.54334,-0.27544,1.7815
-0.6298,0.80772,0.35332,-0.31757,-1.7048,-0.96089,1.7402,-0.06853,-1.1797,3.5607
-1.5214,0.66529,-1.5299,1.2914,0.19989,0.99416,-1.5529,-0.43426,0.92474,-0.61283
-0.60375,-0.90253,-0.0066565,2.0738,-0.54323,0.41627,-0.64674,1.448,-0.37467,-1.3035
-0.59243,0.48788,0.92927,0.73966,-0.68049,-0.68066,0.81092,0.093501,-1.748,1.231
1.4303,0.63785,-0.89093,-2.0067,-1.1999,1.5903,-2.182,0.22127,-0.99542,0.35811
1.0243,-0.65349,1.0202,0.96724,-0.087884,-1.5772,-0.013948,0.78681,0.44932,-0.13166
0.50968,1.3911,0.48938,-0.44529,-1.877,0.89583,-1.0076,-0.18946,-0.64156,1.2042
1.2228,0.15197,-0.46961,-1.3533,-0.77594,0.1067,0.5737,0.72459,0.3228,0.40862
0.082023,-1.3954,-0.36748,0.33569,-0.87723,-0.22347,0.35139,0.11921,1.8128,1.2242
-0.5689,0.31223,1.1799,0.40148,-0.19498,-0.35859,-0.031267,-0.72555,0.88256,-0.74087
0.85832,1.1464,-0.31793,0.29687,0.39229,0.73347,-0.057803,-1.0049,1.8486,1.4505
-0.67836,-0.72628,-1.7861,-1.5944,0.66398,1.4534,0.14471,-1.2678,-0.53996,2.1103
-0.78068,-0.24959,-2.0685,1.0127,-0.59754,0.47831,-0.76383,0.3259,0.37758,-0.48921
0.54239,1.3657,0.50854,-0.11346,-0.37861,-0.35651,1.14,1.0992,-0.87781,-1.8361
-0.58169,0.78549,0.1206,-0.98252,0.81254,0.96178,-0.58726,-1.0466,-0.13628,-0.0037016
-1.0421,-0.24771,-0.77598,0.78522,0.8028,-0.32281,-0.76501,0.051433,0.14319,1.1823
-0.78699,-0.41673,-0.26947,-1.1194,-0.4961,0.45823,1.5383,0.63972,-0.29361,0.75658
-0.63733,0.43643,-0.24428,0.31458,-1.2252,-0.34927,-0.53018,-0.87192,1.2426,-0.57858
-1.3713,0.48185,0.90168,0.45617,-1.1808,0.095548,0.27092,0.099829,1.5259,-2.2579
-0.74222,0.31404,1.0819,-2.1858,0.51519,1.2832,-0.24404,1.5951,0.32156,1.5012
0.527,-0.71218,-0.11599,-2.3052,-0.089437,0.14098,0.42963,-0.096803,-0.38085,-0.48756
2.165,0.079517,-0.9628,-0.92647,0.78424,1.9032,0.18412,-0.082281,-0.12974,0.43906
-0.58728,0.50733,0.19246,0.71129,0.64245,0.62408,0.45972,0.4322,-0.90438,0.96601
0.59861,1.4643,1.6126,1.5229,-0.23589,-0.1349,0.23857,0.15071,-0.3006,-1.3165
1.7801,1.3551,0.0015909,-0.072348,0.91736,-0.23817,0.99221,0.69895,-0.33028,1.8618
-0.015834,-0.14332,-0.11739,-0.024647,-0.36274,-0.064967,-1.7608,0.099292,1.2607,-0.61767
-0.37948,-0.27515,-0.10781,0.03316,0.097644,-0.99637,0.36328,-1.1443,-0.44958,1.0926
0.20995,-0.31791,-1.3671,-0.37117,-0.44151,-1.423,0.0041268,0.63218,-0.32315,1.019
0.20787,1.9214,0.030406,-0.33298,-0.45334,2.3916,-0.0087462,-0.20715,1.4759,1.4874
-0.8226,1.0935,0.33704,-0.4377,-0.21697,1.2627,2.1175,-0.45541,-1.3944,-1.9425
0.1137,1.8152,-2.9337,1.5892,0.77188,0.012851,-1.867,-0.65714,-0.34543,-1.0483
-0.59269,0.14266,-1.6336,-1.6843,0.34093,-1.8457,1.2298,0.57332,0.26555,1.6793
-1.0972,0.76405,0.31632,0.48911,-0.54178,0.90587,-0.42911,-0.57881,-0.58993,-0.60617
0.11851,-1.6866,-0.18666,0.2364,1.5292,-0.84437,0.9389,-0.30471,1.1497,-0.64261
0.89909,-1.2811,-0.20143,0.41738,0.33199,-0.93193,-0.10065,0.86805,-0.7957,0.56031
0.59776,0.13759,0.071612,-0.59811,-0.44288,-0.82915,0.40987,0.16322,-0.31323,0.27943
0.0017467,-0.92681,-1.163,0.083914,-0.44228,1.4949,0.22682,0.79226,-1.8054,0.24813
0.70275,-1.5704,0.093048,1.0582,2.0019,-0.31506,0.032203,1.6006,-0.15996,-0.21511
1.0792,-0.21594,0.74495,0.019114,0.51162,-0.74846,-0.26384,0.45115,1.3558,0.29263
-0.1408,1.0287,-1.2136,-0.89905,-0.70999,0.80221,-1.2792,-0.35813,-0.25576,0.39672
-0.3278,-0.54326,0.3805,-2.1976,1.9563,-0.13746,-0.42692,0.29878,1.7978,0.65773
0.71165,-0.25213,-0.67195,0.49861,0.22031,0.60381,0.10304,0.57646,-0.14807,-0.48243
-0.0083729,2.2734,0.62082,1.3239,-0.15245,-0.52171,-0.15647,-1.6096,-1.7969,0.29763
1.8687,1.7238,0.69102,0.053667,0.024656,0.62407,-1.4094,-0.96101,0.13305,-0.7395
-1.296,-0.77272,1.2344,-0.20555,0.71808,2.1553,-0.13067,1.4728,0.66442,0.78317
-1.4934,0.013931,0.64327,0.81528,1.0279,-1.6015,1.8636,0.66942,0.040202,0.45407
-1.0628,-2.2378,-0.20251,1.5731,0.31123,-1.2207,-0.13775,-0.08762,-0.039439,-2.2426
0.13878,0.50717,0.59353,0.24988,1.288,-1.0634,0.10103,1.2846,-0.14576,1.347
-0.058095,0.094915,0.38661,-2.1735,0.205,1.4774,-1.0146,-0.6054,1.5273,-0.73782
-0.23808,0.37984,-0.086179,0.78642,-0.39481,0.24197,-0.61144,0.34143,0.10503,1.4446
0.93604,1.3449,0.91006,0.42408,-1.0959,-0.7677,-0.087043,0.59019,-0.052293,0.35818
-0.15248,0.57281,0.9644,-0.061502,-0.3828,0.49951,0.87023,1.1555,1.807,1.2856
0.51617,-1.4101,-0.8992,-0.56902,-0.36611,1.006,-0.035761,1.5261,-0.9497,-1.4649
1.6275,-1.619,0.20191,-0.05446,0.36693,1.4,0.29991,-1.5071,-1.5422,0.30709
1.1581,0.18455,0.0020481,0.8282,0.26473,0.66946,-1.5602,-0.22948,0.76252,-0.24179
-0.48768,-0.62932,1.7033,-0.51874,0.87155,-1.2531,0.72764,-0.71655,0.03585,1.0965
2.2198,-0.94377,-1.1099,1.2552,-0.18634,2.7376,4.1558,0.48392,0.29889,0.32094
0.97198,-2.2469,-0.56918,1.122,0.3587,0.16973,-1.2618,0.22355,0.1702,1.347
0.23163,-0.73667,-1.8848,0.028744,0.16243,-0.055625,0.61737,0.026451,-0.094204,-0.74729
-1.0648,0.85235,-1.7602,0.33913,0.24069,-0.1678,1.9674,0.35869,-0.076971,-0.34977
1.7029,-0.65478,2.3378,0.22954,0.71216,1.1767,2.316,1.4948,-2.0672,0.32056
-0.1116,-0.0055045,0.1363,0.53532,0.51161,0.24275,-0.023674,-0.16664,-1.4459,-0.1178
-0.11385,-0.6384,1.3558,-1.2951,1.7494,-0.29718,-0.48608,0.10835,0.48391,-0.20588
0.029379,0.22593,-0.54757,-0.39749,-0.34938,0.80185,-1.9611,-0.37204,1.3866,1.6118
0.22603,-0.13651,0.051818,0.77925,-0.031988,0.3824,0.26706,-0.35809,-1.1936,-0.42674
2.2128,1.2273,-1.1904,-1.4402,-2.1996,-1.0513,0.44636,0.18561,-1.4399,0.98763
1.3525,-1.0808,-2.2633,-0.38509,-0.67976,0.67658,-0.074422,-0.32246,1.0253,-0.59548
-0.080341,0.36465,2.0181,1.0333,2.0409,1.0582,-0.71716,-0.54499,-0.00085417,1.3167
1.5895,0.1512,0.12761,0.12718,0.82928,0.57024,-1.3038,-0.16473,-0.35932,0.16016
-0.3517,-1.7498,-0.77549,-0.11539,1.8484,0.33736,-0.15705,1.6953,0.079422,3.4255
-1.0667,0.31456,-0.076073,1.1346,-0.69573,-0.85545,0.77923,-0.030734,0.89304,-0.70797
-0.45564,-1.0531,1.7146,-1.844,-0.78189,-0.82957,0.56738,-0.31885,-0.19459,0.30647
-0.60706,-1.3439,0.096793,1.0819,-0.36208,0.28722,0.40209,-1.2664,-1.0734,0.7527
-0.12468,-0.080484,1.6668,-0.9708,2.6014,-0.42558,0.53161,-0.32565,1.5935,0.29657
-0.068686,1.1756,-0.22402,0.9663,1.8284,1.6435,0.18767,1.9492,-0.57441,0.61433
0.82619,0.49941,-0.78475,-0.19129,-0.51078,-0.02875,-0.30964,0.19172,-1.2107,-0.48424
-0.70499,1.5056,1.4719,0.65544,-0.85879,-0.39402,0.099723,1.3893,-0.38184,-0.3226
1.0002,-0.41634,-2.0031,-0.23323,0.84862,-0.53324,0.72745,0.29067,0.67815,0.11833
-0.30637,0.0068364,0.82265,1.3601,-0.33472,0.68374,-0.70736,1.0645,-0.94984,0.44359
0.51182,0.5108,1.4437,-0.47152,-0.5816,-0.7718,0.34655,-1.1021,-0.0039338,-3.0061
1.8387,0.88193,-0.065332,-1.0814,-0.20179,1.4904,1.22,-2.4401,0.053826,3.1317
0.13595,-0.68078,0.81903,0.23663,0.085135,1.641,-0.69248,-0.17833,0.33481,0.65581
0.50154,-0.41415,1.8191,-0.45313,-1.2229,-1.1852,-0.074408,-0.55311,-0.85274,-1.1822
-0.69389,-0.10214,-0.25256,-1.2062,-1.2379,0.12621,0.34474,-0.7188,-0.456,-0.52907
0.232,-0.065598,0.096358,-1.0312,-1.2626,-0.19492,0.66359,-2.3332,-0.79638,0.80895
-0.78867,0.31007,0.08438,-0.705,-0.87175,-1.3945,0.38036,3.3792,0.064396,-0.33163
-0.17164,0.4013,-0.57667,-0.38524,-0.80854,-0.17985,-0.25853,-1.2513,1.6574,0.46931
-0.70763,-0.37378,2.4743,0.23686,0.19346,-0.7023,0.32813,-0.40197,0.99064,0.79763
0.090403,0.21275,-0.1539,0.20442,-1.1025,0.51355,-0.49947,-0.19104,2.2935,0.099167
-0.88093,0.87332,1.4669,-0.07233,-0.1661,-0.8322,0.96809,0.21811,0.059006,-1.3895
0.85712,-1.1994,-0.060335,-2.0022,-0.018604,-0.75706,-0.69069,0.32738,0.11336,0.27433
0.2638,-0.52082,-0.16208,0.72211,-0.58838,0.26465,1.244,-1.0662,-0.38771,-0.64815
-1.2828,-2.3717,0.36229,-0.53632,-0.14411,0.35896,-0.95016,-1.7792,-0.35193,-0.98097
-1.9594,1.2743,0.64873,-0.26705,-0.80482,0.40984,-1.6367,0.57044,0.045939,-0.64495
-1.5048,1.004,-0.9578,-1.4433,-0.86402,0.4526,-0.1817,0.48825,0.11357,0.16097
-0.93375,-0.49355,1.1202,0.96388,0.6608,-1.5835,0.077225,-0.81268,-0.62058,-1.4537
-0.01112,-0.49012,0.58229,0.12131,0.10707,1.8475,-1.4002,-1.6841,0.25298,-1.406
0.38333,2.1645,-0.12573,0.65121,-0.89173,-0.24802,0.079246,-0.096002,0.39013,-0.86188
-1.21,0.19983,0.65403,-0.91489,-0.075367,0.52391,0.95813,0.83061,0.33664,0.89626
-1.7928,-1.5908,-0.41907,-0.6945,-0.71321,-1.5127,0.52951,0.024246,-0.07386,-1.0491
-0.4983,1.2335,0.71895,0.018921,-0.85072,-0.068498,0.57224,-0.7564,1.0094,0.67279
-1.7092,0.42629,-1.6087,-0.25785,1.0512,0.041294,0.26797,0.88131,-0.031936,0.97174
-0.23967,1.2306,0.18922,-1.8155,1.2472,0.87337,2.3458,-0.40053,-0.088652,1.0797
-1.1564,1.3111,0.15936,-0.86273,-0.060815,0.090434,-1.1734,0.44181,-1.544,-0.098283
0.4447,-2.3537,0.63723,-0.9674,-1.3071,0.045633,-1.1683,-0.56708,-0.30296,0.18378
-0.63905,-0.25333,1.538,2.4185,1.0545,-0.49356,0.58595,0.40453,1.9982,2.1428
0.066404,2.3909,-0.36878,-0.36017,0.84107,-1.1221,-0.14816,0.29646,1.0537,1.3405
-0.96495,0.027139,0.94992,-1.1584,-2.6797,-0.16015,-0.67046,0.39148,-2.1243,1.0014
1.735,-0.55628,-0.23338,-0.28121,1.124,-0.78316,-0.092754,0.013086,1.2051,-0.17781
0.08589,0.076021,-0.36449,1.0472,-0.65661,-0.16326,0.86403,-0.36568,0.64923,0.58704
-0.2769,1.3068,-0.31337,-0.88217,0.64175,1.3017,-0.9674,0.18193,-1.0368,2.135
-1.3265,-0.083787,0.2622,-1.1072,1.3704,-0.22688,-1.693,0.52166,0.18267,1.3859
0.34016,1.5698,-1.538,0.51525,-0.34072,2.703,-0.5567,-1.1853,0.26364,1.3917
-1.0945,-0.80386,-0.41557,-0.99186,-0.081458,1.0521,0.67163,-0.41181,1.573,-0.51759
-1.1677,-1.3081,-0.46608,0.087069,-1.0773,2.6258,-0.46005,-1.2212,-0.57134,-0.54455
-0.70734,-0.73902,-1.9285,1.0953,-1.1338,0.26997,0.83864,1.9627,-1.0333,-0.7477
-0.66524,-0.56467,1.2324,-0.41886,-0.12016,-0.86269,-0.37644,0.48093,0.58285,0.14076
-0.62213,0.2078,-0.5841,1.2151,-0.46452,1.6376,0.59594,0.14952,0.82934,0.031781
1.6606,1.93,-0.49245,-0.40947,-0.070253,-1.4254,-0.54203,-0.80336,-0.47209,0.24183
0.64814,-1.3251,1.7375,-1.5053,-1.0161,-0.77029,-0.5201,0.23285,1.2446,-0.15719
1.3562,-1.8381,0.28755,-0.43991,-1.2153,-0.26523,-0.39421,0.73461,-0.33642,0.14814
-2.679,-0.80769,-0.28708,0.50876,-1.1973,2.214,-0.94424,-0.10878,-0.1897,0.069439
-0.27661,-1.6573,-0.58283,-1.8654,0.79662,0.076517,0.4839,-0.089428,-1.258,-0.086237
-0.14984,0.16889,1.6127,-0.76164,0.28093,-0.824,0.093688,0.26415,0.98855,1.4185
-0.32286,-0.092378,-1.2147,-0.15635,-0.63225,-2.2136,0.62113,-0.60806,0.88743,1.378
1.6486,-0.90895,-0.22428,-0.079789,1.2599,1.0548,0.012956,-0.47329,0.16013,-0.087258
-0.51739,0.56712,0.14177,-0.25895,0.77171,1.5262,1.3758,0.68424,-1.8323,-0.17806
-0.81028,-1.4289,-0.79424,-0.1676,0.18837,0.15658,0.41395,-0.24268,1.0817,0.67573
0.31798,-0.25291,0.21117,-1.5405,0.31937,-0.39523,-1.111,1.3953,0.7133,0.84277
-1.2451,0.26539,-0.81253,-1.9394,0.96951,-1.1813,0.11359,1.0619,-0.22366,-0.3812
1.6273,-0.21604,0.34063,0.3003,0.61017,-1.0747,0.060513,0.74645,-0.64643,2.0208
1.0099,0.082304,-0.096328,1.6731,0.2065,0.75376,0.53375,-0.13204,-0.78872,-2.0867
2.3307,-0.43758,0.78807,0.034247,-0.41686,-0.54067,-1.1584,-1.3589,-1.4519,-0.70743
0.55427,-0.58786,0.09317,0.36721,-0.466,-0.34243,0.25838,-0.057375,-1.7547,-1.2323
0.20457,-0.27551,-0.98541,-0.96509,-1.9326,0.6863,0.003777,0.40992,-0.051274,-0.1182
1.2386,0.015547,-0.14055,-1.3548,-0.40718,0.21451,0.95346,-1.1473,-0.80112,1.1404
0.13526,-0.56337,-0.19282,-0.53053,0.63762,0.37832,1.035,-0.44688,0.36652,0.62741
-0.01946,0.075856,1.4128,-0.46446,-0.32126,-0.54659,-0.80238,0.017289,0.43448,1.0372
-0.94396,0.85991,0.37003,-1.598,-0.24956,-1.2583,0.67887,0.45071,-0.34627,0.78606
-0.7742,-2.18,-0.19887,-1.008,0.12617,0.82409,0.96093,0.055515,0.17078,-0.91439
-0.037043,-0.4846,-0.60102,0.25809,-0.78917,0.75022,-1.0841,1.6548,0.75544,-1.0139
0.66192,0.085771,0.10936,-0.53379,0.18288,2.0524,0.87501,0.766,0.1594,-0.41018
0.97841,-0.072332,-1.1688,-0.68503,-1.324,-0.38284,1.4935,0.8132,1.1594,-0.63541
-0.65496,1.8599,-2.017,0.42339,0.31875,-0.77952,-0.72239,0.73729,0.033496,1.6273
-0.47261,0.89579,0.73298,-0.30524,-0.20751,-0.14961,0.080372,-0.12025,-0.55134,-1.8337
-0.88411,0.56286,-0.072895,-0.023239,-0.37576,0.54193,1.7629,-1.7238,-1.0582,0.40454
-1.2485,0.7327,2.0468,-0.9188,0.10091,0.79293,0.64223,1.5147,-1.4394,-0.45191
0.2924,-1.0325,1.9717,-2.4528,0.46875,-0.7837,0.86141,-0.28881,0.66302,-2.0431
-0.29845,0.65832,1.1419,-1.8826,-0.60416,0.293,-0.73298,0.64281,1.2098,-0.95954
1.336,-0.30992,-0.4576,0.64687,-0.12264,-0.54721,-0.59259,-0.27166,1.4933,-0.59084
-0.43119,-1.9619,-0.1686,0.88863,0.28682,0.04042,1.2781,0.31484,-0.64948,1.1485
0.874,-2.1529,1.1452,0.63307,1.2956,-0.48791,0.54642,-0.54998,0.67733,0.16597
-0.51167,0.74615,0.99194,-1.6903,-0.76667,-0.56173,1.9431,-0.24761,-0.92584,-0.31942
0.45161,-0.64975,-0.88262,-2.0898,-0.03632,0.61976,0.34382,-0.87563,0.853,0.6805
1.2305,-0.023672,0.087951,2.2541,0.079043,-0.05494,0.065818,1.4324,-0.34345,-3.4933
-0.18564,-0.33601,0.11491,-0.52471,1.5775,0.1394,1.3411,-1.9444,1.9806,2.0656
0.21772,-1.0402,-1.0033,3.1784,0.60402,-0.08573,-1.8574,-0.56905,0.69343,0.12725
-2.6332,-0.53674,1.1402,0.51431,-0.96759,1.076,-0.72689,0.25375,-0.56272,-1.0963
-0.47143,0.41615,-1.8203,2.0635,-0.67254,0.5836,-0.96383,-0.038216,1.6268,0.95597
0.19991,-2.243,-1.2158,-0.26883,0.59757,2.7124,1.1351,0.61406,0.62063,1.0513
0.11033,0.30599,-0.10184,0.2013,0.97307,-0.21999,0.24574,0.61292,1.2967,0.32721
1.6622,-0.90926,0.098277,0.032065,0.17731,-0.75626,1.5268,-0.12831,-0.47172,-0.39678
0.34058,0.91025,-1.1934,-0.26923,0.44753,0.49346,-0.48406,-0.61865,1.1181,1.1541
-0.0016443,-0.053674,1.0552,1.155,-0.6347,-0.58374,-0.41151,0.30107,1.6429,-1.58
0.5221,-0.15254,-0.23728,-0.234,-0.25847,-0.17052,-0.20855,0.30348,-0.51059,0.22797
-1.2927,-0.97206,-0.89947,-0.31872,0.082854,-0.39724,-0.089151,-0.48991,-0.74814,0.10992
-0.46785,-1.1246,0.084559,0.74173,-0.49443,0.98145,1.9659,-1.063,1.1399,-0.14855
0.49658,1.1297,-0.52095,-0.27002,-0.33607,-0.23962,1.9023,0.98413,-0.57006,0.06632
-0.23293,-1.0496,-1.9081,-2.1232,-2.3992,-1.5933,-0.86957,-2.4137,0.34471,0.97343
-2.3938,1.029,-2.0306,-1.0769,1.2241,1.3623,0.9231,0.1376,-0.55911,0.013234
0.72308,1.0514,0.20978,0.12709,1.6567,-1.4474,-0.15991,-0.86743,0.221,0.01339
-1.3684,0.091613,-0.60187,-1.1836,-0.68098,0.014281,1.4802,-0.52616,0.51739,-0.6751
-1.2627,0.50627,-1.4689,0.46213,0.99271,0.58554,0.19833,0.16082,0.60701,-0.73491
0.42563,-0.39507,0.66296,-1.4649,0.7534,-0.23029,-0.94875,-0.58158,-1.8242,-1.5935
-0.24298,-0.52378,0.3996,1.1849,-1.6994,-0.05154,1.4463,-0.40927,-1.3324,-1.5223
-0.77938,1.2931,-0.91531,0.38786,-1.3681,0.13405,-1.6141,-2.6958,-1.2579,-0.93855
-1.5796,-2.6388,1.1379,0.80621,0.89042,-0.41818,-0.83158,-0.89308,0.66248,-1.1809
-0.62231,-0.40972,-0.63448,-0.94689,1.1245,-0.5323,1.257,-0.13134,0.73147,-0.76233
-2.1873,-0.2276,-0.090687,-0.35485,1.5606,-0.36497,-0.035482,-0.65839,-0.47406,-0.54511
0.35474,-0.78263,-0.28035,0.71976,-1.2563,0.34675,-0.96852,0.38867,0.58095,0.15228
-0.075327,1.3796,0.34605,0.30505,1.1152,1.3252,0.62474,-0.16755,1.3239,0.92444
-1.3057,-0.047812,1.2457,-0.48687,0.95426,-0.20625,0.34126,-0.52562,-0.19491,0.73761
-0.19739,0.52939,0.31411,0.845,-0.24484,-1.194,-0.23167,-0.13363,-0.055576,-0.24253
2.9371,-0.46321,0.27313,0.54412,0.059597,-0.89357,0.16565,-1.1615,-0.13966,0.25119
0.22323,0.31315,0.13998,0.27698,-0.79574,0.59627,-1.4572,-0.91113,-1.2568,0.94947
0.39846,-2.4485,-0.7723,-1.511,-1.221,0.99844,-2.2743,0.87827,0.46179,-0.56888
1.6102,1.2399,-0.26206,0.29433,0.55492,-1.1701,-2.4771,-0.14658,-2.0816,0.79485
0.38616,0.72632,-1.2131,1.0902,0.77067,0.11915,-0.89543,0.36193,1.4199,-1.0379
0.0097078,-0.73174,0.98636,0.76089,0.31069,-1.041,0.288,0.28824,1.5297,0.85263
0.0725,0.9485,-0.20227,-0.7037,0.21881,-0.0032993,-0.65543,0.76433,0.70834,0.041807
0.31919,1.0092,-1.2536,0.58833,-0.36907,-0.3352,0.94483,-0.046945,0.73791,0.93325
1.0709,-1.2568,0.72814,1.6972,-1.1681,0.92512,0.62794,-0.74493,0.29568,0.23308
0.30083,0.67098,0.28957,-0.65046,-0.027189,1.2667,-0.57858,-1.4371,2.3365,-0.93364
1.1722,0.29605,0.56447,-1.1004,0.31735,-0.61056,1.506,1.4917,-0.25138,-0.56615
-0.10941,-0.53208,0.13922,-0.18929,-0.18226,0.64328,1.3922,1.1684,-1.1545,-0.19442
0.82724,-0.089483,-1.0282,-0.45901,-0.31669,-0.9409,-1.6746,-1.4561,1.5539,0.4911
-0.51983,1.8581,-1.5531,-0.7346,-1.3041,-0.40069,-0.5222,0.26705,-0.65154,-0.47734
0.85303,-0.18146,-0.45085,-0.44292,-1.1984,0.69559,-1.037,-0.29258,0.86623,-1.7523
-1.1751,-0.70974,0.8356,0.16418,0.86987,-0.21055,0.58969,-0.17362,-1.3839,1.0837
-0.4544,0.60482,-1.1526,-0.19244,-1.0103,-0.97071,0.49156,0.82746,-1.1318,-0.0026121
-0.50611,1.0412,0.44626,0.57582,1.2508,-0.030648,-0.3143,0.12872,0.95536,-0.38633
1.8037,-0.056547,0.77125,-0.20894,0.2202,-0.12237,2.2662,-0.64635,-0.14473,-0.56439
-1.0127,-0.2293,0.33648,2.4052,1.3617,-0.43375,-0.71996,-1.088,0.84799,1.4659
-1.2403,1.0804,1.0639,-0.055825,-2.2105,-0.34259,-0.833,-0.45601,0.10615,-0.3755
0.26656,1.6861,0.56912,0.84392,-0.11524,-1.554,-0.1893,0.0022708,1.1191,0.22395
-1.2078,-0.22765,-0.090668,-1.22,-1.0089,-0.957,-1.3471,-0.75586,1.9001,0.97194
