0.87124
-1.2956
0.031267
-0.97438
-1.5486
-0.08282
-0.61105
0.2588
-0.72005
0.17041
0.66337
-1.2162
0.32029
1.1505
0.7859
0.7733
-2.9341
-1.159
0.33988
-0.74419
-0.2118
1.2511
-1.1597
0.1236
-0.086267
-0.08058
-0.41526
-0.48195
0.14733
0.30853
-0.95941
0.95293
-1.4003
-0.72359
1.0412
-0.69229
0.29107
1.5361
0.80202
2.9444
0.5558
-1.0882
-0.23808
0.12384
-0.24595
-0.4576
1.2017
-0.29054
0.6699
1.5805
-0.31275
0.66626
-1.0032
-1.8539
0.43493
0.57912
0.9456
-1.5067
2.1477
-0.734
-0.98041
-0.43627
-0.032245
-0.072701
0.58316
2.1978
0.40063
1.5317
1.3344
0.57613
1.3018
-0.46103
0.41494
-1.0779
-0.14827
-0.2278
1.3859
-1.3052
1.8637
0.84309
-0.23251
-0.66517
-1.0179
1.0518
0.56205
0.81766
-0.94732
-1.6386
1.4693
0.15217
-0.92936
0.50463
0.066293
2.6391
0.67986
-0.73376
0.61331
0.60082
-0.69661
-1.9376
-0.7035
0.26789
-0.87385
-0.14949
0.33855
-1.0076
-0.8729
-0.49956
-1.6219
-1.155
0.29093
0.047677
-0.24848
0.82205
1.7013
0.84429
-0.94541
0.94796
-0.26333
0.8708
-1.1924
-0.070787
2.8093
-0.85936
0.20472
-1.3255
0.0053321
1.2205
-1.139
-0.73728
0.95837
0.82203
-0.34895
-1.2831
-0.74112
-0.47731
1.5638
0.071555
0.73553
-1.0429
-0.22509
2.09
2.3053
-0.30458
-2.223
-1.1302
-1.7514
-0.23092
0.94934
-1.1153
1.2365
1.2057
0.91804
0.91565
0.89621
-0.66797
0.55559
1.0049
-0.33229
1.1173
-0.64253
1.0737
0.3866
-0.64369
-1.1378
-0.092232
0.084653
0.74169
0.42674
2.0804
0.33761
0.10403
1.2175
0.0093334
1.4407
1.3492
-0.9251
-1.8387
-0.0096471
1.2388
0.26882
-0.41323
-1.4875
0.76445
-0.88052
-0.17633
-0.051202
-1.4296
-0.45882
0.82085
-0.13365
-1.2298
-0.74103
1.6157
1.5419
-0.55027
0.2111
-1.0298
-0.10223
-1.0611
2.2839
-0.56279
-0.63105
0.17885
-0.24252
-1.8827
-1.3929
0.74997
-0.048988
-0.14258
-1.9497
2.1364
1.748
-0.71065
-1.0494
-1.8803
2.0769
0.75288
0.22467
0.21288
-0.9873
-1.1529
-0.51277
0.39496
0.69265
0.99776
0.62487
0.036215
1.0588
0.2595
-0.22984
-0.28471
-0.87082
0.85573
0.20714
2.9738
0.43111
1.9606
0.15134
-0.72409
0.39856
0.81894
1.245
-2.3589
0.23867
0.3589
0.044671
0.7429
0.026551
0.14394
0.1209
-1.6893
-0.42183
0.04614
1.9979
-0.0056167
0.10834
-1.1273
1.4016
0.55862
0.59185
0.10875
0.55604
1.2617
0.29951
-0.26869
0.16407
0.012962
-0.42106
0.90816
-1.1847
-1.8775
0.2166
0.46769
1.8059
2.379
0.15371
-0.020095
-2.0961
0.48438
1.4474
1.5591
-0.30111
1.6695
0.66087
0.0071579
0.91865
-1.5738
0.85347
-0.19648
0.65708
1.3621
0.08853
-1.2007
-0.79533
0.33709
-0.91605
-0.34669
0.72865
-2.6928
0.40705
-1.2345
2.3586
0.27513
-1.4665
-0.071566
0.20148
-0.90217
0.24158
-0.022186
-0.8331
-1.1293
0.38361
0.048648
-1.5696
-0.1382
-1.5357
-1.1644
1.0743
-0.82897
0.48453
0.48609
1.5229
-0.60764
-0.11078
-0.16061
-0.96041
1.1528
-2.7448
-1.4191
0.79058
-0.19393
-1.8427
-0.54659
1.772
0.66063
1.0184
-0.027293
-1.7953
0.25601
1.0961
0.038005
-0.85463
-1.3979
-1.0766
-1.2874
0.60414
0.55367
-0.074737
0.1639
-0.33447
-0.90408
0.36191
-0.34137
1.6698
-1.0137
-0.49494
-1.556
-0.036313
-0.68858
-0.35032
-0.68867
-1.9258
-0.43426
-0.46993
-0.60676
-0.54387
-2.0878
1.4096
-0.26343
-1.0254
-0.8673
2.0015
-0.69566
-0.78444
-1.4905
-0.12237
-2.1761
0.20359
1.0276
0.30605
-0.65995
-1.0102
2.2816
0.71043
-0.98097
0.68431
-0.74119
0.92955
-0.39477
0.9001
-0.78467
-0.66377
0.77367
-1.1135
-0.12102
-1.66
1.3354
-1.2559
-2.2894
-1.0882
0.29544
1.2585
0.29671
0.29129
1.3913
1.2559
0.26664
0.77252
1.1875
-0.069937
-0.047689
-0.27346
-0.47812
0.84315
-0.81392
0.36024
0.15303
-0.60617
-0.80006
-2.1295
-0.61129
-0.96763
-0.095738
-0.095718
-1.5782
-0.6072
0.9949
-0.91423
2.1155
-0.90364
0.30747
0.60974
-2.024
-1.8442
0.76661
-1.1706
-0.61846
-0.12704
-0.18766
0.80189
-0.14087
-0.8919
0.67003
-0.56881
-0.17961
0.89147
-1.2112
1.0676
1.0904
-0.90449
-0.29038
0.18277
-1.2754
0.57848
1.0761
1.5361
-0.97525
1.777
-1.1801
0.2341
0.40951
-0.34472
-1.8741
0.8276
-0.66114
-1.2326
-0.59133
-0.83657
-0.63877
-0.60048
-0.22293
1.7685
-0.31658
-1.5789
1.9189
0.21042
0.59663
-0.59407
-0.55198
0.96373
-1.3251
-1.3109
-1.048
0.17463
-0.063017
0.13193
1.0245
0.0082918
0.48985
-0.89022
0.38321
0.49992
0.5334
0.4131
-0.20785
-1.532
0.6387
0.32888
1.1717
0.3086
1.9863
-0.92495
0.054352
-1.2695
-0.48724
0.64326
-0.31379
-0.60319
1.319
0.37145
-0.28832
2.1727
-0.37335
0.51711
-0.27146
0.36429
0.71438
-0.37519
-0.62165
1.4877
0.015412
-0.95695
0.0067628
-0.97269
-0.57298
-0.35585
1.4552
0.21254
0.31602
1.1656
-0.26752
-2.0085
-0.8517
1.3272
0.7098
-0.12592
0.49721
-0.38541
-1.0919
0.17857
0.61651
-0.97656
-1.3007
-0.38204
-1.9054
-1.4379
0.17706
-1.32
-0.81246
-0.78518
-2.7512
-1.2624
-0.27114
-0.95973
-0.71823
0.2336
1.1968
0.98072
-0.42965
0.65774
-1.754
-0.33271
-0.11112
-2.1642
-1.2895
-2.132
1.0448
1.1531
1.5832
-0.36491
0.047842
1.124
0.12054
2.0601
0.16651
1.345
0.33578
0.63004
1.3001
1.4064
-0.38203
1.0888
0.02096
-0.25646
-1.8729
0.83606
0.19111
0.83024
0.6039
-0.35801
-0.90482
0.39588
0.14277
1.343
0.26689
0.48227
-0.84673
-1.0658
0.22567
0.037383
-2.1855
0.72399
-1.0768
-0.05934
-1.5658
-0.05142
-0.86095
-0.06363
0.082751
-1.1969
0.37676
-0.046873
1.7946
-0.8139
-0.26457
-0.4833
-0.45343
1.3028
1.082
-0.049797
-1.3941
0.38564
-0.74914
-0.026508
-0.060523
1.2717
1.0528
-1.116
-1.9918
-0.13915
-1.2461
0.48877
0.7281
-0.6115
1.1916
-0.18399
1.7222
-0.081445
0.91326
0.81268
1.1147
0.44331
-0.19404
0.57639
-0.30191
1.7913
-0.52412
-1.0031
0.27281
-1.2793
1.1301
-0.96578
1.1857
-0.7712
-1.2832
0.52236
-0.98587
-0.59912
-0.95126
-0.9887
-1.2985
-0.50419
1.209
0.52598
0.7106
-0.020148
2.5162
-0.68855
1.2452
0.35153
-0.17972
1.302
-1.0755
-0.54022
-2.7138
0.13334
0.27115
1.4231
1.2655
0.072848
-0.16382
0.7607
-0.1018
0.37086
-1.9464
-0.79243
0.56689
0.29983
1.0793
-1.418
-0.84272
-0.16887
-1.9936
0.34621
-1.1213
1.3567
0.33156
-0.85924
0.86561
-0.89704
-1.2902
-0.15166
2.2715
0.52448
-0.90001
-1.276
-0.6541
0.46022
0.12859
-0.91772
-1.173
1.3107
-1.4722
-0.82725
-0.093271
-0.71731
-0.5186
1.462
-1.2442
-0.22818
-1.9577
0.41163
0.4485
1.2522
-0.5469
-0.463
-0.85088
-0.22406
-0.42212
-0.80561
-0.3364
-0.14039
-1.3302
-0.70499
-1.9736
2.1551
0.80229
-0.82623
-0.63817
1.3584
-2.3149
-0.57359
-0.86219
0.6659
1.5101
-0.77011
2.2489
0.19584
-0.12937
0.27425
-0.32956
-0.14404
1.1543
0.2632
-0.017316
-1.1835
0.01329
0.91389
1.3192
0.80893
-1.5598
-1.7589
-0.058148
1.2369
-1.4255
2.3234
-0.87917
0.37888
1.2198
-0.050832
0.56216
1.1755
-0.1789
-0.11425
0.54997
0.83925
-0.78792
0.70306
-0.28445
1.3749
1.6086
-1.6468
-1.5626
-0.11756
1.1134
-1.4122
-0.91566
0.72081
1.2002
1.1944
-0.40647
-0.7645
-0.90639
1.4758
0.043457
0.42552
0.40702
1.3263
-1.3724
1.1692
-0.24304
0.38495
-0.9638
1.3752
-0.099985
-0.88767
0.023223
-1.4074
0.26335
-0.82208
-0.22284
-0.80967
0.73111
-0.68381
-1.4383
0.26633
-2.5494
1.399
-0.34284
-0.20148
-0.11302
1.0742
0.80617
0.10786
-1.6913
-0.38895
-0.70368
-0.94972
0.76081
-0.55998
-1.4131
-0.027877
0.27134
1.4184
0.38976
0.64285
-0.19179
-0.38836
-0.37892
-1.0596
-1.5461
0.081777
-1.8349
-1.0412
1.4069
1.6879
-0.10439
-1.5729
0.0442
0.87457
0.34567
-0.098699
-1.5561
0.24795
0.00065857
-0.55266
1.9128
-0.74232
0.89272
0.16532
-0.27454
0.28005
-0.60333
-1.4371
-1.5941
-1.1991
1.1555
0.87968
-0.53166
0.15945
-0.037768
0.040769
-0.2737
0.93524
-1.1075
-0.19308
-0.38697
-0.55256
1.2122
2.1378
1.0086
0.026669
-0.45611
0.42524
0.72401
1.0688
0.9502
1.4579
1.5102
-1.0969
-1.2907
2.3516
0.12315
-1.1244
0.43268
0.46182
-0.39737
-0.30969
-0.40745
-0.75003
-1.1311
-0.24739
-1.5534
-2.5384
-1.6884
1.319
0.57748
-0.95182
-1.8368
0.33307
-1.0819
0.6003
0.21047
1.237
-0.48355
-0.96311
0.49364
-0.27783
-0.82238
-0.72383
-1.3209
-0.25665
-0.83418
1.1617
-1.517
-2.4349
2.2224
-0.63807
1.6614
0.33802
0.14581
-1.3844
-0.44979
-0.56572
-0.769
-0.9203
-0.81824
0.61717
1.1168
-0.40895
-0.77416
0.13215
-1.5035
1.0268
-0.12411
-1.2121
-0.65127
-0.1115
-0.38408
-0.71602
-0.663
0.78056
-1.3225
-0.31277
0.012033
-0.67077
1.3511
0.39814
-1.6059
-0.33664
-0.14339
-1.09
0.18246
-0.47795
0.31553
1.7788
1.2913
0.8928
-1.4724
-0.74183
1.0365
-0.43015
0.16986
-0.65363
0.90931
0.55402
0.077525
-0.2412
-0.26835
-1.6301
1.6123
-0.30649
-0.28842
-0.69184
0.75201
1.7595
0.43924
-1.228
0.82195
0.82106
-0.69438
-1.013
0.99768
-1.5652
1.8631
-0.79871
-0.85025
1.5721
-0.077112
