-0.57897
0.74333
1.7904
-0.35877
0.74259
1.0666
-1.0022
-0.72193
-0.027943
1.1957
-0.28984
-0.07133
0.87656
0.21322
-0.49658
0.08926
-0.42139
0.57299
0.84097
1.0569
-1.3226
-0.48057
0.74828
-0.96814
-1.3366
2.2816
1.1996
1.3276
1.4001
1.4785
-0.65739
-2.2429
-1.4229
-0.90076
-2.0827
-1.6013
0.48912
-0.86886
-0.36091
-1.3678
-0.25544
-1.164
-0.18228
-0.44769
-0.22226
1.0781
0.45314
1.7615
-0.12045
-0.45564
-0.38678
-1.4402
1.2287
-0.50934
-0.28322
0.28565
0.76382
-0.96002
-0.25337
-0.15119
-0.47343
0.18258
-0.93031
0.66903
-1.0673
-0.53516
0.59863
-0.4896
1.2437
-2.1432
-0.28637
-0.065124
-0.97681
0.028335
0.035543
0.19363
-1.1419
-0.11445
-0.52502
-0.90714
-0.51737
0.078174
1.1855
-0.84668
0.57319
1.425
0.85726
-0.16276
0.33516
1.6897
0.17324
-0.14282
-1.5881
-0.49545
0.14719
-1.2208
-0.37735
1.2761
1.638
1.1968
0.27808
0.96496
2.5642
0.49933
1.3932
1.2435
0.61642
-0.42997
-0.053719
1.3548
-1.0321
0.36365
0.015514
1.0183
0.91105
-1.5839
-1.5551
-0.60548
1.5185
-1.0497
0.17696
-0.86489
-0.51394
-1.1269
0.84037
1.4371
-0.3607
-0.54685
-0.19685
0.59546
-1.616
1.4278
1.1311
-0.64856
-0.19
1.0127
-0.76894
-0.30899
1.1474
-1.0134
-2.5597
0.018271
0.016959
-0.33838
0.23553
0.80583
-0.58994
-0.81533
-0.10061
-0.893
0.61537
1.4943
0.4215
2.0237
0.38014
-0.22097
-0.3262
0.039759
0.48842
0.19599
-0.63795
-1.3788
-2.3217
-0.10904
0.16951
-0.88884
-0.22397
1.6808
0.68531
-0.45858
-1.4301
0.93939
-0.122
0.11535
0.6339
-0.39629
1.2121
-0.75487
0.06923
0.88361
0.41649
1.251
-0.86893
0.56563
-1.589
0.12094
0.31839
-1.1151
0.3979
-0.58506
1.7238
1.4618
0.11082
0.49039
0.081503
0.74098
-1.0229
1.0678
0.60358
-0.28113
0.031065
1.2993
-0.65337
1.5331
-0.53467
-1.3422
-0.72432
0.18492
-0.47634
-1.5553
1.2425
1.2247
-1.3313
-1.7435
0.68231
-0.36332
-0.66716
-0.018973
-0.87452
0.32722
-0.535
-0.76739
-2.2124
-0.098319
1.1584
-0.54129
1.5065
-2.0166
1.2112
-2.3033
0.34809
-0.22486
-0.28258
-0.42289
-2.0452
-0.1545
0.98029
0.80846
0.71411
-0.43264
0.10065
0.90375
-0.84402
-0.12642
-0.34712
0.035459
-0.93941
-0.85172
-0.70788
0.81598
-0.26355
-0.18653
0.66596
-0.33052
0.18117
0.71675
1.7021
-0.54169
-1.5371
0.52371
-0.97328
-0.27491
-1.0877
0.4389
0.34943
-0.15455
-2.2731
0.22892
1.2715
0.96627
-0.03162
-0.9573
-0.91017
1.4777
-1.004
-0.52793
0.80793
-2.1935
0.12031
-0.6433
-0.0035179
-0.5444
0.018466
0.79895
-0.8571
2.3881
0.71464
0.08659
-0.33474
1.2525
1.3149
1.1197
-0.80678
-0.27039
1.2889
-0.12425
-0.54154
0.37809
-0.027487
-1.4738
-0.23046
1.1194
-0.33362
-0.971
0.3329
0.50864
-0.88869
1.2355
-0.048648
1.5301
-0.55858
1.1171
-0.53286
-1.0012
-3.5987
-0.20111
0.75782
0.093948
-1.1036
-0.80112
0.98695
-0.54179
-1.3425
-1.2021
0.66978
0.72362
1.7209
-0.91928
0.43866
-1.522
0.83902
-1.1261
-0.87924
0.31185
-0.067255
-1.5627
0.72669
0.64304
0.13775
-1.2513
1.3902
-0.94661
-1.8376
0.34003
1.0346
-0.18066
-0.91119
1.4329
0.38627
-0.60517
1.0604
0.069986
-0.262
0.96324
0.60141
-1.1221
-0.38589
0.59702
-1.8629
-1.6835
-0.91082
0.44848
-0.95228
1.0535
1.2531
-0.94682
-0.86029
-2.0584
0.38521
2.1023
0.42815
1.5147
-0.45766
0.30891
-0.62642
1.9481
-0.022755
-0.5946
-1.1063
-1.6487
-0.043353
-2.8265
-0.93515
-1.4614
0.60406
-0.95554
0.49603
0.28461
-0.41125
0.1665
0.66659
0.84961
-1.0149
0.42679
0.34473
0.51345
1.131
0.87515
0.10908
0.03292
3.1893
-0.19485
0.47318
-0.86759
0.70995
0.51321
1.0388
0.93847
-0.95092
0.88558
-0.21004
0.34717
-0.0013629
0.64161
-2.8962
-1.8987
1.1905
1.1041
0.94919
0.27373
0.79654
1.3493
0.75705
0.21475
-1.2076
0.72375
0.63743
0.062255
0.99728
1.5681
-0.35048
1.6828
0.25427
-0.13305
-0.87422
-1.7331
0.68091
1.5799
1.054
-0.85418
0.74131
1.9147
0.23607
1.2004
-0.70998
-0.93808
0.74333
1.2973
-1.4551
0.71395
-0.062022
-0.11532
0.17583
0.82838
1.4555
0.66672
-0.27395
0.79469
-0.40329
1.0706
-0.93649
-0.53305
0.43154
-0.98404
0.13552
-0.6154
1.0817
0.24741
0.1807
-0.18094
-0.77586
1.2294
-0.099098
-1.2399
0.27532
-0.091633
-0.0038978
-0.15339
-0.69052
0.45768
0.93352
-1.9765
0.88406
1.2299
1.7307
0.93086
1.1935
1.007
-1.9151
0.10815
0.64419
1.3498
-0.98696
-0.61561
-1.4116
-2.2988
0.35042
0.68466
-0.22718
0.50261
0.10515
-1.4651
-0.63649
0.70564
1.4949
0.0021077
-2.12
0.59209
-1.5122
-2.0614
0.58685
-0.41515
-0.15617
0.62442
-1.3689
-0.68422
-0.28402
-1.3133
-0.44907
0.95392
-1.1119
0.38765
-0.22483
0.78393
1.3198
-1.2491
1.8422
-0.27635
1.2728
-0.87786
-0.36874
-0.39891
-0.5778
-0.51456
-0.80583
-1.1398
0.19279
0.11465
-0.7186
-0.045872
0.65526
-0.38702
0.0021942
0.3261
0.0095522
0.90727
1.8449
0.80149
-0.388
-0.41923
1.1275
0.41934
1.5276
-0.36284
0.0378
-0.2023
-2.0056
-0.35293
-0.54456
0.52459
1.0911
0.15079
0.12712
-0.08214
0.2547
0.78431
-1.0505
0.54013
-0.85145
0.65679
-0.6957
2.3519
0.50417
-1.1983
1.4668
1.4992
1.6579
-1.658
-0.18996
-0.53309
-0.34842
-1.3188
-0.058594
-1.3297
0.088907
0.75861
-0.47868
-0.11206
1.2104
-2.6561
0.35299
0.13165
-0.84997
-0.67944
-1.4287
-1.4865
-0.065309
0.3287
-0.4344
2.051
0.76078
0.39558
0.42375
-0.19645
-1.0734
-0.69851
-0.23102
0.31327
-1.5418
-0.054043
-0.050407
0.79302
0.74388
-0.16653
-0.85401
-0.6619
-0.0080229
0.12634
0.13712
0.26381
0.1029
1.234
-1.0891
-0.32679
-1.6275
-0.52772
-1.4079
-0.46604
-1.476
-0.48326
-0.64055
0.074912
0.0563
-1.9598
0.44279
-0.65365
-0.89213
1.9785
1.4196
0.53997
-0.95479
-0.1951
-0.13584
1.6476
-0.61484
-0.35822
-0.49592
-0.069429
-0.68046
0.17938
-0.35016
0.58876
-0.69513
-1.1429
1.9995
-1.7247
0.79975
1.3067
-1.4591
-0.74293
1.0932
1.033
-0.88993
-0.90689
-1.7127
0.32318
-0.27661
0.75707
-0.0049118
0.058946
0.33487
0.57413
-0.034518
2.2498
0.33826
-1.0859
1.3323
-1.1372
0.2884
1.483
0.8278
-0.33035
-0.31029
-1.0404
0.86651
0.43844
0.2114
-1.2025
0.43493
0.47687
0.97099
-1.7953
1.0559
1.007
1.7404
-0.35325
-0.35659
0.052131
-0.65863
-1.2834
0.23872
1.5475
0.1869
-1.8809
0.40569
0.64618
1.5967
-1.1562
0.30036
0.96692
0.58643
0.65452
-1.0604
-0.65839
1.447
-0.13897
0.0033393
-0.58943
-0.94435
0.87083
-0.38643
0.20441
0.13464
-0.73589
0.43648
2.1929
-2.1944
0.5576
-0.22262
-0.51741
1.5003
-1.1838
0.4616
-0.1364
-0.59893
-1.1015
-1.9572
-1.0848
-0.30861
-1.7535
0.20042
1.9591
1.0361
-1.3497
0.48349
1.8945
1.1754
0.74246
0.40754
-2.1837
0.60324
-0.073064
0.30006
-0.78064
-0.34978
-1.3233
-0.6928
0.91675
-0.84198
0.45716
2.5436
-0.10713
1.1501
1.2408
0.97436
-0.09086
1.0586
0.4485
-0.6619
0.17103
-0.52283
0.67529
-0.36221
0.30906
-1.5641
0.37166
0.62308
1.3433
-0.79512
-1.3056
1.1201
-0.38043
-0.77383
-1.8223
0.49846
-0.16168
0.18293
-0.22616
0.75466
1.4383
0.32072
0.16065
0.48577
0.23911
-0.33803
0.10889
3.0095
-3.0689
-0.51262
-0.39426
0.5466
-0.24844
1.5673
0.30753
0.22478
-0.20326
0.82874
0.52238
-0.067913
0.98892
-1.292
1.7005
-1.2443
0.98542
-0.21854
0.34528
0.58932
0.57353
0.44
1.9141
-1.3585
0.86387
-0.96314
-0.24419
1.0729
0.59367
0.55935
-0.038557
-0.67738
-0.36048
0.30649
0.10035
1.2451
-0.22507
0.59702
0.14432
-0.91863
-0.066576
1.1039
0.93093
0.099603
0.14146
0.57799
-0.4045
-0.10573
-0.059861
-1.116
-0.22572
-1.0075
-1.2874
-2.0534
-0.32625
-1.2164
0.13721
-0.40291
0.59336
0.12142
0.81376
-0.78335
0.96675
0.91507
1.0639
0.11184
1.7525
0.75951
0.37327
-0.56185
1.9639
-0.35045
0.93179
-1.1194
0.44074
3.0422
0.65851
0.62275
1.6493
-0.10416
-0.16564
-0.043199
-1.391
1.5332
0.60796
-1.6487
0.44502
0.48958
0.19746
1.054
2.1208
-2.004
-1.1688
1.9712
0.60383
1.8423
0.18691
1.5368
-0.0072089
0.29712
0.42028
-1.1403
-0.4551
-0.89675
-0.40561
-1.062
-0.16584
-0.23818
-1.4079
-0.1422
-1.3734
0.19754
0.25759
0.33095
0.62292
-1.2726
-0.30526
0.092062
0.46215
-0.73774
-0.51503
-0.086434
0.53325
-0.32432
-0.049747
0.39382
1.3816
1.8393
1.9538
0.10521
1.086
-1.0487
-1.0702
0.46387
-0.69829
0.45874
0.19697
-2.2097
-0.57787
0.26128
-0.97603
-0.79976
0.36342
0.22575
-1.0669
0.18785
0.15149
0.16378
0.6925
-0.41425
1.413
-1.8158
-0.98066
-0.66049
0.021117
1.9858
0.31743
0.48831
-1.8967
-0.67787
0.016266
-0.2605
-0.03691
0.37886
-0.38586
0.04498
1.54
0.472
-0.24024
1.0231
0.72089
-0.12387
0.072867
-0.67173
-0.99405
0.99187
0.69765
2.0015
0.22829
-3.0608
-0.715
2.2596
-0.058152
2.5856
-0.66356
0.63875
-0.75502
1.1096
-0.092972
-0.48576
-0.13792
0.0052951
0.65341
-0.38665
-0.21699
-0.58497
0.077016
-1.2797
-1.1564
0.58792
0.47402
-0.27025
1.2138
