0.30355
0.39666
-0.006629
-0.22973
2.0498
-1.3219
-1.1756
-1.6927
0.88265
0.371
1.0747
-0.081332
1.3193
-0.38287
2.1796
-0.61144
1.566
-1.4345
0.35281
1.9093
0.23111
1.9689
-1.8364
-1.2203
1.3248
-0.26993
0.37537
0.0096665
1.6755
0.68147
-0.042002
0.69685
0.49668
-1.0928
-0.45642
0.32523
0.79859
0.24594
-1.4956
0.35369
1.218
0.59811
-1.091
-0.78929
-0.20326
0.20402
1.7994
0.22457
0.73226
0.040248
0.768
-0.31439
0.23227
-1.0741
0.61677
1.8787
1.8618
2.4961
1.471
-1.1859
0.83669
1.9056
-1.1302
0.30512
-1.1155
-0.61962
-0.7797
0.93032
0.42885
0.15549
-0.50575
0.66081
1.7911
-0.63352
-0.74808
-0.92258
1.2837
-1.2952
1.0765
-1.1265
0.81446
-0.70612
0.56384
0.99117
-0.19218
-1.7967
-0.6969
1.1788
0.10235
-0.53809
-0.19163
-0.64805
-0.34168
-0.50853
0.24776
-1.3559
-2.069
1.7368
0.44387
-0.045925
-0.41004
0.73803
-0.48263
0.78504
0.76185
-0.019587
-0.27731
-1.7552
0.19712
-0.61709
0.027801
-1.0136
-0.12445
1.293
-0.47241
-0.3846
1.0131
1.1768
0.2181
0.19104
-2.2224
-0.14156
2.36
0.75456
1.9987
1.4645
-0.19532
-1.8261
0.48459
0.2642
1.1785
-0.24273
-0.026622
0.86593
-0.83102
1.2697
0.9655
-0.52836
1.7064
0.94526
0.25346
0.65049
0.38476
-0.082544
0.76885
0.64806
-0.21717
1.197
1.392
-0.66326
-1.2268
-0.79049
-0.73388
-2.0079
-0.13181
0.322
-0.59008
1.6107
-0.55456
-0.23141
0.72891
0.7906
0.90157
0.29578
0.94321
-0.49518
2.0116
1.0439
-1.4175
0.1113
0.2695
0.59932
2.9267
-0.42104
-0.89155
-0.40226
-0.72683
-0.24016
-0.33577
-1.9609
1.9545
0.53883
0.37645
-1.1629
0.15443
1.0017
0.23125
-1.6115
1.3005
0.015506
-0.94521
-0.12938
-0.26473
-0.54394
0.45161
-0.07645
-0.14624
1.0595
0.43207
0.21338
-1.8054
-0.605
-1.1665
-0.73689
1.9821
-0.14441
-1.6372
0.8954
1.962
-1.6539
2.077
-0.50233
0.52471
0.74141
0.46199
0.73102
1.5794
-0.42515
-0.59357
2.3645
0.32331
-0.3553
-0.69114
1.5945
0.50022
-1.0382
-0.37946
-0.086941
0.80397
-0.1672
-0.85809
1.2558
0.74514
0.43403
0.97325
1.3882
-0.061112
-0.14138
0.43822
1.2209
-0.48013
0.53594
0.36943
-0.53114
-1.1991
1.113
-0.58369
0.71073
-1.4393
1.0452
-0.71393
0.60328
-1.8677
1.6399
-1.3298
-1.9736
-1.6743
0.46104
0.08774
-1.6497
1.4536
-0.93661
-0.043298
-0.81598
0.27613
-1.1411
1.153
1.1659
0.53484
1.5343
-0.40159
0.19112
1.7464
-1.4537
-0.12733
0.40385
0.20606
0.063844
0.74512
1.4322
1.0352
0.36635
0.15435
0.74843
-0.8386
0.89528
-0.30801
0.8901
-0.00041586
0.13377
-0.27791
0.44839
0.32309
0.44613
-0.42129
1.043
0.8765
-2.0874
0.08413
-0.46085
0.49028
0.61646
1.1238
-0.68406
-0.30243
-0.72794
-0.64093
0.018816
-0.79126
0.32464
-0.041451
0.13583
-0.78098
0.41042
0.65584
1.7768
0.72324
0.19358
1.1003
1.4053
-0.94587
-1.1298
-0.65778
0.22518
0.65776
-0.344
-0.19353
0.77086
1.3392
0.84265
-0.77469
0.97852
0.28415
-0.29224
2.2297
-0.58816
0.23496
0.090679
0.56917
-1.4999
0.42626
-0.035248
1.2763
0.33584
0.27932
0.20339
-0.47894
1.2228
1.438
0.68301
-0.52766
1.623
-3.3292
0.76935
0.093305
-1.0669
-0.9039
-0.21124
-0.84918
1.5038
1.7652
-1.5951
-0.37409
-0.96336
0.38111
-0.832
-0.014648
-0.98217
-0.0062547
-1.4493
-0.93572
0.39008
-0.60606
-0.04715
0.53012
1.2113
-1.8998
0.75301
-2.1127
-0.077112
0.85911
0.23661
-0.53879
-0.47651
-0.22828
-0.76751
-0.91412
-1.0233
0.6834
-0.18523
-0.32988
0.50648
1.0158
-0.18407
0.76155
-1.1442
-0.37143
-1.9136
0.28416
0.36902
1.0042
0.48101
-3.1488
0.051491
0.64381
0.41007
0.42746
-0.9151
-0.66873
0.7006
0.080807
1.3557
1.8641
-1.2599
-0.10715
-1.5458
0.73564
0.70333
-1.0749
0.8806
-0.37974
0.15563
2.5785
-0.18273
-0.1348
0.023136
1.6911
0.2281
-2.817
-0.5487
-0.15663
-0.87905
-1.3718
-0.74142
-1.263
1.0423
0.9791
0.91699
1.1147
0.62991
-0.24284
-1.5873
0.83919
0.93742
0.87536
-0.68273
-0.19833
-0.63
1.1428
-0.30282
-1.3349
0.26999
0.40895
2.2491
0.77109
0.77081
1.3511
-0.56803
0.95762
-1.3467
-0.16293
0.69869
-1.4578
-0.81325
-0.54445
-0.25835
0.69376
-2.76
-0.51878
1.1864
-0.92127
-0.71297
-1.135
-0.11367
1.8212
-0.84234
0.090437
-0.98868
-1.1813
-0.049399
-2.0389
0.14644
0.10548
0.57956
-1.7381
0.031408
0.14709
0.89041
1.121
0.67178
1.3998
0.079493
1.0081
-1.368
-0.28166
-1.0642
0.79655
0.0039834
-0.014982
0.12243
-0.95891
-0.8226
-1.3104
0.22192
0.1245
-0.36236
-1.2773
-0.7474
1.0482
-1.4833
-0.35594
-0.56482
-1.2325
-0.15804
0.69526
-0.69048
0.43326
-0.030835
0.27684
-1.2866
-0.31198
-0.30058
-0.42255
0.30218
-0.041987
-0.66595
1.4019
-0.50189
1.5143
-0.47976
1.1201
0.80972
0.65996
0.040576
1.0393
-0.71844
-0.67417
-2.0329
-0.34023
-0.46719
0.60658
-0.94917
0.75834
1.8899
-0.4602
-0.56441
-0.41257
0.71956
0.97057
1.0576
-0.24529
0.81023
1.496
-0.3785
0.24295
-0.92087
-0.15979
1.0365
-1.127
-0.48427
0.68957
0.31754
-0.58671
0.81935
-0.73728
2.2131
0.82933
1.0327
1.0494
-1.273
0.26096
-1.8344
-1.5514
-0.29741
0.38908
-2.0034
0.11305
-1.1062
0.92592
1.3147
1.9028
-0.32568
0.094185
-2.0208
0.43485
-1.445
-1.9297
-1.0948
-0.00089937
0.61733
-0.28507
1.0381
1.6688
-1.8928
-1.7441
-0.19687
-0.54521
1.3802
-0.46418
2.0897
1.0042
0.71025
-0.17818
-1.1546
-0.92988
-1.6084
0.42633
0.70376
0.92375
-0.22804
0.83732
-0.076336
-0.67017
-0.48706
0.11655
-0.52312
-0.44514
-0.73406
-1.2243
1.1188
0.77557
0.40249
-0.33883
-2.1091
-1.3461
-1.7596
0.23699
-0.16221
0.1701
0.63344
0.39738
0.71997
1.2625
-0.021136
1.0755
0.17814
-0.80389
1.6025
1.2861
0.72525
0.13543
-2.5119
0.40928
0.87633
-0.17747
1.3691
0.30244
0.70211
0.76147
-0.40361
1.457
-0.87668
0.56893
0.92723
0.63897
0.82539
-0.12388
-0.99901
1.4747
-1.8964
-0.29086
-1.6061
-0.99447
0.83514
-0.93081
-0.56233
0.66577
0.66566
-0.18585
0.34731
-0.26001
-1.9593
-0.022446
1.4841
-0.41291
-0.84071
-0.35582
0.26632
-1.3061
-0.21885
0.50559
0.12791
0.68474
1.1306
-0.82003
0.70542
0.17641
-0.8598
1.1372
-0.96796
0.58804
0.24187
2.0158
-0.63898
0.2259
-1.4293
1.4396
-0.79503
-0.792
-0.55688
1.6342
1.152
0.89661
-0.071749
1.5109
-0.43469
-0.762
-0.72237
-0.097948
-2.2189
-0.58874
-2.9925
0.44607
-0.17522
0.55037
0.90621
1.4468
-0.037457
-0.18752
0.48626
1.6405
-1.3249
-1.2175
-1.2894
0.57027
-1.5931
-1.3395
0.72457
0.036453
1.0054
1.8517
-0.93905
-0.43385
0.011073
1.9121
-0.74978
-1.133
-2.1661
0.24581
-0.91655
-1.939
2.2844
0.075966
-0.41079
0.1248
0.9254
-0.55333
1.6683
-2.4497
-0.49153
1.1795
-0.73829
-0.68769
-0.44982
-0.46529
1.4624
-1.3825
1.8891
-0.26562
0.9031
0.97898
-0.22659
0.34383
-1.1009
1.4588
-0.91801
0.028049
-0.22051
-2.1003
-0.50389
-0.55445
0.68224
-0.16276
-0.0057078
1.5767
-1.352
0.63297
1.1378
0.26513
1.6222
0.54972
-0.21343
-0.17489
0.13773
-0.99786
0.3969
0.48868
0.93863
-0.21655
-0.26643
0.76046
0.40718
-0.39715
0.82181
-2.2564
-1.1004
-1.9775
0.98555
-0.23807
-0.048277
-0.88711
-0.10624
-0.34598
0.33808
1.0337
0.9377
-0.11208
-0.91275
-2.0358
0.021077
-0.35122
1.1349
0.043836
-0.12703
-0.21588
0.73737
0.20385
0.74675
1.2252
1.2268
-0.024527
-1.2597
-0.69639
0.15637
-0.9512
0.27654
0.63899
1.4862
-0.17163
0.58783
0.77342
0.46025
-1.5469
-0.54114
0.16183
-0.74083
0.3843
0.88351
-0.24621
-0.50377
-2.1403
1.9191
0.31277
-0.62999
-0.26958
0.67583
0.43389
-0.041307
0.10881
-0.31484
0.64539
0.90779
0.65
0.97369
-0.099321
2.3212
1.318
-0.25254
0.35068
-0.53449
-1.0884
1.8373
-0.40436
1.7754
-0.92575
-0.56253
-1.1019
1.4451
0.25568
-0.87939
0.20882
-0.41535
-1.0079
0.19129
0.019593
-0.8687
0.6575
0.074194
0.3203
-1.3618
0.73386
0.12681
-0.8674
1.0741
-0.58557
0.89865
0.0041991
2.5257
-1.1884
0.34445
0.017175
-2.1341
-2.1785
-0.15108
0.10702
-2.1377
-2.23
1.4489
-0.75306
0.44776
1.7414
-0.4921
-0.50892
0.67702
0.19215
-0.69102
1.7432
-0.81487
1.4402
0.74415
-0.57134
-0.5051
-1.4174
0.79401
0.049384
-0.26979
0.23648
-0.15146
0.13916
-1.8819
0.496
0.17892
1.0287
0.059072
-0.31102
-0.74808
0.20464
0.27499
1.6998
1.6156
-0.58549
-1.2738
1.0698
0.4199
0.9807
0.68233
1.417
-0.16343
-0.6381
-0.10575
0.44928
1.531
0.51445
-0.13226
0.24295
-1.0201
1.8487
-0.27335
1.5304
0.058906
0.25559
-1.4433
0.21272
-0.99478
-0.17232
0.61857
1.2396
-0.30531
-0.90992
-0.97068
-1.3652
-0.71259
-0.44451
-1.1418
1.2309
1.3773
0.035788
-1.5464
-0.018698
0.045302
0.84528
-1.4187
-1.5714
0.62965
-0.063108
0.96507
-0.69664
-1.385
0.3661
-0.2565
0.94582
-0.64333
-0.14692
-0.099654
0.52967
1.6586
-0.62187
-1.3294
-0.077302
-0.29921
0.72216
-0.53979
0.35278
0.8645
0.90482
-0.63135
-0.51443
-2.7788
-0.8104
-0.15886
