1.5364
-0.7704
0.061657
-0.42649
-0.67836
-2.4714
-0.28604
-0.63168
1.534
0.11685
-0.094585
0.35388
1.7371
-0.77862
-0.099027
1.8345
0.094084
1.3669
1.0955
0.83034
0.39331
0.41011
-0.61642
-0.18575
-0.73016
-0.23079
1.4946
0.96465
0.94897
-0.15512
0.21835
0.39175
-1.0365
-0.38906
0.72449
0.50947
1.0093
0.21052
-0.6844
0.43904
-0.89981
-1.4771
-0.47083
-1.12
0.80671
-0.78478
-0.71562
-0.47316
-1.015
0.78364
-0.82922
0.36214
-0.92531
-1.8803
-0.01802
-1.2605
-0.051529
0.47608
-0.57164
-1.407
-0.10253
2.1333
0.4367
0.86818
-0.57182
0.35362
-0.070377
-1.0963
-0.039302
0.18982
-0.83442
-0.78647
-1.2254
-0.1602
1.2542
-0.82196
-0.36948
0.63555
0.7436
-0.17731
-1.0923
0.8684
0.17952
0.068765
0.28661
-0.65574
0.69403
0.89422
-0.11748
-0.67475
-0.15469
-0.51335
-1.4152
0.28661
1.2658
1.5115
0.38063
0.71397
-0.54603
1.2267
1.0834
0.52809
0.54295
0.57139
-1.0771
-0.21248
0.79642
-1.5
-0.85769
-0.2089
0.24899
0.14089
1.8647
-0.15677
-0.17502
1.6097
0.27696
-0.74318
0.84815
-0.64892
0.58287
-0.56283
-1.9903
0.092994
0.10418
-0.71085
0.49189
-0.23272
-0.38856
0.23682
-0.46373
0.28961
-0.44717
-1.2395
-2.5857
0.23319
0.075485
1.3563
1.0248
-0.16463
0.50144
1.1664
0.40763
2.1643
-0.065106
0.84933
-0.66458
-0.11922
1.0583
0.031183
0.99134
-1.4828
1.0232
-0.54184
-0.69273
-2.1599
-0.84181
1.0051
1.1283
-1.4284
-0.070765
0.93773
-0.44496
1.4543
1.785
-0.51636
0.16196
0.68652
1.1059
-0.40969
-0.59985
-0.069512
0.7058
-1.4565
0.92353
0.75901
0.66967
0.19934
-1.0627
0.19124
-1.4728
-0.34466
1.5093
0.66628
-0.39115
1.1517
0.54804
-0.99474
0.18555
-1.524
-1.0346
1.3211
-0.34012
0.9301
0.15339
1.3635
1.5276
0.054151
-0.64578
-1.4076
0.65878
0.50187
0.30852
0.044011
0.39419
-0.43137
1.6679
-1.3495
0.27545
0.40355
-0.47882
-0.358
-0.42914
0.42706
1.9868
-1.887
-0.75028
-1.2944
-1.3396
0.36815
-0.079414
1.0641
-1.2811
0.055097
1.2853
0.56872
-1.225
-1.2992
-1.9671
-1.0139
-2.6657
-1.0537
0.61853
1.0324
0.38952
-0.059195
0.28197
-1.5975
1.4903
0.14284
0.97148
0.62114
0.073914
-0.86795
-0.51619
-0.3788
-1.0811
-0.093127
0.5323
-0.68708
0.36205
-0.6508
1.7301
-0.46561
1.3757
0.040203
0.42971
0.67324
1.1311
0.98001
-1.0149
-1.2217
-0.29195
-0.65772
-1.1062
0.25453
-0.74869
-0.12258
1.739
-0.63116
0.7491
-1.5564
-0.34373
-0.29926
-1.308
-1.2211
0.70224
0.62165
-0.33749
-0.022303
0.90679
0.74802
-0.12058
-0.60828
-1.3193
0.0090466
2.0024
-0.84208
0.56793
-1.0789
-1.7457
1.5939
0.49632
-1.0379
0.9192
-0.8578
-1.4964
-0.9118
1.4953
0.054587
0.38278
1.1185
-0.42347
-0.53558
-0.31506
1.471
1.6975
0.93314
-2.486
-1.8461
1.0574
-0.55466
1.0511
-1.0955
-1.584
0.83806
0.44762
-0.40792
0.47643
-1.904
1.0077
-0.49503
1.1768
-0.89014
0.82148
0.15374
-1.3387
-1.6023
0.52735
-0.36222
0.82838
-0.98723
0.40565
0.54935
-0.8712
0.90587
0.18419
-0.1085
-0.63159
0.35908
-0.042736
0.42537
-0.12353
-1.7515
-1.0287
0.67926
0.15791
-1.1557
-0.33731
0.37981
-1.0244
0.46487
-0.27182
-0.18203
-0.59329
0.065138
1.3414
0.70525
-0.95443
-0.90922
-1.7133
-0.0040782
0.0047234
-0.48458
0.63418
0.52173
-0.2909
-0.28221
-0.04106
-0.49946
-1.3403
-0.99332
-0.09512
-3.5701
-0.12746
0.4823
-0.071708
-1.0059
-1.699
1.3011
1.0229
-1.5706
-0.31546
0.9397
0.87306
1.3643
-1.1508
-1.2826
0.059672
0.17679
0.19252
-0.11609
1.1872
-0.81395
0.56742
0.52395
-2.9276
2.5856
-1.2467
-0.018593
0.22876
-0.5497
0.15776
0.42011
0.49481
-0.36198
-0.60599
1.039
0.71545
2.0157
-0.75216
-0.18212
-1.3073
-1.2295
-0.59046
-0.16019
0.039145
0.81329
0.52921
0.15843
-0.38361
-0.72545
0.21316
0.33746
1.0047
-0.078382
-0.47389
-1.8089
-1.8932
1.276
-0.34605
-0.61445
-1.415
1.7865
-0.56869
0.76244
-0.14402
0.68483
-1.2584
1.0931
-1.789
-0.46429
0.58718
-1.4587
1.6142
-0.57781
-0.2365
-0.19855
0.47089
1.4722
-0.86516
-0.63609
-0.079268
-0.13984
0.5668
-1.1018
-0.70475
1.1047
-0.18182
-0.39546
-1.6297
-3.2681
1.1373
1.7315
-0.23522
1.1522
0.96339
-1.3169
0.21363
-0.22959
1.4426
0.51193
0.687
-0.050001
0.18365
1.1384
-0.64803
1.04
-0.34423
0.85852
-0.12542
0.68331
0.83935
-0.40001
1.0033
0.66037
0.14363
0.16441
1.7156
-0.82815
-0.01419
0.9536
-2.1293
0.8678
0.4706
-0.63794
-0.66414
0.51642
1.9787
-0.22464
1.9491
1.2548
-1.0011
-1.9437
0.0034552
-1.1474
-0.2499
-1.1682
2.6378
-1.5414
-0.73323
-1.4532
0.9942
-1.7397
0.65381
0.14782
-0.96485
-0.047219
1.076
-0.92749
0.32593
-0.11514
-0.6331
-1.8176
-1.4369
-0.86301
-0.58528
-1.7362
-0.62776
-0.15508
-0.19203
-0.80201
-0.22437
-0.98414
0.48707
0.66758
0.98344
1.1453
0.35325
-0.37298
-0.50493
-0.06184
-0.80531
0.80063
0.7166
-1.0128
-0.5605
-0.39621
0.65665
1.157
0.74896
-0.73412
-2.0084
-0.034843
0.19179
-1.1585
1.3607
1.3827
-0.10932
1.0245
-0.52529
-0.36474
-0.022056
-0.88853
0.92648
0.60255
-1.4018
0.42382
-0.84487
0.17191
0.84563
1.8053
-0.22498
-0.74476
0.64996
-0.56862
0.32621
0.87259
-1.6577
0.94067
0.77294
-0.16959
-0.090363
1.3641
-1.3082
-0.5563
-0.24411
-0.68316
-1.5572
0.24779
0.84948
0.22668
0.82424
-0.61621
-0.8451
1.0346
0.81042
-0.76641
0.3054
-0.64629
-0.31241
-0.94673
0.1215
0.10437
0.44835
-0.51408
0.19595
0.77102
0.074192
0.17615
-1.1705
-1.1785
1.0999
-0.30373
0.69018
-0.48171
-0.58846
2.4871
0.77797
-0.3803
0.45415
-1.297
-0.29932
0.26533
-0.44155
1.2085
0.88575
0.076009
-0.96518
0.28059
0.49413
-0.43715
-0.15446
0.088842
0.5671
-0.71293
-1.11
0.5766
2.1368
0.057926
0.34803
0.37825
1.5032
1.9585
1.0733
2.8874
-0.74892
-0.35896
2.1372
1.8371
-0.70419
-0.78583
-0.048606
0.56123
0.52546
0.40551
-0.77807
0.067096
-0.62378
1.2643
-0.31552
-0.52066
-1.0903
-0.39177
0.30303
-0.8111
-0.74371
2.0537
0.083161
-1.5263
0.37932
0.82685
-1.0022
1.3598
0.88028
0.80668
-1.7192
0.16193
-0.70782
-0.087232
0.07585
-0.21014
0.022744
-1.106
-0.034891
-0.19256
0.12913
-0.14444
0.76903
-0.69848
0.47672
-0.75486
-0.985
-1.3509
-0.62802
-1.8502
-0.38264
0.81215
0.24063
0.34436
-1.6493
2.6242
-1.03
-1.0033
-1.6768
-0.59632
-1.0097
-0.44583
-0.33256
-1.3097
0.55836
1.1165
-0.12556
-1.2036
1.3189
-0.57993
-0.28914
0.30068
-0.7125
1.8417
0.67222
-0.67501
-0.040015
-0.026165
-0.2962
0.7248
-1.0853
-0.089135
-0.37054
-0.01867
-0.70977
0.72423
-0.84868
0.70196
-0.82476
-1.3851
0.31794
-0.13606
1.0562
-1.3641
1.3324
0.40218
0.86758
-1.4962
-0.012583
-1.2903
-0.88901
-0.85441
-1.6955
-0.34334
-0.32683
0.81005
0.56027
1.0846
-0.46491
-0.73822
-0.12722
0.65574
-0.5163
-0.44417
-0.32273
2.7079
-0.77388
0.45846
-0.11363
0.26335
1.5082
0.61776
0.052663
-0.30308
0.72572
1.9445
-0.74355
-1.984
1.8163
0.17019
-0.76076
-0.055461
0.40094
-0.61024
0.85164
3.0613
-1.7371
1.1748
0.97039
-0.26706
1.9509
-0.32544
2.1616
-0.27744
-0.55336
-0.74865
-2.3089
-1.279
-0.32909
1.2132
-0.51251
1.005
0.67471
0.64958
0.28446
-0.13465
-0.14679
1.6888
-0.90802
0.032508
-1.2053
-1.2969
0.0084095
-2.7764
0.078064
-0.70096
0.60548
1.2822
1.4685
0.97992
0.1407
-1.3157
-2.2285
-0.94264
-1.2324
-1.0496
0.24708
1.3779
0.88558
1.2644
-0.69796
1.2684
0.85943
-0.38338
0.5711
-0.85065
-0.10131
0.7707
0.17857
2.0696
-0.12064
0.7113
0.42268
-0.74512
1.6723
0.28187
-1.0288
-0.34458
-0.093781
-1.1285
-0.31647
0.90636
1.3733
-0.76013
-0.44747
-0.24981
-0.99952
0.34557
1.684
0.68224
-0.87502
-1.5436
-0.17568
2.3096
0.4707
-0.52799
-0.1988
-0.48584
0.97664
-0.86391
-1.6308
-1.4295
-1.3826
-1.3005
-2.2157
-0.89542
-1.4395
0.23154
0.74059
0.96444
-0.63844
-0.44915
-1.3396
0.18851
-0.51919
-1.3235
0.99181
0.57261
0.48095
-0.69681
2.1619
-0.70309
-1.2498
-2.4911
-2.1651
-1.0903
0.67101
2.2179
-0.8758
1.066
-0.73163
-0.069957
-2.2168
-1.0163
0.041319
0.1541
-1.4719
1.0416
-0.44398
1.1348
-0.25638
0.60415
-0.86707
1.4161
-0.99698
-0.64112
-0.15993
0.8876
-0.9553
0.26359
0.27979
1.2222
-1.1649
-1.2459
0.62874
-0.75971
-0.17317
-1.3552
-0.0043577
-1.0516
1.1695
-0.24856
-0.91387
-1.4797
0.32541
-0.906
-0.26875
0.45135
-0.40524
0.70921
0.53303
-1.0384
-1.2355
-0.085988
-1.5846
1.5992
-0.32646
1.1742
0.71493
0.50653
0.75851
-1.0235
-0.80955
-0.33091
-0.80587
-0.60976
-0.76842
2.9527
1.711
-1.2683
0.56075
0.95106
1.8585
-0.34154
0.062619
1.1762
0.0043364
-1.2966
-0.53447
-0.46691
-0.91084
-0.89732
-0.7419
0.64137
1.4324
-0.086325
0.46333
-0.51376
1.3342
0.95517
1.6009
0.77358
-0.77545
-0.48731
0.1663
0.24323
0.1082
1.6208
-0.75908
-1.2131
0.44471
-0.22217
-0.66192
0.35405
-1.5517
0.76214
0.60747
-0.39766
-2.8367
0.049167
0.35328
0.56516
0.39123
-0.033136
