0.61764
-0.16831
0.10882
0.65626
0.86715
2.319
1.8761
-0.84019
-0.9101
0.63309
0.61646
0.1335
0.34946
-0.064063
-0.25416
0.82341
-1.0429
0.61099
0.31795
0.36268
0.34669
0.91168
-0.35517
0.41415
-1.8295
-1.5677
-1.1175
-0.18659
-1.6467
-1.7592
2.101
0.46866
-1.8009
0.43363
2.1633
2.8211
1.0822
-0.056771
1.3302
0.13759
1.4086
1.6269
2.348
0.040358
-0.76163
-0.70377
0.76169
1.6667
-1.4628
0.23392
-0.31235
0.10153
0.31752
-1.2417
0.25307
0.38931
0.26175
0.12251
-0.1674
0.23709
-0.0865
-0.36002
-0.75347
-2.8467
1.0854
0.9052
-1.3998
1.3046
1.5107
1.376
0.63668
2.258
-0.025337
-1.1654
-2.8607
0.18693
-0.19938
-0.81189
-0.13886
1.3219
0.19068
1.0874
0.36926
-1.7803
-1.3001
0.50114
-0.31263
0.87094
2.7506
-0.5705
-0.75065
-1.1686
0.9293
0.42247
-1.9872
-0.83535
-1.1679
0.57934
1.4026
-2.6047
0.25087
1.5192
-0.18225
0.89372
-0.19409
0.48583
-1.4058
0.21282
0.62323
-0.94886
0.79303
0.39844
0.82129
-2.157
0.14876
1.0739
0.75745
1.1302
-0.44939
0.12769
-0.1666
0.48054
1.4876
-2.2181
-0.58422
0.76604
0.091039
-0.92095
-0.26057
0.36869
-0.96368
-0.82438
1.8529
-0.59953
-0.29062
-0.34388
1.2571
-0.36939
1.9931
-0.47206
1.461
-0.65487
0.72352
-0.29301
-1.1828
-0.68236
1.0935
0.10515
-1.5064
-0.98549
0.92045
-0.23942
1.3008
-0.37694
-1.0651
0.34206
0.84947
-0.12402
-1.1859
0.3152
-1.2465
-0.0018611
1.1655
0.12615
0.20284
-1.5096
0.44788
1.0506
-0.26865
-0.53206
1.1275
1.1753
0.147
1.4394
0.051945
0.56775
-0.76987
-0.76122
-1.3782
-2.0081
-0.34982
-1.0075
-0.63474
0.093994
0.49619
-0.99962
0.96576
-1.2442
0.5487
1.3632
1.0891
0.24692
1.1039
-1.6602
-0.81245
-0.63174
1.1385
0.015295
-0.28673
0.13023
-1.389
-0.57002
-1.3451
-0.87782
1.9345
-0.44098
0.29997
0.58126
0.43008
-0.038243
-0.65568
-0.019506
-1.2397
0.11869
-1.3101
-1.4264
0.8385
-1.819
-0.22971
0.99817
-2.4354
0.59714
-0.32606
-1.5407
-1.1868
0.43585
0.99676
1.0365
1.0985
-0.23859
1.4201
-0.86174
0.62947
-0.1256
-2.4171
-0.54735
-1.0276
-0.3746
-0.84123
-0.088146
-0.78809
1.0345
-0.65275
-0.86107
1.3853
-0.59
0.6651
1.1189
-0.040514
-1.8775
-0.050901
0.76585
-0.85865
0.37523
-0.21832
0.77496
-0.18985
-0.84186
0.28019
-0.17352
-0.049443
0.55254
-0.23591
-2.0821
0.70562
-0.73737
0.27131
1.8207
1.3487
-0.25875
-0.36916
0.363
-0.69062
0.45006
0.54093
0.85936
-0.83499
1.7055
-0.86565
0.67273
-0.74895
0.089129
1.2772
-1.4453
1.7967
-0.39286
-0.45751
0.0041862
0.10854
1.2807
1.0279
-0.3137
-1.6425
0.051446
0.23991
0.98393
-0.4335
-0.80852
1.3662
1.118
0.35856
-0.93883
1.5722
-0.30914
1.2672
-0.77646
-0.0927
0.96385
3.1922
-0.26709
-0.42107
-2.0504
0.039519
0.41517
0.89887
1.6842
-0.45283
-0.34597
1.2332
0.34377
0.7582
1.7698
0.10171
0.10691
2.5825
1.7254
2.5073
1.5303
1.244
0.42446
0.13528
0.11418
-0.10267
-1.6888
0.86245
0.056382
-0.12776
-1.0476
0.86376
1.6955
0.51099
1.2405
1.1941
-0.4681
-1.0037
0.27549
1.5521
0.19537
-0.10897
-0.91376
0.87681
0.30974
1.3133
-0.82675
0.093394
0.38967
-0.43709
-0.37119
0.70069
0.19966
0.25456
-0.12864
-0.28521
1.5964
0.93928
0.68807
-0.52555
1.1047
-0.33274
0.96742
-1.7844
-0.38088
0.832
-0.16571
0.4843
-2.0353
-0.10876
-0.90583
-0.21644
-0.47487
-0.54637
1.2674
2.3433
-0.49268
-0.47202
-0.75798
-0.44728
-0.87158
0.40007
0.23306
-0.6626
-0.80226
-0.16193
-1.0824
-0.2375
-0.15419
-2.1941
-0.083249
-0.44267
0.087518
-0.30136
-1.7633
-1.0375
-1.6162
0.51558
-1.1429
2.01
-1.0234
-0.17061
1.0727
0.13367
0.4009
0.99116
0.54544
-0.59803
-0.79886
-0.89379
-0.37087
-2.6579
-1.1167
0.57838
-0.55592
-0.43796
-1.1804
-0.68377
1.1768
-0.82351
0.20032
-1.3327
0.42689
1.1067
-0.32789
0.48978
0.29904
-0.26648
-0.18499
0.33322
-0.88109
-0.43619
-2.3515
-0.88374
-0.39251
-0.41424
-0.37923
0.7528
0.60534
-1.5851
0.76386
-1.5087
-0.91823
-2.6629
0.26656
-0.66435
0.622
1.3888
1.9644
0.4003
-0.038894
0.42573
-0.086199
0.95616
1.2887
-0.51468
0.8358
0.23833
0.59703
-0.30451
-1.4159
-0.46089
1.4968
0.026981
1.0831
0.56424
0.26678
0.2014
-1.0091
-1.4045
-0.74464
-1.0437
0.90097
-2.8158
-0.010782
-0.57138
-0.10691
-0.078926
-1.8603
-0.11095
-0.25471
0.12736
0.8932
-0.6914
-1.135
-1.0144
0.77892
-1.511
-0.81078
-0.028399
-1.7112
1.6613
-1.9311
-0.8394
1.2525
0.23122
0.20099
1.0817
2.1669
-0.10632
-0.90528
2.0308
1.5995
0.12181
0.45928
1.5308
1.4848
-0.62543
0.65172
1.5637
0.56961
-0.36301
2.6564
0.5027
1.1051
-0.43378
1.0087
-0.23726
-0.5397
0.53768
0.37711
0.67166
0.39687
-2.251
-1.2186
0.36456
-1.7802
0.38622
0.40277
0.37639
-0.81978
-0.01864
-1.4055
-0.88585
-0.18879
0.71411
-0.55632
-1.9296
-0.111
1.7269
-0.12645
-0.22243
-0.13148
0.83047
-1.3676
0.97667
-0.36244
1.2438
2.2205
-0.19797
-0.39963
0.51905
-0.23754
0.76359
0.17183
1.2221
0.69703
-1.1251
-1.1018
0.93778
-1.3154
1.6352
0.84049
0.18309
-0.29115
0.11039
-1.7121
2.2294
-0.301
-1.3092
-1.0506
-0.99259
1.2242
0.51416
-2.2476
-0.61302
0.17784
0.58058
-0.78615
-0.65644
0.66815
0.87979
0.87079
-0.36186
-0.95954
-0.59633
0.072253
1.3527
1.6198
-0.70651
-0.38493
-2.0113
0.13057
0.012675
0.25542
0.5932
1.7094
-1.5708
0.17209
-0.44946
0.65441
-0.93833
1.8349
-1.9258
0.91688
-0.30181
-1.3717
1.5812
-1.5421
-1.6975
-0.85195
-0.12498
-0.72066
0.2291
-1.5565
1.591
0.84361
-0.025238
0.052582
0.25739
-1.8455
-2.0307
2.7156
2.0981
0.91492
-0.47008
1.2593
2.7202
0.50503
-2.2689
1.4008
0.58712
-0.24429
-0.38695
-0.86514
2.6993
-0.39938
-0.28935
0.31023
-0.94397
0.44544
-0.25102
-0.049176
-0.0063646
-1.1261
1.5623
0.0090507
-0.91976
-0.84749
-0.18419
0.70744
1.5372
-0.79107
0.3768
-0.5575
0.33814
2.1451
0.27836
2.223
0.60585
-2.3001
-0.84339
1.0148
-0.63688
0.24534
0.36089
-1.4152
-1.9769
0.53939
-2.3605
-0.96319
-1.1421
-0.68244
-0.011578
0.26246
-0.82436
-0.63927
-0.49333
-0.64119
-1.5964
0.22599
-0.34392
-0.024196
-0.59335
-0.1499
0.089779
1.2734
-0.21112
-0.22581
1.2075
0.21057
-1.2674
-0.49522
3.0902
1.1483
2.0656
0.12722
1.1697
-0.64673
0.20392
0.84737
1.7913
1.4482
-2.0696
1.7732
0.79319
1.9799
-1.1157
-0.069762
-1.229
-0.026409
-0.033087
-1.1441
0.61186
-0.85385
-1.9902
-1.4125
-1.0884
-1.5915
0.36101
0.92062
0.77133
1.8977
0.90282
-1.1988
-1.4384
-1.3947
1.0635
0.48666
-0.66111
1.0842
-0.40381
0.37426
1.0248
0.82984
-0.74232
-0.43409
0.21193
1.0342
0.72513
-0.67195
0.73636
0.27814
0.45645
-0.85887
-1.1325
-0.78634
0.18057
-0.082026
0.22301
-1.4031
0.48346
-0.94153
-0.48536
-0.85822
0.022763
0.74006
-0.73607
0.25035
-0.092699
0.3515
-0.48524
0.19626
1.3474
0.10413
0.99249
-0.87795
-0.32176
-0.86047
0.024593
-0.39546
-0.14481
0.39098
-1.4766
-0.12742
-0.67075
-0.9014
-0.047006
-1.2279
-0.22988
0.14711
2.1274
1.4984
1.9681
-0.4091
-1.7492
1.7974
-0.19194
1.2843
1.259
0.68959
-0.51692
-0.85775
1.2573
-0.78669
0.85517
0.48343
-0.38833
-0.91429
-0.31352
-1.1744
0.95146
-1.8112
-1.4789
-1.8881
-0.55504
0.67982
-1.1151
0.049492
0.41957
-0.40053
-0.33074
-1.8924
-0.44547
1.0465
-0.14615
-0.93058
-0.27038
0.89502
-0.45981
-1.0962
1.2209
-0.62631
0.70095
0.078417
0.53659
-0.90977
0.98301
1.0371
-0.94651
-0.63976
-0.94947
0.29365
-0.49136
-0.33449
0.30219
0.2318
-0.94787
-0.64902
0.7201
1.0109
-0.70939
0.33636
0.16266
-1.5989
-1.2469
-1.2248
0.22728
-1.0215
0.68889
0.76521
0.15736
-1.6197
-1.6354
-1.6751
0.41892
1.1143
0.43705
1.9855
0.18724
-0.43256
-1.0635
0.44527
-0.45461
0.020104
2.3324
0.23062
1.7281
1.4939
1.5237
-0.29046
-0.93066
-0.84822
-0.57387
-1.188
1.258
-0.58123
0.36219
0.86806
0.78579
0.63433
0.66951
-0.6806
0.52386
1.5946
-1.1572
-0.79361
0.93786
-0.76072
-0.74313
1.7229
-0.95622
-0.72255
0.3266
-0.72933
-0.53639
0.28055
0.75738
-0.0064914
1.2984
1.6007
-0.13008
-1.4513
-1.6017
1.5126
-0.10361
0.75975
0.38151
-0.77264
-0.043962
-0.0054219
0.28501
0.2875
0.98749
-0.076236
0.49968
-1.7388
-1.2712
1.8606
0.38211
0.37164
0.90938
-0.83398
0.87565
-0.61921
-0.69228
-0.92771
0.28798
-0.88689
0.092975
0.74976
-0.52603
-0.21523
1.4689
-0.13655
1.7299
-0.57955
-1.1006
0.4264
0.43021
1.5613
-0.24345
-0.67468
-0.45202
-0.96189
1.1732
-1.6889
-1.052
-0.75212
0.88715
0.18646
-0.09577
-0.70021
0.31168
0.33586
-1.8463
-0.72793
1.5266
-1.2438
-0.25744
-0.77279
1.8131
1.3935
-0.75296
0.1665
0.46727
0.1558
-0.2495
0.77451
0.78656
-0.22703
-1.4886
0.77628
2.0482
0.093128
-1.2293
0.95167
0.26727
0.071821
0.31409
0.2285
0.48504
0.97792
0.50703
-2.3105
-0.79141
0.47538
0.79434
1.2007
-0.094776
-0.18002
-0.40825
0.54319
