1.0627
-0.4912
-0.49067
0.46939
-0.1494
2.0397
-0.73905
1.2464
-0.091089
-0.42633
2.0015
1.5774
-1.3643
-0.11863
0.19282
0.54287
-1.2164
0.58626
0.83001
-0.4841
0.61025
-2.1422
-0.29016
0.12176
-0.015824
-0.25145
0.61908
-0.4777
0.63605
-1.72
0.93296
-0.44842
0.023279
0.65167
1.6464
0.3213
0.51748
1.326
-1.2192
0.21275
1.126
-1.6551
1.0027
1.391
-0.60078
1.8959
0.35387
1.3992
0.90568
-0.36743
-0.75813
-3.0049
-0.2142
0.76668
-0.1577
-0.95087
1.2039
0.75233
0.23385
0.048992
0.42227
1.0853
0.6281
1.9749
-0.18537
-0.74016
-0.2124
2.3446
0.4923
0.18007
-0.91716
-0.099892
-1.1585
-0.52596
0.4063
0.45395
0.86625
-0.089721
0.0094402
-0.59869
-1.1474
-0.57944
0.91737
-0.22809
2.5401
-1.3344
0.61541
0.1124
0.47422
0.55336
1.4153
-0.89854
0.98101
-2.4171
0.45289
0.043747
-0.23794
-0.036925
0.91061
1.7265
-0.91895
0.68817
-0.91689
0.084723
2.9867
0.25161
-0.018014
0.29101
0.39419
2.3524
-0.068313
0.96008
-0.89109
0.51837
-0.62559
0.71421
0.84462
1.2015
0.49824
1.0918
0.92364
-0.23177
1.2232
1.76
-0.37666
-0.68558
0.15606
-1.5979
0.0018295
-1.2181
0.36951
1.6573
0.075277
-0.36735
-0.33061
-0.68112
-0.89333
-0.58576
1.7475
-2.0039
0.4119
-0.11043
1.795
1.3392
0.95313
-0.17291
0.69837
0.57506
-0.76341
-0.013606
-0.17453
0.65019
-3.159
1.1107
-0.94149
-0.64289
-0.84418
-0.035256
0.17575
0.27701
-0.86782
-0.81362
0.26616
0.60202
-0.85166
0.045959
-1.354
-0.28361
0.63768
-0.010474
-0.50442
0.73793
0.077528
-1.1176
-0.39747
0.040638
0.16712
-1.4877
0.48456
-0.26051
0.73832
1.357
-0.098763
1.2566
0.18342
-0.25236
-0.032557
-0.94785
0.0075061
2.3625
2.5244
0.46706
-0.062641
-0.6409
0.2158
1.5974
-0.44108
-0.24227
-0.12844
1.2079
-1.9969
-0.066068
0.93173
0.30639
-0.44196
-0.51998
2.3003
-0.037467
0.68241
0.68683
1.4671
1.1994
-0.051322
0.18058
-0.074308
-0.78066
1.0051
-0.04084
-0.74158
-0.57154
-0.38154
-0.41749
1.5224
1.1511
-0.55522
-1.7723
-0.91972
0.25471
-0.40284
-1.2835
0.12585
-0.11724
-0.044997
0.61987
0.97443
0.56307
0.37025
1.7516
-0.12606
-0.22073
-0.096449
-1.6416
-0.10806
1.8984
-3.0131
0.61267
-1.5972
1.4983
0.4736
0.60436
-2.0632
-0.47172
1.6033
-0.31765
-1.7015
0.2901
0.016115
0.71579
-0.40405
0.31416
1.5027
0.005941
0.1371
1.2822
1.1987
0.031024
-0.87585
0.083257
-0.5532
-0.18198
-1.1299
-0.19921
-0.30006
0.87017
0.78894
-1.0112
0.28444
0.56062
-1.4265
-1.0658
0.58362
0.38102
0.40565
-0.49037
1.5477
-0.78913
1.4576
-0.55876
1.6005
-1.3561
-0.13763
-1.2008
0.16589
1.5207
0.56518
-0.1894
0.35204
0.80416
1.203
-1.8169
1.0261
-0.55833
0.45442
-0.35928
0.3597
1.451
-0.79287
0.30663
1.2989
0.11335
-0.34938
-1.2745
0.77244
-0.81629
-1.9542
0.36114
0.48691
-0.73688
-0.5498
-0.16109
0.45704
0.79145
1.1481
-0.76763
1.8862
1.5389
0.087947
-0.98663
-0.32885
-0.51375
0.58338
0.24595
-1.4664
2.6471
0.3808
-0.1913
0.27909
-1.3552
1.2588
0.37269
0.07229
1.0094
0.55928
0.34302
0.17796
2.9011
-0.60658
-0.61076
1.1577
-1.6592
-1.6959
-0.17973
0.00031229
0.83641
1.3387
0.73182
-2.9739
1.1448
1.723
0.54414
-0.34523
0.71839
0.78161
0.11172
0.85985
-0.74579
1.0108
-0.29139
1.0076
-0.026044
-0.78277
-0.44892
0.06178
-1.2935
1.4276
-0.22901
1.738
-0.19589
0.086855
-1.8977
-2.3825
0.13153
2.6329
0.90846
0.11978
0.74144
0.043357
0.69541
1.2305
-0.065911
0.43631
-1.0095
0.24919
-0.17033
2.4372
0.25577
0.020512
-0.26283
0.20479
-1.8129
1.346
0.24357
-1.2076
0.52832
-0.73028
0.58279
0.41921
1.1547
-0.6647
0.92395
-0.44913
-0.8979
0.43691
0.90982
0.54902
-0.011444
-0.26275
-0.2598
1.2232
-0.01231
1.0504
0.24267
0.69571
0.0066695
-0.66531
-2.8521
0.64586
-0.049289
-0.77637
-0.16645
1.596
-0.083176
-0.23623
0.47177
-1.6622
2.0317
-0.88056
1.1651
-0.67581
-0.20175
-0.42661
1.9332
0.60336
-2.2271
0.51664
-0.67982
1.1827
1.5045
-1.2908
-0.084663
-1.2817
-1.2173
0.31837
0.43739
0.18958
-0.24289
-0.32668
0.60966
0.2157
-0.82779
0.34876
0.033912
-3.0238
-0.18401
-1.7326
-0.26556
-1.0987
-0.1802
-1.0046
0.23106
0.99883
-2.0167
-0.99169
0.25439
0.36905
-1.3533
2.113
1.3135
-0.81609
-0.77512
1.6037
-0.90019
0.36551
0.82233
0.27515
0.31005
-0.63083
-0.79688
0.15638
-0.070251
-1.1066
-0.80697
0.49922
-0.68018
-1.3839
1.8066
-1.0809
-0.74203
-1.3106
1.4442
1.5898
-0.030364
-1.4657
-0.22248
1.6073
-0.026503
1.2708
-0.31322
0.74837
0.17125
-0.76717
1.6962
-0.022744
-1.3437
0.064041
0.096478
-2.5207
-0.022659
0.46555
-2.2843
1.0929
-1.2836
0.39734
-0.46337
0.36062
0.80756
0.023011
0.10686
-1.4636
0.83729
-0.27302
-1.8176
-0.47875
-0.33116
0.34471
0.3245
-1.4371
1.1721
1.3903
-0.7356
0.77085
0.75359
-0.43737
0.42289
0.81018
0.44698
-0.86485
1.5189
0.063595
-2.9317
0.17903
0.78516
-0.10916
-0.88419
1.0036
0.40007
1.1552
0.32993
-0.19778
-1.6698
1.183
-1.5586
-0.24988
-0.35927
0.36621
2.1322
0.25318
0.72249
-0.61057
0.81233
-0.3785
1.6678
1.0555
-0.46372
0.53738
1.6596
1.1918
0.23115
0.80331
-1.1411
-0.12869
0.15099
0.49117
0.80861
0.65536
0.84821
0.10082
0.82398
-0.43722
-1.974
0.31971
2.2995
-0.26312
0.96475
-0.0090237
0.39877
0.16702
-1.5171
0.30697
0.52921
0.6659
0.99698
-0.7174
0.21876
-0.053309
-1.075
-0.98836
-1.3496
1.9065
0.30786
1.4906
-0.11263
0.44004
0.64267
0.81101
-0.99063
0.25585
-1.3028
-0.74675
0.84865
1.391
0.1327
0.49265
0.70254
-0.56922
0.27855
0.25683
-0.051437
-0.53227
0.44307
0.82517
0.79855
0.38518
0.97341
0.40229
0.27118
-1.6801
1.247
-0.97145
0.39679
1.7276
-1.265
0.1995
0.61134
0.11439
1.3732
-0.57328
1.3951
0.056719
-1.6235
0.48413
0.45237
-1.5358
0.62404
0.22677
-0.67156
-2.1534
-0.078196
0.42468
1.1763
0.12631
0.088604
0.99945
-0.29497
-0.41737
-1.5139
1.7706
1.9076
-1.6386
2.8592
0.56848
1.1143
-0.36376
1.6107
-0.58945
0.75025
-1.732
0.53818
0.021915
0.17988
0.45385
-0.64033
-2.5554
-0.15887
-2.1583
-0.3226
-0.71695
-0.042467
1.0207
1.3804
-1.7902
-0.058799
-0.14219
1.4695
-0.15434
-0.11183
0.12171
-0.4131
0.95132
1.9096
-0.99089
0.98377
0.5508
0.59068
1.5596
0.8951
0.95725
0.45525
0.00083379
0.085998
1.1701
0.70225
-1.6303
2.2548
0.80369
1.666
0.40671
-0.48428
0.064048
0.88392
-1.1536
2.5802
-0.1579
-0.68689
0.11922
-0.7728
0.37367
1.3825
-0.70024
0.28221
1.103
-0.2237
-2.6693
1.3802
0.96081
0.17519
0.82145
-1.1539
-0.098122
0.31453
0.50747
0.36447
0.54405
0.72673
0.34042
1.5446
1.3275
0.29804
-0.51993
1.3277
0.58361
0.13608
0.036097
0.1705
1.8404
-1.6332
0.028841
-2.0246
0.082248
0.51606
0.090599
-1.0322
-0.29516
-2.2822
1.3021
0.54174
0.25747
-0.095817
1.3339
0.66481
0.033207
0.074949
-1.0908
-1.3259
0.58406
-1.0621
-0.38606
-1.9751
1.4594
0.2014
-0.77887
0.67681
-0.0082471
-0.65749
-0.70956
-0.92679
-0.72749
0.41563
2.1178
1.1103
1.7656
0.77078
1.3745
1.2786
-0.10769
0.25466
0.27626
1.3241
0.10801
-1.1382
-0.39966
-0.28747
0.99558
-2.183
1.6407
0.5281
0.14978
0.28267
1.4625
-0.085738
0.66966
-0.33411
1.2882
0.47049
0.16938
0.82096
2.6258
1.3962
-0.073018
0.25822
-0.44594
0.98535
-0.55621
-0.89651
-0.12678
1.6742
-1.0798
0.58469
0.28282
0.57584
-0.16551
0.48866
-0.54659
-0.88328
0.28262
-0.2005
-0.1704
0.20326
0.61184
0.9569
-0.24881
-0.22175
-1.609
-0.7814
0.049404
0.80535
-0.78866
-0.53289
-0.30105
-1.4778
0.3452
0.1613
0.39709
-0.46532
0.96
0.7176
-0.44099
0.61461
-0.010515
-0.40636
-1.6727
-0.55932
-0.48288
-1.5215
2.6365
0.33928
1.1981
0.54644
-1.5746
1.5799
-0.42951
0.28355
1.6408
-1.8654
-0.32172
0.77823
-0.6678
3.0828
-0.8522
-0.64465
1.0543
1.0673
-0.66978
0.07656
-0.61538
0.55917
0.33004
0.8601
-0.24568
-0.11686
0.59798
-1.4608
-0.12125
0.7667
-0.76317
-0.47753
1.5009
0.99493
0.23961
0.4613
1.5845
-0.33281
-0.21546
-0.38418
0.092139
0.89188
-2.3261
2.2145
-0.33444
1.5925
-1.0777
0.0076257
0.61386
0.34939
-0.020844
0.55745
-0.17129
-1.1313
-0.58379
-0.5953
-1.1277
-0.92318
1.203
-0.32801
-1.2254
0.97981
0.32002
-0.22889
-1.8968
-0.044195
0.015168
-0.29249
1.7688
1.5916
-0.41477
-0.32512
-0.19431
0.84303
-0.95952
-0.64643
-1.2286
-0.12699
0.71576
-0.067804
0.11417
1.7558
-0.84038
-0.63847
0.82396
-0.12415
0.5485
-0.10193
0.12501
-0.88532
0.81401
-0.77431
1.0741
1.3242
0.051818
1.9982
-2.429
0.26493
-0.17784
-0.21875
0.076126
-0.71159
0.50338
-2.0079
-0.31406
0.24356
-0.15665
-1.7956
0.1301
1.2208
0.17049
0.30118
-1.4159
0.88603
-1.6803
-0.80017
-0.85282
0.097314
0.55087
0.6573
1.4441
0.71177
-1.477
-0.48753
2.0927
-0.29902
0.24493
1.8989
-0.51856
-1.3355
-0.44862
-1.4044
1.4232
0.40455
0.49044
3.5835
