0.37874
-1.0293
1.6313
0.38446
-0.44338
0.036786
0.14722
0.62385
-1.6474
0.17789
-1.6647
0.20078
1.7846
-0.17143
1.1916
0.67188
0.88137
0.2928
0.3816
-1.7096
-0.8469
0.12307
-1.9406
1.1955
-0.66843
-2.5704
-0.19631
-1.3489
-0.27805
-1.1262
-0.31162
0.79236
-0.92486
-0.95995
0.57671
0.42956
0.278
-1.0504
0.29354
-0.83541
-0.72039
0.72415
-1.3782
0.41275
-0.22483
0.64806
-1.5323
-0.47383
-0.37632
0.36543
2.4252
-0.34397
0.47962
-0.094655
0.64442
0.59475
-1.3222
0.80831
-0.22879
-0.6536
3.45
0.57099
-1.2402
-1.0475
-0.62074
-1.4111
1.2058
-0.42824
-1.7114
0.30162
-0.85321
0.23247
-0.39303
0.55765
-0.085366
0.62424
1.7748
-1.2111
0.0059851
0.00341
0.22016
0.2291
-0.90199
-2.235
-1.451
0.44976
-1.0326
-1.6924
1.0437
0.12619
-0.22207
-0.39684
1.2245
0.62649
2.1039
0.9311
1.1835
-1.9338
0.30494
0.30716
-0.37416
1.4767
-0.45258
0.91083
-0.84992
0.30211
-0.39936
0.47262
-0.15779
-1.1003
1.861
-0.05452
1.6095
-0.41566
-0.038259
0.32121
-1.2961
1.3027
-0.38596
0.99935
0.9471
0.3346
1.7005
-0.27648
0.12013
0.49984
-1.5
0.57498
1.3613
-0.3904
0.063789
2.1224
0.853
0.83262
0.49558
0.11604
2.3564
0.32879
0.88798
0.047505
2.1916
-0.91981
-0.40384
-1.964
0.24417
0.82987
1.8788
-0.17659
0.42209
0.18236
-1.4689
2.003
0.19498
-0.18415
1.2079
0.37401
0.14162
1.0384
2.8754
-0.067871
-0.73408
-0.48904
0.091405
0.17923
-0.12526
0.46141
0.29929
1.379
-0.37072
0.11894
-1.0732
-0.762
0.32593
-0.98227
-0.53526
-0.50931
-1.4518
0.26084
0.88167
-1.1848
0.24335
0.27053
-1.885
0.22762
-0.69596
1.0103
0.92411
-0.35009
0.74879
-0.55135
1.4065
-3.6353
-0.032493
-0.43373
1.0468
-1.4746
-1.1617
-1.0754
-0.6592
0.53052
0.69871
1.1362
0.90577
-0.6609
-2.4772
-0.58382
0.13126
1.8151
0.41591
-0.10839
0.91627
-0.23818
-0.66697
1.3269
0.81306
-0.52619
-3.1889
0.69623
-0.3964
-0.13812
-0.11237
-0.16913
0.43247
-0.32794
-0.2247
0.37925
0.53795
-2.0366
0.15924
0.39464
0.0028558
-1.4333
-0.92602
-0.3416
-1.9604
-0.53034
-1.2045
-0.095699
-0.25122
-0.52135
0.83649
-0.2568
-0.32516
-3.1938
0.86352
-0.41246
-0.56175
-0.99093
-0.42595
-1.886
1.6238
2.0218
1.3235
0.044198
-0.20988
-0.17787
-0.50571
-0.31088
0.38756
0.063933
-2.2078
1.2888
0.12218
2.3207
-1.1457
-0.51551
-1.0166
0.081082
1.7911
0.46197
-0.82191
-1.0235
0.3029
-0.12604
-1.6476
-0.46995
0.13291
0.69836
0.28587
-1.099
-0.58452
-0.79699
0.044709
-0.48915
-1.3237
0.52918
1.1819
0.62892
0.63052
-0.43434
0.38989
-0.86146
1.518
0.77648
-0.84026
-1.2129
-1.0173
-0.70773
0.038839
-0.27265
-1.0348
0.27878
1.7435
0.026792
0.26636
0.050699
0.60161
-0.5481
-0.47116
0.20048
0.20877
-1.4646
0.23771
1.8706
0.77318
0.13594
0.91685
1.4216
-1.1227
-1.766
0.89972
-0.39884
-0.88237
0.60897
0.23223
-1.5692
-0.40542
0.11906
-0.038777
-0.048389
0.20857
-0.49583
0.5544
-0.67126
-0.43662
0.27273
-0.053095
-0.5867
0.38465
-1.2951
0.68678
-0.093536
-1.1109
0.23363
0.55484
0.24388
-0.12038
-0.1251
-0.57336
0.47421
1.3568
-0.071405
1.7627
-0.60804
-0.00017218
-0.81387
-1.5926
-1.1744
1.0541
-0.5514
0.076057
-1.5492
0.065557
1.6689
1.2439
-0.40709
0.89606
0.088366
1.1959
0.16843
0.48561
-0.61767
-0.53272
-0.0077974
-0.59573
0.84034
0.07932
1.2667
1.8759
-1.062
1.4459
0.5059
-1.3488
-0.10085
1.1005
0.47278
1.3806
-0.1402
0.065204
1.7833
-0.28274
-0.65611
1.219
0.83947
1.6978
-1.735
0.54693
0.28719
0.85634
-0.37634
-0.38255
-0.2416
-0.96357
-0.37468
0.45736
0.5208
0.96389
-1.0925
2.1136
-1.0714
-0.13071
-0.25389
-0.18749
0.17537
0.55449
1.3776
-0.6232
-1.8755
0.85149
0.16993
0.49691
-0.8289
1.3039
0.48856
0.8544
1.7448
-0.21394
-1.1727
0.36349
-1.0095
-0.98563
-1.3625
-0.63484
-1.2435
2.3181
-0.84431
0.39979
-1.1929
-0.78364
-1.9336
0.12482
0.035826
0.19753
-1.119
-0.55519
0.079242
1.3236
-0.47477
-0.92283
0.12948
-0.87417
0.60857
0.12071
0.37969
-1.5346
0.14808
-0.3606
0.25281
1.1932
-1.624
-1.8674
0.762
0.51796
0.27803
-0.70794
-1.8896
0.2632
-2.2784
-0.19565
0.78948
1.3688
0.063981
0.63258
-0.68765
1.839
1.1939
-1.2627
-0.22134
0.41567
-1.0066
-0.28584
0.49964
-0.57569
1.6749
-1.0382
2.2942
1.0499
0.33398
1.2984
1.945
0.85584
1.7705
-1.7924
0.50322
-0.4418
0.099672
-1.0524
0.13351
1.833
0.21399
1.5813
0.17037
0.52898
1.4809
-1.1897
-0.97392
0.79097
-0.91691
0.14186
-1.2251
-0.98805
1.5965
0.32212
-1.1214
0.30171
0.018462
0.3495
0.81009
0.58574
-0.84007
-0.88876
-1.4052
0.69573
-0.32895
1.7323
-1.4938
1.0544
0.99604
-0.64775
-1.169
-1.2043
0.68343
0.95128
-1.6146
0.18921
0.32602
-1.0238
0.1389
-1.3939
1.0317
0.043562
-0.85874
-0.78889
-0.64002
0.6785
-0.50319
-0.092495
-1.2944
-1.385
-1.4861
-0.53006
-1.368
1.7636
-0.75781
-1.3821
-0.10351
0.17914
-0.20929
0.32538
-0.4804
-0.5336
-0.17176
-1.1409
1.1626
0.046065
-2.4311
-1.0954
1.2321
0.55907
0.022109
1.21
1.0573
0.15418
-0.50754
0.35242
-0.0081002
-1.6786
0.46998
1.1859
0.084436
-0.53124
-0.041288
-0.92185
0.081942
0.76877
-0.34313
1.2763
1.7171
1.6549
1.1036
-1.4145
-0.82522
-0.19416
1.0751
0.58486
-1.1092
-0.81746
1.5175
0.10663
-0.10246
2.23
-0.36386
1.2216
-0.12896
0.23404
-0.21615
-1.3524
1.093
-2.4299
-0.9086
-0.54843
-0.03075
0.45677
-1.062
0.94872
-0.38504
-1.7365
0.48981
-0.22301
-0.98417
0.2951
-1.5158
0.91908
0.15896
0.090107
0.68117
-1.2226
0.17483
-0.1161
1.4385
-0.76472
2.2196
1.5
0.12506
0.76831
-1.8179
1.3491
1.2255
0.43501
1.6992
-1.1624
-0.21001
-0.52621
-0.81586
-1.3015
0.8836
-2.2705
-1.6461
0.41065
0.43835
-0.00035424
0.075727
-1.1252
-0.10709
0.18239
0.71692
0.37378
1.4757
0.77178
-0.059713
0.99078
1.2234
0.3118
-0.26117
-1.3603
2.7135
1.2744
1.0652
0.087785
2.4047
1.2169
-0.44498
1.5954
-0.80327
1.8748
-0.69975
-0.15993
0.3257
0.78044
0.27343
-0.50938
0.2766
0.46185
-0.92628
-0.15375
-0.65366
0.096674
-1.0915
0.47738
-0.73124
0.39153
-0.70072
0.23156
-0.97846
-0.61642
-0.94908
1.9012
-0.34399
0.32567
1.1206
-1.3108
0.14179
0.82878
0.27377
0.23463
1.6795
0.1064
0.56104
-0.88506
0.25559
-1.8203
-1.3459
-0.32128
-0.44761
-0.96566
0.062052
0.47752
-0.037858
-1.2576
0.36166
1.3319
-0.96302
0.26817
1.0189
-0.18403
-0.8699
0.7703
0.4024
-0.45001
-0.073785
-0.098034
0.80695
0.27361
-0.73605
0.54989
0.060182
0.74352
-0.14474
1.7484
0.38289
1.4083
-0.34255
0.47418
0.35668
-0.67757
-0.21854
-0.92333
0.8155
-0.37322
0.19051
0.81115
0.54478
0.92667
1.2624
-1.4643
-1.6269
0.18146
0.88924
-1.4394
-1.5291
0.8911
0.53915
1.6946
0.3167
-0.95003
0.85125
-1.2188
-1.6161
-1.2313
-0.34026
0.86365
0.41181
-0.91328
-0.94559
0.9763
-1.292
-0.20909
0.15767
0.65424
0.1936
1.4292
0.79452
-1.3433
-0.18137
-1.4882
1.9334
-0.30319
0.02052
0.60812
-0.37411
0.37272
0.051725
0.77502
-0.9793
0.23556
0.90189
0.13821
0.16005
-0.83097
0.040824
1.4905
-0.63365
0.42569
-0.22346
-0.17898
0.46543
-0.58543
0.3581
-0.46009
-0.72453
-1.1999
-1.9642
0.093192
1.426
1.3699
2.3987
0.42152
-0.006071
-1.5566
-0.49962
0.91192
-0.46916
-1.5922
1.7229
0.60035
-0.3305
-0.78421
-1.4877
1.3069
0.38659
0.25396
0.43611
-1.352
0.36014
-2.2211
-0.94303
-2.1746
0.93695
-1.1905
0.72464
-0.43589
-0.2984
0.25961
-0.97085
0.8989
0.87057
0.26418
1.2524
2.0411
0.098403
-0.17225
1.1405
-0.68022
0.81906
0.036507
-0.553
-0.22215
-0.98046
-0.17827
-0.81415
0.85274
-0.23006
0.56888
0.035484
0.94981
-0.11784
0.99934
0.083094
1.9591
0.19943
-1.4437
1.1335
-1.7149
-0.3457
1.2874
-0.64417
0.45278
0.14843
-0.81872
-1.8184
-0.56949
-0.49423
0.35693
-1.1403
-0.028016
1.2873
0.65528
-1.0932
0.6669
-0.33185
-0.64876
-0.491
1.5906
2.9986
-0.037688
-0.38572
-0.16868
-1.5021
-0.51774
1.1841
0.39028
1.7395
1.9271
1.2169
-0.38385
-0.74826
0.56245
0.05833
0.011114
0.76866
0.25095
-0.99503
-1.1168
-0.12625
1.0328
-1.5188
-0.95583
-0.14469
0.33074
0.18534
0.30321
-0.48717
-1.0188
0.27604
-0.98755
1.1188
0.021858
-0.65796
0.60164
-0.056749
-0.21598
0.11317
2.0516
0.54857
0.52049
-1.4323
-1.4613
-1.0877
-1.5718
-0.49544
-1.3532
0.74279
2.2184
-0.80601
0.10621
-1.142
0.31427
1.5377
0.13825
0.90072
0.78951
1.6992
-0.509
0.33972
1.332
-0.5146
-0.14368
-1.4967
0.086424
0.67883
1.0994
-1.7077
0.50122
-0.2292
1.3688
1.2024
-1.9566
0.81735
1.4245
-1.0745
0.51299
0.53882
1.0352
-1.2346
-1.2467
1.756
1.1036
-1.4641
0.077937
0.87941
0.13552
-0.28763
1.0416
-1.3311
-0.53434
0.70624
0.14772
-0.77399
-0.90764
0.74526
-0.21704
-1.1148
0.95414
-0.79328
-0.28593
-1.1913
-0.56844
0.96021
0.24577
0.23638
