-0.76063
-0.90614
0.91517
-1.965
0.6841
2.0242
0.92846
0.065013
0.17266
0.64174
-0.092592
-0.1323
0.20228
-1.515
-1.8018
-0.62779
-1.4043
-1.2158
0.09699
0.51671
-0.13221
0.44656
0.74526
-0.5685
-0.95117
1.0073
1.2088
0.00085173
-1.7008
0.28929
-1.0075
-0.23138
0.45188
0.084521
0.55872
1.1798
-0.081667
-1.4479
1.5407
1.5631
-0.037726
-0.16058
-1.6316
-0.056806
1.7355
-0.067738
-1.2683
0.31694
0.63547
0.84237
1.0212
1.3233
1.2462
0.30072
1.4105
0.10135
1.2854
3.1053
-0.018926
0.86172
0.55116
0.47049
1.4775
-0.15697
0.074045
1.4002
-1.0637
0.85405
1.1895
-0.37128
0.069053
0.30859
1.8094
0.17408
-1.4195
-0.76678
0.027391
-0.14635
2.0375
1.4041
-0.72966
0.12303
0.14197
-2.7357
-0.81315
-0.45046
0.54727
0.75058
-0.50881
0.99172
-0.13489
1.1833
-2.3855
-1.2187
0.026271
-0.93512
0.010936
-0.57775
-0.085649
1.3207
-0.86811
-1.1473
1.2756
0.76265
-0.48761
2.0886
0.087352
0.11651
-0.59941
0.29052
0.35609
-0.92943
0.41268
0.37618
0.24971
-0.45332
0.075088
1.4238
-0.76183
1.2843
-1.437
-1.7145
-0.40121
1.29
-0.74953
2.0208
-1.4841
-2.1213
-1.6049
1.7207
-0.57745
-0.15998
0.25526
1.1105
-0.63426
0.13621
0.84257
-1.0517
1.6941
1.8402
0.732
1.7993
-0.37293
1.2263
-0.27827
0.68961
-0.72629
-0.079912
-0.74593
-0.60966
-1.5262
0.043242
-0.75406
-1.4747
1.2331
0.30825
-1.1015
0.31385
0.11069
-0.97576
2.0239
-0.49241
0.27842
-0.38
-0.26285
1.0565
-0.32504
0.13932
-0.037424
0.044592
-0.27989
-0.66339
0.74331
1.153
-0.038762
-0.20749
-0.96432
0.1056
0.12019
0.71673
-1.6281
0.67854
1.2237
0.45054
0.88896
-0.56751
-0.24138
0.88031
0.029762
-1.9589
-0.015749
-0.60603
0.85798
0.75869
0.68654
1.3322
-0.084534
1.9339
-0.19817
-0.22571
-0.25512
-1.1672
-0.53699
-1.2404
-0.31675
1.292
1.7119
0.49718
-0.44298
-0.96319
1.1548
-0.036028
-0.79738
0.88078
2.7239
-0.040869
-0.77657
0.90548
-0.56712
-0.57989
-0.81324
1.0964
-0.79981
-0.21238
-0.61892
-1.7833
-0.64005
1.3032
0.1738
-0.97034
-0.49319
0.29348
0.35251
-0.69725
-1.9296
-0.14232
2.7306
1.5467
-0.0090479
0.069018
-1.0972
0.63767
-0.89541
2.0935
0.40727
1.2958
1.2014
0.047681
-0.60118
1.1976
-0.17062
3.0345
-1.1484
-0.14669
-0.18016
1.6228
1.005
-1.0195
-0.49124
0.98348
-1.3514
-0.33369
-0.61351
-1.2026
-0.18257
-0.52886
-0.53089
-0.47755
0.067249
-0.48037
0.029576
-0.62782
0.471
0.36946
-1.9411
0.62069
0.88754
-1.6847
-0.077698
-0.57167
-0.54288
-0.30978
1.4017
1.5591
-0.50185
-0.82632
-0.24562
1.163
0.68375
0.63728
0.54233
-0.84209
-0.64723
2.312
-0.44436
2.1942
0.20645
-1.0785
-1.5179
0.43428
-1.4569
0.60767
-0.16244
-0.16101
0.16055
1.5328
-0.57765
-0.32302
0.084813
0.17261
0.17221
-0.3176
0.07395
0.13182
0.65452
-0.85868
1.3542
1.0909
1.2967
1.3734
0.31625
-0.48491
-1.1992
-0.69496
-0.57113
1.0601
0.46849
-1.802
-0.74302
-0.09129
1.0438
0.64436
0.83169
-0.78112
-1.9015
-0.18384
-0.27284
-0.85545
0.075395
-0.43564
-1.8403
-0.78659
1.9199
1.1057
-0.58937
-0.61331
0.2746
-0.16373
-0.15565
-0.5672
0.97158
0.81708
-1.2633
0.047105
0.86409
0.34436
0.10475
-1.3442
1.1152
1.0622
-0.71002
-0.41872
0.40642
-1.3797
1.2414
1.0631
1.1064
-0.18002
-1.2962
1.4796
0.43383
-1.6518
0.70983
0.087275
0.42
0.89354
-0.38744
-1.7916
-0.42665
-0.11237
-0.63714
-0.87141
0.70643
-0.40979
-0.28631
0.23571
1.2459
0.1548
-0.38461
-0.007787
-0.58168
-0.39365
-0.9437
-0.28134
0.26709
-0.5072
0.79778
-1.1686
-1.5402
-0.63613
-0.5572
-2.6448
-0.16119
1.3244
-0.29437
-0.15096
0.11154
0.42663
-0.59264
0.82688
2.082
-0.58621
0.2321
0.27036
-0.36449
0.72791
-0.8389
1.5406
-0.80156
-0.048508
-0.19277
-1.0247
0.61506
-0.74823
2.2629
1.2712
-1.3567
-0.68579
-1.1701
0.85191
0.63685
0.92387
0.15162
2.192
1.197
-0.62714
-0.30083
0.21175
0.32026
-1.2504
0.68315
-0.64713
-0.6362
1.0614
-0.63495
-0.91509
-0.79776
-0.49102
0.1083
0.35794
0.5462
-0.25315
-0.10398
-0.22223
0.24857
0.91996
1.4746
-0.43714
-0.14567
-1.373
0.93855
-0.57849
-0.58824
0.23181
0.27966
0.41473
0.97619
-1.466
-0.27224
0.80788
0.62406
-1.0957
1.6846
-1.0141
-0.31608
0.5431
-1.2249
-0.90031
-0.75768
-0.54238
-0.39205
-1.0708
-0.73475
0.46485
-0.26379
0.35054
0.61169
-1.0718
1.9642
2.6633
0.66287
0.23922
-0.068687
-0.93257
1.8085
0.58068
0.3116
0.34248
1.4345
0.23903
-0.86569
0.67739
-0.1649
1.0775
0.09195
0.61543
-0.48813
-1.7955
1.6353
0.8499
1.039
-2.8674
0.87676
1.3391
-0.25371
-0.18039
0.82776
-1.4528
0.13604
1.6934
0.62153
-1.8983
-0.74933
-0.92567
-1.3495
-1.2633
0.25409
4.217
0.74418
-1.3955
-1.5109
1.7015
0.38022
0.32936
-0.99537
0.45158
1.2396
0.35581
0.41262
1.1678
-0.24443
2.0274
-1.03
0.16205
-0.14342
0.43259
2.3825
-0.085917
0.36083
-0.03175
0.41021
0.1292
0.90615
-0.59225
2.2546
0.0063648
-1.991
0.67686
0.19217
0.90804
0.28763
-0.0024234
1.4315
0.35771
-1.149
0.69138
-0.95576
-0.41643
2.0149
1.4628
-0.37766
-0.36876
-1.8612
0.97232
-1.6738
0.004586
-0.6682
-1.068
-0.14023
-0.20288
1.6163
-1.5799
-3.0656
-0.67443
-1.3088
-0.46879
2.1127
-1.3418
-0.80233
-0.26061
0.64043
0.43355
0.85813
-0.50095
1.1048
-0.95138
0.99093
1.6388
-0.10196
-0.15049
0.94229
-2.5955
-0.12107
-0.56119
-0.77057
1.6551
-1.0208
-1.9816
1.5701
-0.47052
0.094537
2.0973
0.33592
1.036
-0.49776
0.052079
0.93838
-0.38396
-0.64155
-1.5158
-1.9297
0.72602
-0.56929
0.60983
-0.02795
0.40961
-0.88533
0.77736
-1.8122
0.4508
-0.039662
0.50606
0.65887
-0.65714
-0.69691
0.30499
0.42902
1.5139
-0.016265
0.53364
1.5908
0.080815
-0.41656
-1.5375
1.5947
0.91756
-0.60462
0.7229
0.96834
-0.23018
-1.4377
2.0558
-1.4355
0.21552
-1.8456
0.56876
-0.71055
1.5764
1.9506
0.46259
0.30451
0.75459
0.076309
-1.2302
0.031716
0.80724
-0.61981
-0.48345
1.3063
0.1122
0.43537
-0.54096
0.31944
-1.2173
-0.96872
0.88225
0.91388
1.776
-0.014742
0.1435
-0.34853
0.71933
0.11745
0.02944
-1.0562
0.32318
-0.33854
-0.31852
-1.0749
1.4029
-0.36726
-2.1593
0.7173
0.97952
1.5347
0.66303
1.265
-1.3506
-0.1688
-0.33576
0.098268
-0.3204
-0.99295
0.97731
-0.70564
-1.6334
0.28841
-0.12334
-0.73173
-0.04019
1.6274
-1.15
0.89429
1.5358
0.31566
1.0231
2.874
0.53374
0.5027
0.97391
0.55509
-0.069085
-1.0437
-0.40495
-0.93193
-1.6028
1.2153
0.25889
0.19584
0.31934
-1.0865
0.11654
0.18453
-0.038413
-0.77976
2.1758
-0.29357
-1.8547
-1.7274
-0.18587
-1.1749
0.81315
1.0029
-0.44257
-0.89015
0.1733
-0.71256
1.8703
1.377
-0.53333
-0.46438
-0.88951
1.276
1.5517
3.1096
-0.25155
-0.91733
-0.20452
-0.62926
-2.4523
-1.4039
1.2191
-0.9618
-0.98137
0.26136
-0.84367
1.0742
-2.6575
0.11139
0.12177
0.073744
-2.0115
-0.47698
-0.73306
-0.031837
-0.85973
-2.2685
0.60929
-0.78555
-0.28294
-0.37233
0.10884
-0.19994
0.74918
-0.81039
-0.038135
1.4253
1.5644
-1.3047
0.84964
-0.40254
0.37047
-0.020117
0.02285
0.49003
0.16688
0.38774
0.87813
0.57736
-2.4865
-0.031261
0.10605
1.2117
0.74324
0.50576
0.74946
-0.040985
0.018307
0.98852
1.7761
-1.0727
-0.34839
-0.28065
0.4408
-1.1547
0.9132
1.2895
-1.8165
-1.6868
-0.51651
-0.26395
0.57651
-0.1875
-1.7787
0.69389
1.863
1.2856
-0.026086
0.96603
1.2589
-2.1049
0.90839
-2.1459
-1.1015
-0.30999
-1.7264
1.0233
0.68036
0.82583
0.16989
0.27053
0.61816
-1.6872
0.17247
-1.0572
1.1977
0.44461
-1.0722
1.1454
-0.53391
0.46201
-0.051164
-1.8148
-0.065247
0.54532
-0.17722
-0.33105
-1.4843
-0.039232
0.96637
-0.70884
-1.3249
2.153
2.9284
0.14764
1.36
-0.074247
0.20187
0.83001
-0.22058
1.8427
0.45819
0.15063
0.49376
-1.6841
0.82622
1.2559
1.7141
-0.13653
0.66289
-0.38878
-0.075687
-1.9424
-0.15165
1.4759
-1.6074
1.028
1.5416
0.41728
0.058032
-0.37271
-0.90633
-1.2603
0.17675
-1.21
-0.16425
1.0188
0.5723
-0.19903
-0.17185
-1.8902
-0.94651
-1.0571
0.87195
0.3757
0.2236
-0.37079
1.338
0.97935
0.35767
-0.2685
0.50958
0.01347
-0.73262
0.58668
0.64309
-1.1672
-1.145
-0.0096068
0.83234
0.89256
1.5382
0.31493
1.2026
1.357
-1.253
-1.3386
0.76289
0.44823
-0.010501
1.3727
-0.16896
-1.3286
0.56392
0.18519
1.1406
0.26626
0.10524
-1.4119
-1.2792
-1.5054
-0.46733
0.60425
0.16847
0.046059
-1.1682
-0.74698
2.0346
0.73529
0.70272
-0.77699
1.3317
-1.35
0.097294
-0.28707
-0.11455
1.5122
-0.95467
-2.0096
-0.70778
-0.48969
2.152
1.2286
0.38392
1.4171
0.45154
1.3972
-0.6249
0.69248
-0.17375
-0.1689
0.8151
1.3335
-2.0402
-1.3239
-0.31983
2.3491
-0.62207
-1.1318
1.6335
0.037598
0.32944
-0.81163
1.4707
-1.3777
0.43648
0.84537
1.0822
-1.3908
0.4556
-0.24577
-0.34754
0.40925
-0.73668
-1.0877
0.36014
0.29006
0.13331
0.2137
0.60014
