1.8494
-1.3307
-0.059132
0.12279
-1.1704
-1.4656
-0.72611
-0.23434
0.29537
-0.76069
0.12428
-1.3702
-2.8511
-1.1306
-1.4042
-0.75249
-0.30366
-0.44859
-1.0504
1.4569
-0.72403
-0.094372
1.0388
0.42489
0.88843
0.12226
0.17385
0.57351
-0.29996
0.47506
-0.81444
1.1478
0.39929
0.77761
-0.98283
-1.0134
-0.75175
0.83505
-0.18316
-0.0019526
-0.99207
-1.0451
-0.81943
1.2118
2.1362
1.515
1.5552
-0.6748
0.82845
-0.15553
0.42311
-0.44544
-0.62466
0.28128
-0.8982
0.56867
1.7428
-0.61641
0.59171
-0.52153
-2.07
-1.267
0.13099
0.27715
-0.24765
-1.896
0.96573
0.19221
1.3517
0.41921
-1.5853
-1.0325
0.048915
-0.12072
0.19283
-0.17522
2.5277
0.057416
0.54407
-1.6681
0.30207
-0.36301
0.27967
-0.43925
0.29468
1.407
-0.65561
0.0018752
-0.30337
-1.2892
-0.7595
1.9824
-2.3899
0.44998
-0.21497
-0.12513
-0.30313
-0.7059
1.3145
2.9866
-0.02236
-1.4804
-0.19706
0.85991
-0.75758
-1.1844
-0.50861
-0.91892
0.79837
0.11973
-1.7595
-0.92581
0.85075
-0.52853
1.7795
0.7894
1.3286
0.45503
-0.61787
0.42392
0.71878
1.5547
0.82198
-1.7384
-1.1205
0.76019
-0.73989
-0.95484
1.1059
0.10383
0.15289
0.34331
-0.57936
2.6866
0.83957
0.80294
-0.41514
-3.4682
1.3663
0.54956
1.0233
-0.83321
-0.72103
0.93932
-1.9939
-0.89138
-2.1726
0.25418
0.019833
-1.4794
-0.42544
-0.048396
-1.7262
-1.7907
1.8892
-1.2112
0.52076
0.16635
0.77658
0.22968
-2.2461
0.025879
0.57489
0.14497
0.048497
0.054467
1.231
0.32175
-0.18866
-0.66491
1.5392
-0.94387
-0.77568
-0.39323
-1.5455
-0.37094
-1.7419
1.5526
1.5859
-2.1711
0.23612
0.1195
-0.14585
-1.3118
-0.051474
-0.42888
-0.46758
-2.2786
1.2453
-0.63373
0.28003
-1.7011
0.9331
0.19651
0.32651
1.6227
1.051
-1.7634
0.70207
-0.2164
-0.77916
0.74041
0.74042
0.053053
0.9904
1.7124
-1.036
-0.14312
-1.1449
-0.047859
0.070893
2.5008
-0.36374
-1.8026
0.32677
1.3588
1.3363
-0.0067734
0.7877
0.099976
0.079426
1.8321
0.52588
-0.53484
0.48802
0.26862
0.12876
-0.76279
0.28842
-0.67311
-1.2895
0.48319
-0.7786
1.5185
1.5216
0.37539
0.73371
-1.8866
0.5926
0.84868
-2.579
-0.31531
0.84906
-0.21289
1.556
-0.35685
-0.78791
1.3817
0.0020439
-0.57148
1.5783
0.43954
-0.66597
2.0422
0.93288
-0.14505
0.12085
0.17957
-0.14124
-0.31049
-0.8532
1.2559
1.9574
0.19523
0.055541
-0.13815
1.3845
1.4986
-0.90634
0.37352
-0.76127
0.58725
0.37768
-0.10498
-0.58897
-0.014178
1.3875
-0.89667
-1.0635
-0.45336
0.78624
0.93169
1.7158
1.9072
0.98382
-0.38722
-0.37111
1.5015
0.065497
-0.56338
-0.18198
-1.306
-0.5117
1.1495
3.1169
0.13345
-1.1922
-0.4925
0.19647
-1.866
1.0797
0.024914
0.27406
1.2782
0.89405
0.48469
0.093666
-0.93163
1.2863
-0.29771
0.012872
0.39704
1.8818
1.5331
1.2027
-0.86256
1.529
2.1505
-0.10013
2.4445
-0.28523
0.45115
0.74352
0.94498
0.79821
-0.012979
-0.54004
0.78423
-0.23142
2.7063
-1.9282
-0.17552
0.11054
-0.072362
0.798
0.99531
1.2893
-0.54326
0.26815
0.45926
0.061931
0.25872
-1.2955
-1.1556
0.017934
-0.47358
0.90878
0.33197
1.6503
-0.15431
1.2788
1.2773
0.78673
-0.24889
1.4125
-0.72594
0.96927
1.2693
-0.80656
0.22498
-0.85899
0.41257
-0.86058
-0.0039451
1.2651
1.2158
-0.47571
2.0077
-0.56488
0.73398
1.3069
-1.1253
0.41204
-0.65408
-0.48259
0.86713
-0.21753
-0.14609
-0.67681
-1.4093
-0.78491
-0.50942
-0.70156
-1.0427
1.6162
-1.8905
-0.649
1.5356
0.019177
1.1162
-1.076
-0.49104
0.45249
0.517
-1.0794
-0.61112
1.2573
-0.61314
-1.1173
2.1706
-0.30518
-1.5186
-1.3826
-0.22936
-1.3017
-0.2459
-0.18048
0.90971
-0.47314
-1.2879
1.0994
0.2073
-1.2519
-1.3933
0.07797
0.99031
-0.80502
-0.06902
0.89607
2.0043
-0.11856
-0.29913
-0.74175
1.478
-0.48403
0.63546
0.47285
1.0191
-0.45532
1.4032
-0.8064
1.7224
-0.43695
-1.1826
-0.99018
-0.14458
-2.0164
1.0998
-0.59337
-0.33394
0.10611
-0.31005
0.43075
2.232
0.10762
-0.11189
0.67334
-0.39591
0.74526
-2.4376
0.27347
2.6337
-0.0034019
-0.88717
0.97916
0.47041
0.046334
1.0268
-0.2134
-0.47814
-0.19071
-0.56609
0.7389
0.97407
-0.62579
0.19071
0.57742
-1.54
-0.25548
-0.43617
0.64397
1.4017
-0.33042
-1.4078
0.29666
-0.78248
1.555
-1.8026
0.29089
0.40915
-0.68539
-0.39215
1.2409
-0.26172
-0.88712
0.036537
-2.0054
0.17152
-0.34064
-0.33844
0.32854
0.68801
-0.53959
1.2213
-0.22815
-2.04
-2.0976
0.60083
-0.70112
-0.75843
0.27113
-0.84764
-0.29989
-0.38305
1.7098
-0.41232
1.1289
0.1378
0.058873
-1.1473
-0.20526
0.41329
0.22942
0.34527
-1.5865
1.2418
0.17998
-1.2793
-0.34999
0.85616
0.34173
0.0095279
-0.80473
0.92806
-1.4915
-0.28167
1.4141
2.7886
0.28374
0.93637
0.97258
0.30285
0.55792
-0.048713
-0.062436
1.1229
0.35725
-1.4076
-2.4619
0.41925
-0.16044
-0.83803
0.15276
1.3646
-0.32922
0.4659
-0.8874
1.5333
0.81346
0.2191
-0.91816
0.3868
0.64542
-0.54213
-0.6657
-0.37105
0.65457
-0.19521
-1.065
-1.347
-0.37805
1.0334
0.21391
1.924
0.89171
0.11017
-2.317
0.040064
-0.21824
-0.54608
-1.0324
0.061638
2.1025
1.4709
0.019802
-0.72537
-0.80794
-0.3241
-0.16501
-0.98847
1.3156
0.075309
0.47477
-0.52548
-1.1595
-0.15578
-0.22159
-0.44449
-0.75492
0.57549
-0.023162
-0.68975
-0.49328
-0.91767
-1.0795
-1.5637
0.099353
0.30546
-1.8316
-0.22823
1.1276
-0.50188
-1.2715
-0.72329
-0.69866
0.44227
-0.53398
-1.7098
-0.75233
0.71001
0.7717
0.47276
-0.80192
-1.4642
0.61478
-0.29341
0.28812
0.079161
1.7908
1.3198
-0.2812
-0.2117
1.2821
-0.88386
1.0296
-0.62265
-1.0727
0.14115
-0.65314
-0.9666
0.9868
0.99465
-1.0377
-0.24681
0.56731
0.68068
-0.12221
-0.35944
0.69442
-0.43504
0.031963
-0.38493
0.45937
0.37815
1.302
1.6301
-0.52949
-0.14763
0.51373
1.4059
1.0864
1.705
-0.17026
-0.8155
0.53051
1.5987
0.42487
-0.22917
-0.76495
-0.48353
-0.14645
-0.71652
-0.42132
-0.68566
1.2027
0.58719
-0.51748
0.88419
-1.2717
0.89519
1.2491
1.7273
0.5154
-0.78388
0.86223
-0.90418
1.4843
-0.34371
-0.79657
-1.3607
-0.52728
0.5896
0.30322
2.0014
-0.45803
-1.0415
-0.065617
-0.65239
-0.26961
-0.2031
1.9194
-1.1259
-1.2628
1.0613
-0.68416
-1.1221
-0.031414
-0.60659
-1.6484
-0.87301
0.45607
-0.79777
-1.199
-1.9177
0.42892
-0.28702
0.88074
0.51004
1.2602
-1.4125
0.34471
1.2781
0.18971
0.10396
1.8468
0.1424
-1.2717
-0.16846
1.6809
1.5522
1.5069
-0.91206
-0.53105
1.104
-1.1485
2.5764
-0.068157
0.31286
0.29401
-0.60313
-0.16471
-1.2198
-1.0858
1.1724
0.38755
-1.0767
2.0416
-0.48597
-1.6155
-1.6769
-0.58286
0.99212
-1.3342
0.97804
-1.1149
-0.41362
-0.89558
-1.1655
-2.0282
0.5545
0.4883
-0.58317
0.15726
0.81314
-0.71797
0.67706
0.7738
-0.13628
-0.13626
-0.25287
1.4941
0.20523
0.58506
0.259
0.68382
0.43507
-0.37576
0.061702
0.38921
0.59913
0.30153
2.447
-0.086616
-0.91057
0.89356
-0.61361
-0.45728
0.9188
-1.3908
0.26611
-0.38908
-0.052426
-0.52178
0.024504
1.7594
0.47723
-0.31201
1.5186
0.79873
-1.3682
0.94597
-0.44251
1.4832
0.16224
0.25578
1.3568
-0.019257
-1.2535
-0.78184
0.85507
-2.4122
0.26062
0.81086
-1.0853
0.71392
0.56423
2.1046
0.70558
0.66966
-0.35889
-0.74427
0.12682
-1.833
0.29255
-0.7039
1.8588
-0.562
-0.74354
-0.22497
-1.0989
-0.04436
1.2499
-1.3079
-1.4751
0.29748
-0.91264
-0.31869
-1.3901
0.26141
2.8301
1.1238
-0.16419
0.14239
-0.67881
-1.0772
-0.87681
1.0971
0.59675
-0.92394
0.33136
0.59356
0.10433
0.11897
2.7397
0.26376
-2.7726
-0.46663
0.32024
1.4221
-0.82993
-1.2909
1.0747
-0.034854
-0.10085
0.5857
0.33502
0.62326
0.29822
0.22964
1.2203
-0.4922
0.042864
1.6146
0.070902
0.29453
0.27724
2.0149
0.67652
-0.34177
-0.70004
-1.5067
2.0875
-1.6971
-1.5124
0.28768
-0.678
0.5679
1.3553
0.89533
-0.48022
0.096334
-0.57975
-0.17373
0.92215
0.20452
-0.37397
-0.14272
0.11596
0.81297
-0.25496
2.7606
0.87637
-0.37373
-1.3774
-2.855
0.057727
-2.6679
-0.21583
-0.5311
0.58524
-0.19908
-1.1141
-1.1593
-0.33117
0.95636
-0.96961
0.65577
0.3871
-0.27085
-0.98658
1.4995
0.0053297
-0.58119
1.4254
0.41683
-1.2293
0.28807
-0.78774
0.24372
-1.0958
-0.36914
-0.62696
1.9792
-0.67135
-0.45231
-0.59648
0.15521
0.069099
2.2235
1.5134
0.13901
0.47744
1.5847
-1.1353
-0.10952
1.7968
-0.047183
-0.45866
0.49548
-0.73334
0.87085
0.89794
-0.023958
-0.071352
-0.092842
-0.61524
1.4705
0.08438
0.21687
-0.049303
-0.47297
-0.26061
0.93009
2.138
-0.78932
-0.14238
-0.35174
-0.98334
0.82932
-1.2355
-0.039582
-2.4039
-0.36067
1.1003
0.22933
-0.030155
0.79807
-0.16804
0.03621
-1.2263
-0.6787
1.4663
-1.4748
-0.56358
0.42068
0.34237
-1.458
1.1437
0.18732
-0.72238
-0.14382
-0.29452
0.5606
0.67737
0.1717
1.9045
-0.28863
0.46979
-1.636
0.51093
1.1216
0.48885
-0.15192
0.13383
0.25137
-0.86275
-0.050494
1.7711
-0.2589
0.1309
