0.80969
-0.20513
1.1384
-1.0749
-0.76962
-0.35531
0.22096
1.1364
0.87177
1.0556
0.58954
-0.90313
-1.1802
0.76996
0.55365
-0.34515
-1.6512
2.4867
0.68126
-0.24407
0.033172
-1.6822
-2.4944
0.79496
-1.1621
0.73117
0.0269
-1.3027
0.24349
-0.61715
0.79525
0.63349
-0.77086
-0.32862
-0.35165
0.32908
-0.032855
-0.74208
0.082635
-0.80681
1.6189
-0.9766
-0.63773
0.42075
-0.28292
-1.3563
-1.101
-0.77802
1.0919
-0.027404
-1.1161
-0.1933
-0.030526
-0.18499
0.8804
-0.10478
-1.1062
-1.2039
-0.88415
-1.5482
-0.84481
-0.3482
0.50257
-0.89063
-1.5943
-1.2599
0.99352
-0.071236
-1.5909
0.86102
-1.1669
0.87399
0.54753
0.84123
-0.90258
-0.22863
-2.6737
-0.047128
-0.13318
0.1809
-0.34802
0.4131
-0.69762
-0.36618
-0.25566
0.53933
1.2968
1.8185
-1.0452
1.6104
-0.012614
-1.1219
0.67873
0.62589
-2.0573
0.43175
0.71782
-0.81171
-0.91903
1.5811
0.44024
1.4004
0.58966
-0.90274
-0.017905
0.7852
0.77549
-0.64543
0.46359
1.1733
-0.019966
-0.66388
-3.1702
-0.22445
0.068353
-0.35024
1.3761
-1.4894
0.42427
0.10568
-0.19914
0.0043091
-0.98082
-1.2979
-0.24945
-1.7262
0.24312
0.85916
-0.80966
1.4154
0.51406
-0.60152
0.20893
0.17329
-1.39
-0.093922
-0.32717
0.89516
1.7144
-1.2459
-0.20005
-0.022929
0.1024
-0.0097952
-0.70637
-0.28829
0.89039
0.020001
1.1816
0.53705
-0.48967
-0.9201
-0.5359
0.58193
-0.88188
-0.62782
-0.74456
-0.57942
0.3909
0.061762
-0.72869
-0.42162
-0.34296
-1.6433
-1.7098
-0.0046519
-0.28105
-0.63227
-0.61815
0.7816
-0.12782
-0.95893
0.59769
-1.7135
-2.5817
0.95552
-0.793
-1.1813
-1.3137
0.99689
2.346
-0.69802
1.7797
-1.6324
1.1867
-0.83741
0.16993
-1.0854
-0.292
0.020833
-0.3408
-0.72929
-0.032289
-0.024673
0.55368
0.7058
-0.77434
-0.064102
1.8101
-0.82872
1.3238
0.85774
-1.9987
-1.02
0.13473
-2.1004
-1.0112
0.15722
-0.88525
-1.7159
0.30491
1.1441
0.0038808
0.85872
0.20398
-0.1542
0.31536
-0.53049
-1.1436
-0.48679
0.29496
-0.33768
-0.98113
-1.8277
-0.98358
0.84251
0.79951
-0.44178
-0.27484
0.19382
1.4549
0.43961
-0.886
0.41633
0.52398
-0.26715
-0.29432
0.015884
1.1052
0.51485
1.1601
0.42531
0.31726
-1.5695
-0.085431
0.20031
1.3533
-1.0091
-0.94926
0.19754
-1.553
-0.28443
-0.57381
-1.6683
-0.055569
0.7916
0.15963
-0.73544
0.29889
-1.4364
-0.22375
0.40494
-1.8696
-0.02165
-0.12795
0.50327
0.06054
-1.0886
1.1078
-0.049478
0.22811
0.73204
0.0031313
1.2895
-0.98855
0.72383
1.1902
1.3324
1.4457
-1.6104
-0.77657
0.80313
-0.78931
1.3144
-1.698
-0.62864
-1.268
0.087941
-1.4772
-0.283
1.2944
1.0828
0.71051
1.051
0.0069503
-1.5978
-1.2445
-0.00062381
0.79931
-0.33663
-1.1473
1.0445
0.31625
0.08728
-0.22708
-0.60979
0.72262
1.1635
-0.38274
0.88312
-0.070424
0.050226
-0.044023
0.77525
1.6853
0.39693
-0.54009
0.54686
0.15404
-0.12115
-0.4061
0.71251
-1.0568
0.1762
0.081684
1.4375
1.9183
-1.8549
0.86287
1.6726
-0.62897
0.3722
-0.42241
-0.59807
1.3429
-0.66064
0.81966
-0.036913
1.4748
0.52388
0.53734
0.19968
-2.6581
0.7857
1.1376
-0.71602
-1.3434
-2.3406
2.7002
1.4666
-0.86581
1.0941
-0.68719
-0.80523
-2.4768
0.030722
-0.0058561
1.5196
-1.2539
0.95933
-1.2053
-0.035548
0.36519
0.60325
-0.50974
0.83116
-0.59438
0.069727
0.8455
0.72083
0.38807
0.50715
0.90861
-0.47337
-0.43925
1.5199
1.5543
-0.12378
-0.97519
-0.36436
-0.37432
-0.74294
0.5862
-1.228
-0.64858
1.9348
-1.049
0.68297
0.47711
-0.01651
0.0054736
-0.61919
-0.94109
0.84488
0.93228
-0.27012
0.31495
1.5617
0.83208
2.2073
-0.60198
-0.34516
-0.82164
-1.8711
-0.87764
-0.48145
1.0373
0.34889
0.96585
-1.8778
0.5804
1.7726
-0.14036
-2.0153
-1.0123
-0.49474
-1.1051
0.24565
2.0728
1.4156
-1.2916
-1.9534
-0.19317
-1.9206
-1.0365
0.65578
0.82459
-0.56803
2.955
0.23678
0.24174
-1.5355
1.6509
0.17159
-0.97781
0.049478
0.032221
1.4797
0.35409
0.34892
0.35723
0.58137
0.33865
0.066612
-0.37247
-1.377
-0.60769
-1.1334
0.5717
0.080504
-1.1904
-1.2912
-0.21212
1.0418
-0.27354
0.84539
-0.53314
-0.42314
0.8931
2.0105
-0.45141
1.6374
0.008211
-0.093281
-0.076266
0.090711
0.35933
0.65781
-0.42824
-0.91243
0.071654
0.27371
-0.23118
-0.53867
-0.93504
0.43771
-1.9206
0.38272
-0.17989
0.92954
0.0099722
-2.0938
-0.58053
-0.51961
0.41397
-0.49412
0.092515
-0.42493
0.1919
0.29815
-0.71905
-1.4117
-2.4286
0.94425
-0.11053
1.6752
-1.7413
-0.087118
0.061963
-1.3079
0.79905
0.63886
-0.80695
-1.5037
-0.12755
0.51118
0.93961
0.2657
-1.4257
0.93282
-1.7551
0.60533
-0.61754
-0.11675
1.191
2.6355
0.84744
1.6216
0.56641
-1.0152
-0.17649
-0.031598
1.5213
-0.86961
0.0098553
0.0026387
-0.48357
-1.1356
-1.044
1.3176
0.015044
0.042681
1.5908
0.071431
-0.57522
0.27568
-0.29102
-1.3217
0.039695
0.58802
0.97409
0.49658
-0.15422
-0.26226
-1.1861
-1.2071
0.28314
1.5205
0.23969
-0.39616
-0.21049
0.65727
0.26717
0.0076246
1.944
-2.6353
0.43323
-2.293
-2.1795
-0.28139
0.15217
-0.47967
0.31459
0.93164
0.37151
0.29099
-1.0644
1.3066
-0.32596
-1.1457
0.10139
-0.55477
-0.093103
0.28811
-0.70022
0.93095
-0.35808
1.5105
1.3032
-0.59879
-0.48181
-2.1079
-0.80895
0.054842
-1.4701
-0.6956
-0.088688
1.6805
0.25897
-0.71894
1.343
0.21613
0.81581
0.067572
0.21137
-1.3731
-0.66335
-0.27366
0.51896
-0.72183
0.32701
0.41063
-0.80328
-1.5262
1.5785
1.3985
-0.41129
0.87401
0.14981
0.76923
-1.2394
-0.10702
1.7625
1.3484
1.4758
0.33631
1.3228
0.57261
-0.56675
2.3145
-0.5436
-1.3423
0.067155
-1.5303
0.71626
-0.40121
-1.0272
0.44299
-0.1828
1.3731
1.6008
-0.52391
-1.2189
0.6104
0.059274
1.2873
1.1859
-0.18312
0.29954
-2.6117
-0.46809
-0.43524
-0.85472
-1.4791
1.2731
1.8768
1.4355
0.54588
-0.7981
1.6349
0.85692
0.61926
-0.83487
0.36102
-0.84354
-0.15185
0.45599
-0.70711
-0.92231
0.52375
-0.46662
0.94734
-0.61498
-0.18987
-1.2156
1.1041
-0.16938
-0.2469
-0.80994
-0.39646
-0.9177
-0.33024
-0.47491
1.0179
1.0964
0.83593
0.98395
-0.43784
0.14939
0.25192
-1.1565
-0.33043
-0.48339
-0.58247
-2.0482
1.7345
0.11294
-0.010772
-0.37916
0.77175
-0.07451
-0.084679
0.77285
-0.082164
0.11722
0.4088
-0.58579
1.1848
-0.23656
0.16468
0.48945
0.25626
-0.018725
-0.29743
1.7853
-0.97669
-0.12092
1.1275
-2.0615
-0.88637
1.5074
0.77332
1.0943
0.50087
-2.194
-0.63859
-1.3508
-0.66155
1.6545
-0.44815
2.8338
-0.34712
-0.8056
0.98916
1.3177
-0.62866
-0.1915
-0.046261
1.0905
0.22695
-1.7113
-1.3459
1.5473
-0.058988
-0.26778
1.6332
-0.54672
-3.0319
0.70848
1.1792
1.2317
-0.30835
-0.01832
0.028307
-0.51269
0.34737
2.5628
0.77974
1.0249
1.1278
-0.014197
-1.163
-0.13696
0.05195
-0.16907
-1.0009
0.22423
0.021103
0.96105
-0.16849
-0.94429
-0.75693
0.052206
0.90851
-0.43858
0.49041
0.074805
0.55797
0.21461
-1.3773
0.65455
0.381
2.2264
0.76864
-0.92055
-0.084424
-0.25314
0.38876
0.629
-2.7752
0.48715
0.14422
-1.0361
-0.19156
-1.4475
0.34754
-1.0309
0.38209
-1.8639
-1.262
-0.7135
-0.84695
0.15805
-2.6708
-0.47008
-2.1665
0.7871
0.48996
2.0523
-1.1836
-0.46145
-0.42338
1.9952
1.2205
0.7906
0.69383
0.55295
0.99299
0.9589
1.0893
2.2541
0.68017
1.6403
0.63836
-0.7167
-1.1949
2.9174
-0.64608
1.2299
0.60254
-1.4394
0.39771
-1.3837
1.1495
-0.28609
-0.051439
1.909
0.19247
-0.2071
-1.4445
-1.0372
-1.7613
-0.46619
-0.68947
-1.1779
0.73059
-1.3893
0.84876
0.58265
-0.03728
-1.9654
1.5619
-0.57397
0.015697
-0.37053
-0.13742
-0.47811
0.31501
0.53022
0.48293
-0.72906
1.7025
-0.080311
0.029715
-0.49474
0.87216
1.0962
1.3036
0.48146
-0.99038
0.64166
1.7893
0.14242
1.7507
-1.3747
0.78746
0.47793
-0.27496
-0.69632
0.3778
-1.4695
2.2122
-0.30484
-0.030085
0.57704
1.0132
1.4326
0.12278
1.0656
1.1602
0.35752
1.1325
-0.64066
0.40134
0.91802
-0.15884
1.2148
0.2892
-1.671
-0.36077
0.79468
1.4645
0.15111
0.56093
-0.802
0.19933
-0.55768
-0.024012
0.53505
-0.35609
2.4077
-0.36436
0.11655
-0.77343
-1.0134
0.30183
-0.47943
-1.3232
-1.0475
-0.92646
-0.83249
-0.49452
1.82
-0.17232
-1.4563
-0.13452
0.56084
-0.58547
0.67576
0.27371
0.08795
-0.12805
-1.9347
-0.56149
-2.5483
-0.12719
-0.21381
1.0915
-0.2111
-2.0657
1.2464
1.3615
1.2517
0.47971
0.43957
-0.71256
1.8223
1.2653
0.50857
-0.3804
-0.069421
0.67453
0.7562
0.090219
0.89299
-0.69407
0.92497
1.1678
-0.80167
0.70112
-0.28527
0.74677
-1.2088
-2.8087
0.065308
-0.70905
-0.96743
-0.19451
-0.13627
-0.75838
0.19586
-0.31308
-1.9218
0.077672
-0.62115
-1.7411
-0.066703
-1.7343
-1.66
-2.0149
1.7008
-1.3944
-2.715
0.77213
-0.67898
-1.2265
0.25384
-0.98555
1.7519
-0.9741
-1.5235
0.6322
-1.4043
1.3032
2.0083
0.25604
1.7567
0.49098
-0.62037
-0.51973
0.87244
-0.74808
0.38285
1.0896
-0.067157
-0.26898
-0.35974
0.17609
0.21272
-1.2196
